               -133.17002868652343750000                  0.87500000000000000000                 -0.00019672505732160062                  0.87519669532775878906
               -117.17002868652343750000                  0.68750000000000000000                 -0.17955541610717773438                  0.86705541610717773438
               -101.17002868652343750000                  1.00000000000000000000                  0.14138974249362945557                  0.85861027240753173828
                -85.17002868652343750000                  0.87500000000000000000                  0.02460039779543876648                  0.85039961338043212891
                -69.17002868652343750000                  0.81250000000000000000                 -0.03062677569687366486                  0.84312677383422851562
                -53.17002868652343750000                  0.68750000000000000000                 -0.15012368559837341309                  0.83762365579605102539
                -37.17002868652343750000                  1.43750000000000000000                  0.60271137952804565430                  0.83478862047195434570
                -21.17002868652343750000                  1.25000000000000000000                  0.41449841856956481934                  0.83550155162811279297
                 -5.17002868652343750000                  1.06250000000000000000                  0.22197510302066802979                  0.84052491188049316406
                 10.82997131347656250000                  0.87500000000000000000                  0.02460038661956787109                  0.85039961338043212891
                 26.82997131347656250000                  0.81250000000000000000                 -0.05285125598311424255                  0.86535125970840454102
                 42.82997131347656250000                  0.68750000000000000000                 -0.19771844148635864258                  0.88521844148635864258
                 58.82997131347656250000                  0.81250000000000000000                 -0.09691649675369262695                  0.90941649675369262695
                 74.82997131347656250000                  0.75000000000000000000                 -0.18694438040256500244                  0.93694436550140380859
                 90.82997131347656250000                  0.81250000000000000000                 -0.15393824875354766846                  0.96643823385238647461
                106.82997131347656250000                  1.37500000000000000000                  0.37873125076293945312                  0.99626874923706054688
                122.82997131347656250000                  1.12500000000000000000                  0.10032691061496734619                  1.02467310428619384766
                138.82997131347656250000                  1.18750000000000000000                  0.13759173452854156494                  1.04990828037261962891
                154.82997131347656250000                  1.12500000000000000000                  0.05459198728203773499                  1.07040798664093017578
                170.82997131347656250000                  0.56250000000000000000                 -0.52242594957351684570                  1.08492588996887207031
                186.82997131347656250000                  1.18750000000000000000                  0.09485177695751190186                  1.09264826774597167969
                202.82997131347656250000                  1.43750000000000000000                  0.34423640370368957520                  1.09326362609863281250
                218.82997131347656250000                  1.06250000000000000000                 -0.02448293752968311310                  1.08698296546936035156
                234.82997131347656250000                  0.62500000000000000000                 -0.44950801134109497070                  1.07450795173645019531
                250.82997131347656250000                  0.87500000000000000000                 -0.18195386230945587158                  1.05695390701293945312
                266.82997131347656250000                  1.06250000000000000000                  0.02676457166671752930                  1.03573536872863769531
                282.82997131347656250000                  1.56250000000000000000                  0.55006825923919677734                  1.01243174076080322266
                298.82997131347656250000                  1.06250000000000000000                  0.07385658472776412964                  0.98864340782165527344
                314.82997131347656250000                  0.87500000000000000000                 -0.09085846692323684692                  0.96585845947265625000
                330.82997131347656250000                  0.87500000000000000000                 -0.07033938914537429810                  0.94533938169479370117
                346.82997131347656250000                  0.93750000000000000000                  0.00945867039263248444                  0.92804133892059326172
                362.82997131347656250000                  0.81250000000000000000                 -0.10206660628318786621                  0.91456663608551025391
                378.82997131347656250000                  1.18750000000000000000                  0.28234338760375976562                  0.90515661239624023438
                394.82997131347656250000                  0.87500000000000000000                 -0.02471788972616195679                  0.89971786737442016602
                410.82997131347656250000                  1.18750000000000000000                  0.28962430357933044434                  0.89787572622299194336
                426.82997131347656250000                  0.68750000000000000000                 -0.21154674887657165527                  0.89904677867889404297
                442.82997131347656250000                  1.31250000000000000000                  0.40997922420501708984                  0.90252077579498291016
                458.82997131347656250000                  1.12500000000000000000                  0.21745808422565460205                  0.90754193067550659180
                474.82997131347656250000                  0.81250000000000000000                 -0.10088147968053817749                  0.91338145732879638672
