1.55450438701773
1.59999740508852
1.64210963291028
1.6794701148495
1.71129131869549
1.73739699810709
1.75816230529063
1.77437525824141
1.78704170061547
1.79716566418547
1.80554176134392
1.81259494682064
1.8182957593892
1.82216705955405
1.82338321592225
1.82094706679836
1.81391631946394
1.80164159649159
1.78397472413202
1.76140883820273
1.73512121333834
1.70690416475241
1.67898684502773
1.65376860909794
1.63350000468709
1.61995776750757
1.61416355174904
1.61619164878067
1.62509904799688
1.63899355364838
1.6552350184182
1.67074442807767
1.68237894478661
1.68732088308561
1.68342664297641
1.66948812375822
1.64537288098671
1.61202782175325
1.57135135669644
