               -133.17002868652343750000                  1.31250000000000000000                 -0.24200437963008880615                  1.55450439453125000000
               -117.17002868652343750000                  1.68750000000000000000                  0.08750259131193161011                  1.59999740123748779297
               -101.17002868652343750000                  1.68750000000000000000                  0.04539036750793457031                  1.64210963249206542969
                -85.17002868652343750000                  1.87500000000000000000                  0.19552987813949584961                  1.67947006225585937500
                -69.17002868652343750000                  2.31250000000000000000                  0.60120868682861328125                  1.71129131317138671875
                -53.17002868652343750000                  1.93750000000000000000                  0.20010299980640411377                  1.73739695549011230469
                -37.17002868652343750000                  1.56250000000000000000                 -0.19566230475902557373                  1.75816226005554199219
                -21.17002868652343750000                  1.12500000000000000000                 -0.64937525987625122070                  1.77437520027160644531
                 -5.17002868652343750000                  1.87500000000000000000                  0.08795829862356185913                  1.78704166412353515625
                 10.82997131347656250000                  1.62500000000000000000                 -0.17216566205024719238                  1.79716563224792480469
                 26.82997131347656250000                  1.93750000000000000000                  0.13195823132991790771                  1.80554175376892089844
                 42.82997131347656250000                  1.75000000000000000000                 -0.06259495019912719727                  1.81259489059448242188
                 58.82997131347656250000                  1.75000000000000000000                 -0.06829576194286346436                  1.81829571723937988281
                 74.82997131347656250000                  1.87500000000000000000                  0.05283293873071670532                  1.82216703891754150391
                 90.82997131347656250000                  1.68750000000000000000                 -0.13588321208953857422                  1.82338321208953857422
                106.82997131347656250000                  2.25000000000000000000                  0.42905291914939880371                  1.82094705104827880859
                122.82997131347656250000                  1.75000000000000000000                 -0.06391631811857223511                  1.81391632556915283203
                138.82997131347656250000                  1.37500000000000000000                 -0.42664158344268798828                  1.80164158344268798828
                154.82997131347656250000                  1.75000000000000000000                 -0.03397472575306892395                  1.78397476673126220703
                170.82997131347656250000                  1.31250000000000000000                 -0.44890883564949035645                  1.76140880584716796875
                186.82997131347656250000                  9.43750000000000000000                  7.70237874984741210938                  1.73512125015258789062
                202.82997131347656250000                 11.18750000000000000000                  9.48059558868408203125                  1.70690417289733886719
                218.82997131347656250000                  1.87500000000000000000                  0.19601315259933471680                  1.67898678779602050781
                234.82997131347656250000                  1.43750000000000000000                 -0.21626861393451690674                  1.65376865863800048828
                250.82997131347656250000                  1.62500000000000000000                 -0.00850000511854887009                  1.63349997997283935547
                266.82997131347656250000                  1.75000000000000000000                  0.13004222512245178223                  1.61995780467987060547
                282.82997131347656250000                  1.18750000000000000000                 -0.42666354775428771973                  1.61416351795196533203
                298.82997131347656250000                  1.81250000000000000000                  0.19630834460258483887                  1.61619162559509277344
                314.82997131347656250000                  1.87500000000000000000                  0.24990095198154449463                  1.62509906291961669922
                330.82997131347656250000                  1.37500000000000000000                 -0.26399356126785278320                  1.63899350166320800781
                346.82997131347656250000                  1.62500000000000000000                 -0.03023501858115196228                  1.65523505210876464844
                362.82997131347656250000                  1.31250000000000000000                 -0.35824441909790039062                  1.67074441909790039062
                378.82997131347656250000                  2.68750000000000000000                  1.00512111186981201172                  1.68237888813018798828
                394.82997131347656250000                  1.81250000000000000000                  0.12517911195755004883                  1.68732082843780517578
                410.82997131347656250000                  2.00000000000000000000                  0.31657335162162780762                  1.68342661857604980469
                426.82997131347656250000                  1.93750000000000000000                  0.26801186800003051758                  1.66948807239532470703
                442.82997131347656250000                  1.31250000000000000000                 -0.33287286758422851562                  1.64537286758422851562
                458.82997131347656250000                  1.75000000000000000000                  0.13797217607498168945                  1.61202776432037353516
                474.82997131347656250000                  1.37500000000000000000                 -0.19635134935379028320                  1.57135140895843505859
