-34.5109499945507
0.139908829863757
-0.309827866005449
1.83483677738734
0.270470113886745
-2.99276043239506
1.18089723520846
-1.38523937321207
4.19422350235018
-0.00868014730407651
-1.86064787712432
0.27008466231419
3.82599748249984
3.81009498126076
-0.58923085932399
-1.74827491385636
-1.73301412457262
1.51349950595018
3.23387125540538
1.23173667397575
691.747274751369
933.020219210459
64.5411606308724
6.23855639660108
-0.269437367010667
-0.800085595595448
-0.543196443809123
-0.998625200852217
-0.789045585307647
3.65204456663004
3.82965095505148
2.49903619586514
2.54000123472717
0.26879046848569
-1.43730562790108
-0.0151095119261555
-2.96547425378395
-0.790492984000593
-13.9305613883709
