               -133.17002868652343750000                 48.50000000000000000000                -34.51094818115234375000                 83.01094818115234375000
               -117.17002868652343750000                 83.37500000000000000000                  0.13990883529186248779                 83.23509216308593750000
               -101.17002868652343750000                 83.18750000000000000000                 -0.30982786417007446289                 83.49732971191406250000
                -85.17002868652343750000                 85.62500000000000000000                  1.83483672142028808594                 83.79016113281250000000
                -69.17002868652343750000                 84.37500000000000000000                  0.27047011256217956543                 84.10453033447265625000
                -53.17002868652343750000                 81.43750000000000000000                 -2.99276041984558105469                 84.43025970458984375000
                -37.17002868652343750000                 85.93750000000000000000                  1.18089723587036132812                 84.75659942626953125000
                -21.17002868652343750000                 83.68750000000000000000                 -1.38523936271667480469                 85.07273864746093750000
                 -5.17002868652343750000                 89.56250000000000000000                  4.19422340393066406250                 85.36827850341796875000
                 10.82997131347656250000                 85.62500000000000000000                 -0.00868014711886644363                 85.63368225097656250000
                 26.82997131347656250000                 84.00000000000000000000                 -1.86064791679382324219                 85.86064910888671875000
                 42.82997131347656250000                 86.31250000000000000000                  0.27008464932441711426                 86.04241180419921875000
                 58.82997131347656250000                 90.00000000000000000000                  3.82599759101867675781                 86.17400360107421875000
                 74.82997131347656250000                 90.06250000000000000000                  3.81009507179260253906                 86.25240325927734375000
                 90.82997131347656250000                 85.68750000000000000000                 -0.58923083543777465820                 86.27673339843750000000
                106.82997131347656250000                 84.50000000000000000000                 -1.74827492237091064453                 86.24827575683593750000
                122.82997131347656250000                 84.43750000000000000000                 -1.73301410675048828125                 86.17051696777343750000
                138.82997131347656250000                 87.56250000000000000000                  1.51349949836730957031                 86.04900360107421875000
                154.82997131347656250000                 89.12500000000000000000                  3.23387122154235839844                 85.89112854003906250000
                170.82997131347656250000                 86.93750000000000000000                  1.23173666000366210938                 85.70576477050781250000
                186.82997131347656250000                777.25000000000000000000                691.74725341796875000000                 85.50272369384765625000
                202.82997131347656250000               1018.31250000000000000000                933.02020263671875000000                 85.29228210449218750000
                218.82997131347656250000                149.62500000000000000000                 64.54116058349609375000                 85.08383941650390625000
                234.82997131347656250000                 91.12500000000000000000                  6.23855638504028320312                 84.88644409179687500000
                250.82997131347656250000                 84.43750000000000000000                 -0.26943737268447875977                 84.70693969726562500000
                266.82997131347656250000                 83.75000000000000000000                 -0.80008560419082641602                 84.55008697509765625000
                282.82997131347656250000                 83.87500000000000000000                 -0.54319643974304199219                 84.41819763183593750000
                298.82997131347656250000                 83.31250000000000000000                 -0.99862521886825561523                 84.31112670898437500000
                314.82997131347656250000                 83.43750000000000000000                 -0.78904557228088378906                 84.22654724121093750000
                330.82997131347656250000                 87.81250000000000000000                  3.65204453468322753906                 84.16045379638671875000
                346.82997131347656250000                 87.93750000000000000000                  3.82965087890625000000                 84.10784912109375000000
                362.82997131347656250000                 86.56250000000000000000                  2.49903631210327148438                 84.06346130371093750000
                378.82997131347656250000                 86.56250000000000000000                  2.54000115394592285156                 84.02249908447265625000
                394.82997131347656250000                 84.25000000000000000000                  0.26879045367240905762                 83.98120880126953125000
                410.82997131347656250000                 82.50000000000000000000                 -1.43730556964874267578                 83.93730926513671875000
                426.82997131347656250000                 83.87500000000000000000                 -0.01510951202362775803                 83.89010620117187500000
                442.82997131347656250000                 80.87500000000000000000                 -2.96547436714172363281                 83.84047698974609375000
                458.82997131347656250000                 83.00000000000000000000                 -0.79049301147460937500                 83.79048919677734375000
                474.82997131347656250000                 69.81250000000000000000                -13.93056106567382812500                 83.74306488037109375000
