66.9425155162007
66.9670225571284
67.0619996166789
67.238509770381
67.5259036552155
67.9740364972116
68.652361584984
69.645279195645
71.0436074959672
72.9326510340884
75.3779893455978
78.4106861890883
82.0140156308265
86.1139154834262
90.5751483291085
95.2045664063611
99.7619935977046
103.978171783317
107.578132437763
110.307429786529
111.958077562922
112.390888401057
111.551270220884
109.476347819848
106.292427908185
102.203128270229
97.4697355638213
92.3863428895327
87.2528984012829
82.349396134943
77.9140719111485
74.1277212265616
71.1052795818924
68.89477091814
67.4828006889962
66.8050739336903
66.7600282392816
67.2235994118339
68.0633434319882
