               -133.17002868652343750000                 29.12500000000000000000
               -117.17002868652343750000                 56.00000000000000000000
               -101.17002868652343750000                 56.18750000000000000000
                -85.17002868652343750000                 56.43750000000000000000
                -69.17002868652343750000                 58.43750000000000000000
                -53.17002868652343750000                 55.00000000000000000000
                -37.17002868652343750000                 56.43750000000000000000
                -21.17002868652343750000                 52.31250000000000000000
                 -5.17002868652343750000                 52.75000000000000000000
                 10.82997131347656250000                 53.00000000000000000000
                 26.82997131347656250000                 51.25000000000000000000
                 42.82997131347656250000                 56.37500000000000000000
                 58.82997131347656250000                 53.00000000000000000000
                 74.82997131347656250000                 52.81250000000000000000
                 90.82997131347656250000                 53.00000000000000000000
                106.82997131347656250000                 51.18750000000000000000
                122.82997131347656250000                 52.75000000000000000000
                138.82997131347656250000                 53.50000000000000000000
                154.82997131347656250000                 56.37500000000000000000
                170.82997131347656250000                 53.00000000000000000000
                186.82997131347656250000                178.81250000000000000000
                202.82997131347656250000                206.93750000000000000000
                218.82997131347656250000                 59.93750000000000000000
                234.82997131347656250000                 52.50000000000000000000
                250.82997131347656250000                 53.93750000000000000000
                266.82997131347656250000                 52.31250000000000000000
                282.82997131347656250000                 52.68750000000000000000
                298.82997131347656250000                 54.18750000000000000000
                314.82997131347656250000                 50.06250000000000000000
                330.82997131347656250000                 49.87500000000000000000
                346.82997131347656250000                 50.56250000000000000000
                362.82997131347656250000                 52.31250000000000000000
                378.82997131347656250000                 50.12500000000000000000
                394.82997131347656250000                 52.75000000000000000000
                410.82997131347656250000                 49.81250000000000000000
                426.82997131347656250000                 52.12500000000000000000
                442.82997131347656250000                 48.31250000000000000000
                458.82997131347656250000                 49.37500000000000000000
                474.82997131347656250000                 43.12500000000000000000
