-22.6142143778703
3.20644090825376
2.46333170844052
1.95888602642954
3.41696768013856
-0.334162066858319
1.01084752358543
-3.0151752272785
-2.33622165915318
-1.76485994673068
-3.1821070723082
2.22112371757224
-0.985138127104804
-1.15044587605713
-1.10181296244626
-3.20460884032116
-2.05170555888107
-1.78062701674212
0.606996506971178
-3.20029037706515
122.292969208345
150.257041333357
3.28205027818127
-3.93669656366412
-2.09794636262599
-3.16611446536368
-2.11599232312612
0.135965355066929
-3.19979671865137
-2.59349055304163
-1.13036490923379
1.36525491182773
-0.108666108980849
3.20282755318052
0.932898728362467
3.90144705061523
0.736708380420602
2.43551012432497
-3.19999182607128
