               -133.17002868652343750000                 29.12500000000000000000                -22.61421394348144531250                 51.73921585083007812500
               -117.17002868652343750000                 56.00000000000000000000                  3.20644092559814453125                 52.79356002807617187500
               -101.17002868652343750000                 56.18750000000000000000                  2.46333169937133789062                 53.72416687011718750000
                -85.17002868652343750000                 56.43750000000000000000                  1.95888602733612060547                 54.47861480712890625000
                -69.17002868652343750000                 58.43750000000000000000                  3.41696763038635253906                 55.02053070068359375000
                -53.17002868652343750000                 55.00000000000000000000                 -0.33416205644607543945                 55.33416366577148437500
                -37.17002868652343750000                 56.43750000000000000000                  1.01084756851196289062                 55.42665100097656250000
                -21.17002868652343750000                 52.31250000000000000000                 -3.01517534255981445312                 55.32767486572265625000
                 -5.17002868652343750000                 52.75000000000000000000                 -2.33622169494628906250                 55.08621978759765625000
                 10.82997131347656250000                 53.00000000000000000000                 -1.76485991477966308594                 54.76485824584960937500
                 26.82997131347656250000                 51.25000000000000000000                 -3.18210697174072265625                 54.43210601806640625000
                 42.82997131347656250000                 56.37500000000000000000                  2.22112369537353515625                 54.15387725830078125000
                 58.82997131347656250000                 53.00000000000000000000                 -0.98513811826705932617                 53.98513793945312500000
                 74.82997131347656250000                 52.81250000000000000000                 -1.15044581890106201172                 53.96294403076171875000
                 90.82997131347656250000                 53.00000000000000000000                 -1.10181295871734619141                 54.10181427001953125000
                106.82997131347656250000                 51.18750000000000000000                 -3.20460891723632812500                 54.39210891723632812500
                122.82997131347656250000                 52.75000000000000000000                 -2.05170559883117675781                 54.80170440673828125000
                138.82997131347656250000                 53.50000000000000000000                 -1.78062701225280761719                 55.28062820434570312500
                154.82997131347656250000                 56.37500000000000000000                  0.60699653625488281250                 55.76800537109375000000
                170.82997131347656250000                 53.00000000000000000000                 -3.20029044151306152344                 56.20029067993164062500
                186.82997131347656250000                178.81250000000000000000                122.29296875000000000000                 56.51953125000000000000
                202.82997131347656250000                206.93750000000000000000                150.25703430175781250000                 56.68045806884765625000
                218.82997131347656250000                 59.93750000000000000000                  3.28205037117004394531                 56.65544891357421875000
                234.82997131347656250000                 52.50000000000000000000                 -3.93669652938842773438                 56.43669509887695312500
                250.82997131347656250000                 53.93750000000000000000                 -2.09794640541076660156                 56.03544616699218750000
                266.82997131347656250000                 52.31250000000000000000                 -3.16611456871032714844                 55.47861480712890625000
                282.82997131347656250000                 52.68750000000000000000                 -2.11599230766296386719                 54.80349349975585937500
                298.82997131347656250000                 54.18750000000000000000                  0.13596536219120025635                 54.05153274536132812500
                314.82997131347656250000                 50.06250000000000000000                 -3.19979667663574218750                 53.26229858398437500000
                330.82997131347656250000                 49.87500000000000000000                 -2.59349060058593750000                 52.46849060058593750000
                346.82997131347656250000                 50.56250000000000000000                 -1.13036489486694335938                 51.69286346435546875000
                362.82997131347656250000                 52.31250000000000000000                  1.36525487899780273438                 50.94724655151367187500
                378.82997131347656250000                 50.12500000000000000000                 -0.10866610705852508545                 50.23366546630859375000
                394.82997131347656250000                 52.75000000000000000000                  3.20282745361328125000                 49.54717254638671875000
                410.82997131347656250000                 49.81250000000000000000                  0.93289870023727416992                 48.87960052490234375000
                426.82997131347656250000                 52.12500000000000000000                  3.90144705772399902344                 48.22355270385742187500
                442.82997131347656250000                 48.31250000000000000000                  0.73670840263366699219                 47.57579040527343750000
                458.82997131347656250000                 49.37500000000000000000                  2.43551015853881835938                 46.93949127197265625000
                474.82997131347656250000                 43.12500000000000000000                 -3.19999194145202636719                 46.32499313354492187500
