51.7392143778703
52.7935590917462
53.7241682915595
54.4786139735705
55.0205323198614
55.3341620668583
55.4266524764146
55.3276752272785
55.0862216591532
54.7648599467307
54.4321070723082
54.1538762824278
53.9851381271048
53.9629458760571
54.1018129624463
54.3921088403212
54.8017055588811
55.2806270167421
55.7680034930288
56.2002903770652
56.5195307916553
56.6804586666429
56.6554497218187
56.4366965636641
56.035446362626
55.4786144653637
54.8034923231261
54.0515346449331
53.2622967186514
52.4684905530416
51.6928649092338
50.9472450881723
50.2336661089808
49.5471724468195
48.8796012716375
48.2235529493848
47.5757916195794
46.939489875675
46.3249918260713
