4.21638011121361
4.31428415062926
4.41723148382931
4.52038786994174
4.61900103509768
4.70882855416847
4.7865103340671
4.84983667456529
4.89787652194671
4.93095031704254
4.9504546337949
4.95856776382097
4.95788269891729
4.95102354000519
4.94030155527767
4.92745800627391
4.91352428300791
4.89880903480606
4.8830007663926
4.86535662415678
4.84493681861486
4.82084090415468
4.79240690415702
4.75934542940989
4.72179578442727
4.68030641205794
4.63575492917678
4.58923129308175
4.54191030997485
4.49493699696389
4.44934153095014
4.40599161012592
4.36558113145407
4.32864696752548
4.29560148735443
4.26676769028044
4.24240603067976
4.22272625538652
4.20788262515494
