-1.27888011121361
-0.314284150629262
0.895268516170689
-0.0828878699417448
-0.119001035097676
0.353671445831529
0.463489665932902
0.025163325434705
0.414623478053291
0.694049682957462
0.862045366205098
-0.396067763820966
-0.0828826989172908
-0.826023540005193
-0.190301555277673
-0.864958006273914
0.39897571699209
-0.523809034806064
0.491999233607402
0.197143375843224
3.09256318138514
1.05415909584532
0.0825930958429764
-1.13434542940989
-0.284295784427266
-0.305306412057941
1.30174507082322
-0.0267312930817534
0.0830896900251528
-0.119936996963886
-0.38684153095014
0.219008389874076
0.13441886854593
-0.32864696752548
0.391898512645571
-0.391767690280443
0.945093969320244
-0.0977262553865232
-0.0828826251549417
