               -133.17002868652343750000                  2.93750000000000000000                 -1.27888011932373046875                  4.21638011932373046875
               -117.17002868652343750000                  4.00000000000000000000                 -0.31428414583206176758                  4.31428432464599609375
               -101.17002868652343750000                  5.31250000000000000000                  0.89526849985122680664                  4.41723155975341796875
                -85.17002868652343750000                  4.43750000000000000000                 -0.08288787305355072021                  4.52038764953613281250
                -69.17002868652343750000                  4.50000000000000000000                 -0.11900103837251663208                  4.61900091171264648438
                -53.17002868652343750000                  5.06250000000000000000                  0.35367143154144287109                  4.70882844924926757812
                -37.17002868652343750000                  5.25000000000000000000                  0.46348965167999267578                  4.78651046752929687500
                -21.17002868652343750000                  4.87500000000000000000                  0.02516332454979419708                  4.84983682632446289062
                 -5.17002868652343750000                  5.31250000000000000000                  0.41462346911430358887                  4.89787673950195312500
                 10.82997131347656250000                  5.62500000000000000000                  0.69404965639114379883                  4.93095016479492187500
                 26.82997131347656250000                  5.81250000000000000000                  0.86204534769058227539                  4.95045471191406250000
                 42.82997131347656250000                  4.56250000000000000000                 -0.39606776833534240723                  4.95856761932373046875
                 58.82997131347656250000                  4.87500000000000000000                 -0.08288270235061645508                  4.95788288116455078125
                 74.82997131347656250000                  4.12500000000000000000                 -0.82602351903915405273                  4.95102357864379882812
                 90.82997131347656250000                  4.75000000000000000000                 -0.19030155241489410400                  4.94030141830444335938
                106.82997131347656250000                  4.06250000000000000000                 -0.86495798826217651367                  4.92745780944824218750
                122.82997131347656250000                  5.31250000000000000000                  0.39897572994232177734                  4.91352415084838867188
                138.82997131347656250000                  4.37500000000000000000                 -0.52380901575088500977                  4.89880895614624023438
                154.82997131347656250000                  5.37500000000000000000                  0.49199923872947692871                  4.88300085067749023438
                170.82997131347656250000                  5.06250000000000000000                  0.19714337587356567383                  4.86535644531250000000
                186.82997131347656250000                  7.93750000000000000000                  3.09256315231323242188                  4.84493684768676757812
                202.82997131347656250000                  5.87500000000000000000                  1.05415904521942138672                  4.82084083557128906250
                218.82997131347656250000                  4.87500000000000000000                  0.08259309828281402588                  4.79240703582763671875
                234.82997131347656250000                  3.62500000000000000000                 -1.13434541225433349609                  4.75934553146362304688
                250.82997131347656250000                  4.43750000000000000000                 -0.28429579734802246094                  4.72179555892944335938
                266.82997131347656250000                  4.37500000000000000000                 -0.30530640482902526855                  4.68030643463134765625
                282.82997131347656250000                  5.93750000000000000000                  1.30174505710601806641                  4.63575506210327148438
                298.82997131347656250000                  4.56250000000000000000                 -0.02673129364848136902                  4.58923149108886718750
                314.82997131347656250000                  4.62500000000000000000                  0.08308968693017959595                  4.54191017150878906250
                330.82997131347656250000                  4.37500000000000000000                 -0.11993699520826339722                  4.49493694305419921875
                346.82997131347656250000                  4.06250000000000000000                 -0.38684153556823730469                  4.44934129714965820312
                362.82997131347656250000                  4.62500000000000000000                  0.21900838613510131836                  4.40599155426025390625
                378.82997131347656250000                  4.50000000000000000000                  0.13441887497901916504                  4.36558103561401367188
                394.82997131347656250000                  4.00000000000000000000                 -0.32864695787429809570                  4.32864713668823242188
                410.82997131347656250000                  4.68750000000000000000                  0.39189851284027099609                  4.29560136795043945312
                426.82997131347656250000                  3.87500000000000000000                 -0.39176768064498901367                  4.26676750183105468750
                442.82997131347656250000                  5.18750000000000000000                  0.94509398937225341797                  4.24240589141845703125
                458.82997131347656250000                  4.12500000000000000000                 -0.09772625565528869629                  4.22272634506225585938
                474.82997131347656250000                  4.12500000000000000000                 -0.08288262784481048584                  4.20788240432739257812
