-14.39204492528
0.768722024529431
0.193755900406757
0.257617840849719
3.45871286992735
-1.26805844399797
2.63647163393397
0.356096322921449
-0.925367622334814
-0.836195680616537
0.12106324711911
0.569799088209191
2.1969225230292
-0.559685790308908
1.73866060882261
-0.968786223994751
-1.7424763782799
0.23219321490329
0.582200253208981
-0.315687841814746
9.47760128964324
9.33854450810817
-1.6063279110693
-0.355281342181769
-1.59377402807668
-0.00694518286309176
-0.342220152670379
0.965463881597515
0.918332795295292
-0.357105941302784
-2.54794297028729
2.157318392935
-2.93142944461125
0.931575236293547
-0.634378428847079
1.051361671905
0.356291119219648
-0.22717861896065
-3.33112127379612
