               -133.17002868652343750000                 13.68750000000000000000                -14.39204502105712890625                 28.07954406738281250000
               -117.17002868652343750000                 28.87500000000000000000                  0.76872199773788452148                 28.10627746582031250000
               -101.17002868652343750000                 28.31250000000000000000                  0.19375589489936828613                 28.11874389648437500000
                -85.17002868652343750000                 28.37500000000000000000                  0.25761783123016357422                 28.11738204956054687500
                -69.17002868652343750000                 31.56250000000000000000                  3.45871281623840332031                 28.10378646850585937500
                -53.17002868652343750000                 26.81250000000000000000                 -1.26805841922760009766                 28.08055877685546875000
                -37.17002868652343750000                 30.68750000000000000000                  2.63647174835205078125                 28.05102920532226562500
                -21.17002868652343750000                 28.37500000000000000000                  0.35609632730484008789                 28.01890373229980468750
                 -5.17002868652343750000                 27.06250000000000000000                 -0.92536759376525878906                 27.98786735534667968750
                 10.82997131347656250000                 27.12500000000000000000                 -0.83619570732116699219                 27.96119499206542968750
                 26.82997131347656250000                 28.06250000000000000000                  0.12106324732303619385                 27.94143676757812500000
                 42.82997131347656250000                 28.50000000000000000000                  0.56979906558990478516                 27.93020057678222656250
                 58.82997131347656250000                 30.12500000000000000000                  2.19692254066467285156                 27.92807769775390625000
                 74.82997131347656250000                 27.37500000000000000000                 -0.55968576669692993164                 27.93468666076660156250
                 90.82997131347656250000                 29.68750000000000000000                  1.73866057395935058594                 27.94883918762207031250
                106.82997131347656250000                 27.00000000000000000000                 -0.96878623962402343750                 27.96878623962402343750
                122.82997131347656250000                 26.25000000000000000000                 -1.74247634410858154297                 27.99247550964355468750
                138.82997131347656250000                 28.25000000000000000000                  0.23219321668148040771                 28.01780700683593750000
                154.82997131347656250000                 28.62500000000000000000                  0.58220022916793823242                 28.04279899597167968750
                170.82997131347656250000                 27.75000000000000000000                 -0.31568783521652221680                 28.06568717956542968750
                186.82997131347656250000                 37.56250000000000000000                  9.47760105133056640625                 28.08489799499511718750
                202.82997131347656250000                 37.43750000000000000000                  9.33854484558105468750                 28.09895515441894531250
                218.82997131347656250000                 26.50000000000000000000                 -1.60632789134979248047                 28.10632705688476562500
                234.82997131347656250000                 27.75000000000000000000                 -0.35528135299682617188                 28.10528182983398437500
                250.82997131347656250000                 26.50000000000000000000                 -1.59377408027648925781                 28.09377479553222656250
                266.82997131347656250000                 28.06250000000000000000                 -0.00694518303498625755                 28.06944465637207031250
                282.82997131347656250000                 27.68750000000000000000                 -0.34222015738487243652                 28.02972030639648437500
                298.82997131347656250000                 28.93750000000000000000                  0.96546387672424316406                 27.97203636169433593750
                314.82997131347656250000                 28.81250000000000000000                  0.91833281517028808594                 27.89416694641113281250
                330.82997131347656250000                 27.43750000000000000000                 -0.35710594058036804199                 27.79460525512695312500
                346.82997131347656250000                 25.12500000000000000000                 -2.54794287681579589844                 27.67294311523437500000
                362.82997131347656250000                 29.68750000000000000000                  2.15731835365295410156                 27.53018188476562500000
                378.82997131347656250000                 24.43750000000000000000                 -2.93142938613891601562                 27.36892890930175781250
                394.82997131347656250000                 28.12500000000000000000                  0.93157523870468139648                 27.19342422485351562500
                410.82997131347656250000                 26.37500000000000000000                 -0.63437843322753906250                 27.00937843322753906250
                426.82997131347656250000                 27.87500000000000000000                  1.05136168003082275391                 26.82363891601562500000
                442.82997131347656250000                 27.00000000000000000000                  0.35629111528396606445                 26.64370918273925781250
                458.82997131347656250000                 26.25000000000000000000                 -0.22717861831188201904                 26.47717857360839843750
                474.82997131347656250000                 23.00000000000000000000                 -3.33112120628356933594                 26.33112144470214843750
