40.0454002346866
40.4109715017945
40.687109771619
40.8579911845507
40.9195442884477
40.880796620968
40.7636379653279
40.6008842076333
40.4327616175873
40.3021703664684
40.2492901073815
40.3062241056295
40.4924154307082
40.8114970900952
41.2500629528351
41.7785905024428
42.354446884406
42.9266120776873
43.4415042240928
43.8491322864303
44.1087564905491
44.1933149847199
44.0920631496849
43.8111391773216
43.372072252807
42.8085391324905
42.1619057428098
41.4762285281601
40.793418411204
40.1491903920876
39.5702539729728
39.0729771917818
38.6635202519942
38.3392228729979
38.0908741705683
37.9054140958457
37.7686154261766
37.6673652405302
37.591284263903
