-16.2954002346866
1.58902849820554
2.43789022838101
0.954508815449337
1.51795571155235
2.24420337903195
-1.8261379653279
-0.600884207633293
0.442238382412661
2.26032963353162
0.188209892618488
-1.43122410562948
-3.0549154307082
-2.24899709009522
2.43743704716491
-1.52859050244282
-0.666946884405967
-1.30161207768734
-4.12900422409276
1.7133677135697
84.8287435094509
104.61918501528
-0.27956314968489
-2.24863917732156
-0.434572252807023
-1.68353913249052
-2.5994057428098
-1.03872852816013
0.14408158879602
-0.336690392087583
-0.195253972972765
2.23952280821822
1.89897974800584
0.848277127002092
0.659125829431659
2.21958590415426
0.793884573823405
2.89513475946978
-6.77878426390303
