               -133.17002868652343750000                 23.75000000000000000000                -16.29540061950683593750                 40.04539871215820312500
               -117.17002868652343750000                 42.00000000000000000000                  1.58902847766876220703                 40.41097259521484375000
               -101.17002868652343750000                 43.12500000000000000000                  2.43789029121398925781                 40.68711090087890625000
                -85.17002868652343750000                 41.81250000000000000000                  0.95450884103775024414                 40.85799026489257812500
                -69.17002868652343750000                 42.43750000000000000000                  1.51795566082000732422                 40.91954421997070312500
                -53.17002868652343750000                 43.12500000000000000000                  2.24420332908630371094                 40.88079833984375000000
                -37.17002868652343750000                 38.93750000000000000000                 -1.82613801956176757812                 40.76363754272460937500
                -21.17002868652343750000                 40.00000000000000000000                 -0.60088419914245605469                 40.60088348388671875000
                 -5.17002868652343750000                 40.87500000000000000000                  0.44223839044570922852                 40.43276214599609375000
                 10.82997131347656250000                 42.56250000000000000000                  2.26032972335815429688                 40.30216979980468750000
                 26.82997131347656250000                 40.43750000000000000000                  0.18820989131927490234                 40.24929046630859375000
                 42.82997131347656250000                 38.87500000000000000000                 -1.43122410774230957031                 40.30622482299804687500
                 58.82997131347656250000                 37.43750000000000000000                 -3.05491542816162109375                 40.49241638183593750000
                 74.82997131347656250000                 38.56250000000000000000                 -2.24899697303771972656                 40.81149673461914062500
                 90.82997131347656250000                 43.68750000000000000000                  2.43743705749511718750                 41.25006484985351562500
                106.82997131347656250000                 40.25000000000000000000                 -1.52859055995941162109                 41.77859115600585937500
                122.82997131347656250000                 41.68750000000000000000                 -0.66694688796997070312                 42.35444641113281250000
                138.82997131347656250000                 41.62500000000000000000                 -1.30161201953887939453                 42.92661285400390625000
                154.82997131347656250000                 39.31250000000000000000                 -4.12900400161743164062                 43.44150543212890625000
                170.82997131347656250000                 45.56250000000000000000                  1.71336770057678222656                 43.84913253784179687500
                186.82997131347656250000                128.93750000000000000000                 84.82874298095703125000                 44.10875701904296875000
                202.82997131347656250000                148.81250000000000000000                104.61918640136718750000                 44.19331359863281250000
                218.82997131347656250000                 43.81250000000000000000                 -0.27956315875053405762                 44.09206390380859375000
                234.82997131347656250000                 41.56250000000000000000                 -2.24863910675048828125                 43.81113815307617187500
                250.82997131347656250000                 42.93750000000000000000                 -0.43457224965095520020                 43.37207412719726562500
                266.82997131347656250000                 41.12500000000000000000                 -1.68353915214538574219                 42.80854034423828125000
                282.82997131347656250000                 39.56250000000000000000                 -2.59940576553344726562                 42.16190719604492187500
                298.82997131347656250000                 40.43750000000000000000                 -1.03872847557067871094                 41.47622680664062500000
                314.82997131347656250000                 40.93750000000000000000                  0.14408159255981445312                 40.79341888427734375000
                330.82997131347656250000                 39.81250000000000000000                 -0.33669039607048034668                 40.14918899536132812500
                346.82997131347656250000                 39.37500000000000000000                 -0.19525396823883056641                 39.57025527954101562500
                362.82997131347656250000                 41.31250000000000000000                  2.23952269554138183594                 39.07297897338867187500
                378.82997131347656250000                 40.56250000000000000000                  1.89897978305816650391                 38.66352081298828125000
                394.82997131347656250000                 39.18750000000000000000                  0.84827715158462524414                 38.33922195434570312500
                410.82997131347656250000                 38.75000000000000000000                  0.65912580490112304688                 38.09087371826171875000
                426.82997131347656250000                 40.12500000000000000000                  2.21958589553833007812                 37.90541458129882812500
                442.82997131347656250000                 38.56250000000000000000                  0.79388457536697387695                 37.76861572265625000000
                458.82997131347656250000                 40.56250000000000000000                  2.89513468742370605469                 37.66736602783203125000
                474.82997131347656250000                 30.81250000000000000000                 -6.77878427505493164062                 37.59128570556640625000
