2.19886549917094
2.21826561167723
2.22610978957993
2.22161580948393
2.20539741743236
2.17955722842182
2.14759617767678
2.11412662492924
2.08440270588696
2.06370959168434
2.0566787916664
2.06661521540894
2.09492965741943
2.14076520428256
2.20088714452215
2.2698748028159
2.34061398992061
2.40504588478894
2.45508858464156
2.48361771516411
2.48537772682929
2.45769904495651
2.40091850388996
2.31843882947569
2.21641192097871
2.10308295495327
1.98787977999496
1.88036723207121
1.78920337109554
1.72123164591983
1.68082043714301
1.66952330824198
1.6860860666404
1.72677810950678
1.7859830946598
1.85695389593945
1.93262282129788
2.00636103323945
2.07259902509167
