               -133.17002868652343750000                  0.81250000000000000000                 -1.38636553287506103516                  2.19886541366577148438
               -117.17002868652343750000                  2.25000000000000000000                  0.03173438832163810730                  2.21826553344726562500
               -101.17002868652343750000                  2.43750000000000000000                  0.21139021217823028564                  2.22610974311828613281
                -85.17002868652343750000                  2.18750000000000000000                 -0.03411580994725227356                  2.22161579132080078125
                -69.17002868652343750000                  2.56250000000000000000                  0.35710257291793823242                  2.20539736747741699219
                -53.17002868652343750000                  1.81250000000000000000                 -0.36705723404884338379                  2.17955732345581054688
                -37.17002868652343750000                  1.93750000000000000000                 -0.21009618043899536133                  2.14759612083435058594
                -21.17002868652343750000                  2.87500000000000000000                  0.76087337732315063477                  2.11412668228149414062
                 -5.17002868652343750000                  2.06250000000000000000                 -0.02190270647406578064                  2.08440279960632324219
                 10.82997131347656250000                  2.00000000000000000000                 -0.06370959430932998657                  2.06370949745178222656
                 26.82997131347656250000                  1.37500000000000000000                 -0.68167877197265625000                  2.05667877197265625000
                 42.82997131347656250000                  2.75000000000000000000                  0.68338477611541748047                  2.06661510467529296875
                 58.82997131347656250000                  2.00000000000000000000                 -0.09492965787649154663                  2.09492969512939453125
                 74.82997131347656250000                  1.93750000000000000000                 -0.20326520502567291260                  2.14076519012451171875
                 90.82997131347656250000                  1.62500000000000000000                 -0.57588714361190795898                  2.20088720321655273438
                106.82997131347656250000                  1.56250000000000000000                 -0.70737481117248535156                  2.26987481117248535156
                122.82997131347656250000                  2.56250000000000000000                  0.22188600897789001465                  2.34061408042907714844
                138.82997131347656250000                  2.43750000000000000000                  0.03245411440730094910                  2.40504598617553710938
                154.82997131347656250000                  1.50000000000000000000                 -0.95508855581283569336                  2.45508861541748046875
                170.82997131347656250000                  2.43750000000000000000                 -0.04611771553754806519                  2.48361778259277343750
                186.82997131347656250000                  9.62500000000000000000                  7.13962221145629882812                  2.48537778854370117188
                202.82997131347656250000                 12.50000000000000000000                 10.04230117797851562500                  2.45769906044006347656
                218.82997131347656250000                  2.62500000000000000000                  0.22408150136470794678                  2.40091848373413085938
                234.82997131347656250000                  2.43750000000000000000                  0.11906117200851440430                  2.31843876838684082031
                250.82997131347656250000                  1.87500000000000000000                 -0.34141191840171813965                  2.21641182899475097656
                266.82997131347656250000                  2.31250000000000000000                  0.20941704511642456055                  2.10308289527893066406
                282.82997131347656250000                  1.43750000000000000000                 -0.55037975311279296875                  1.98787975311279296875
                298.82997131347656250000                  1.68750000000000000000                 -0.19286723434925079346                  1.88036727905273437500
                314.82997131347656250000                  2.00000000000000000000                  0.21079662442207336426                  1.78920340538024902344
                330.82997131347656250000                  1.37500000000000000000                 -0.34623163938522338867                  1.72123169898986816406
                346.82997131347656250000                  1.81250000000000000000                  0.13167956471443176270                  1.68082046508789062500
                362.82997131347656250000                  1.06250000000000000000                 -0.60702329874038696289                  1.66952335834503173828
                378.82997131347656250000                  1.81250000000000000000                  0.12641392648220062256                  1.68608605861663818359
                394.82997131347656250000                  1.93750000000000000000                  0.21072189509868621826                  1.72677814960479736328
                410.82997131347656250000                  1.87500000000000000000                  0.08901690691709518433                  1.78598308563232421875
                426.82997131347656250000                  2.50000000000000000000                  0.64304608106613159180                  1.85695385932922363281
                442.82997131347656250000                  2.56250000000000000000                  0.62987715005874633789                  1.93262279033660888672
                458.82997131347656250000                  2.00000000000000000000                 -0.00636103330180048943                  2.00636100769042968750
                474.82997131347656250000                  1.31250000000000000000                 -0.76009905338287353516                  2.07259893417358398438
