30.8871994563233
30.9998659399915
31.0836787035117
31.1296903379937
31.132111540835
31.0893881622134
31.0049292073452
30.8873398538245
30.7500577239733
30.6103572911923
30.4877699125306
30.4020550621838
30.3709385045023
30.4078911017197
30.5202450810438
30.7079246346275
30.9630030519098
31.2701953688103
31.6082675254337
31.9522097575006
32.2759054310439
32.5549472713775
32.7692258765309
32.9049467375862
32.955817594075
32.9232738567673
32.815754671463
32.6471812358659
32.4348988195557
32.1974069579919
31.9522098827185
31.7140731490068
31.4938839506002
31.2982000282606
31.1294566895464
30.9867033521152
30.8666753584251
30.7649813656517
30.6772010326387
