               -133.17002868652343750000                 19.12500000000000000000                -11.76219940185546875000                 30.88719940185546875000
               -117.17002868652343750000                 31.68750000000000000000                  0.68763405084609985352                 30.99986648559570312500
               -101.17002868652343750000                 32.25000000000000000000                  1.16632127761840820312                 31.08367919921875000000
                -85.17002868652343750000                 34.25000000000000000000                  3.12030959129333496094                 31.12969017028808593750
                -69.17002868652343750000                 30.31250000000000000000                 -0.81961154937744140625                 31.13211059570312500000
                -53.17002868652343750000                 30.56250000000000000000                 -0.52688819169998168945                 31.08938789367675781250
                -37.17002868652343750000                 29.12500000000000000000                 -1.87992918491363525391                 31.00492858886718750000
                -21.17002868652343750000                 30.87500000000000000000                 -0.01233985368162393570                 30.88734054565429687500
                 -5.17002868652343750000                 30.37500000000000000000                 -0.37505772709846496582                 30.75005722045898437500
                 10.82997131347656250000                 31.62500000000000000000                  1.01464271545410156250                 30.61035728454589843750
                 26.82997131347656250000                 31.75000000000000000000                  1.26223003864288330078                 30.48777008056640625000
                 42.82997131347656250000                 29.25000000000000000000                 -1.15205502510070800781                 30.40205574035644531250
                 58.82997131347656250000                 33.18750000000000000000                  2.81656146049499511719                 30.37093925476074218750
                 74.82997131347656250000                 29.12500000000000000000                 -1.28289115428924560547                 30.40789031982421875000
                 90.82997131347656250000                 27.81250000000000000000                 -2.70774507522583007812                 30.52024459838867187500
                106.82997131347656250000                 31.93750000000000000000                  1.22957539558410644531                 30.70792388916015625000
                122.82997131347656250000                 30.93750000000000000000                 -0.02550305239856243134                 30.96300315856933593750
                138.82997131347656250000                 29.81250000000000000000                 -1.45769536495208740234                 31.27019500732421875000
                154.82997131347656250000                 29.56250000000000000000                 -2.04576754570007324219                 31.60826683044433593750
                170.82997131347656250000                 31.12500000000000000000                 -0.82720977067947387695                 31.95220947265625000000
                186.82997131347656250000                 69.87500000000000000000                 37.59909439086914062500                 32.27590560913085937500
                202.82997131347656250000                 61.12500000000000000000                 28.57005310058593750000                 32.55494689941406250000
                218.82997131347656250000                 32.18750000000000000000                 -0.58172589540481567383                 32.76922607421875000000
                234.82997131347656250000                 33.37500000000000000000                  0.47005325555801391602                 32.90494537353515625000
                250.82997131347656250000                 35.37500000000000000000                  2.41918230056762695312                 32.95581817626953125000
                266.82997131347656250000                 32.12500000000000000000                 -0.79827386140823364258                 32.92327499389648437500
                282.82997131347656250000                 32.93750000000000000000                  0.12174532562494277954                 32.81575393676757812500
                298.82997131347656250000                 30.75000000000000000000                 -1.89718127250671386719                 32.64718246459960937500
                314.82997131347656250000                 32.50000000000000000000                  0.06510118395090103149                 32.43489837646484375000
                330.82997131347656250000                 32.06250000000000000000                 -0.13490696251392364502                 32.19740676879882812500
                346.82997131347656250000                 31.12500000000000000000                 -0.82720988988876342773                 31.95220947265625000000
                362.82997131347656250000                 31.56250000000000000000                 -0.15157315135002136230                 31.71407318115234375000
                378.82997131347656250000                 29.87500000000000000000                 -1.61888396739959716797                 31.49388313293457031250
                394.82997131347656250000                 32.12500000000000000000                  0.82679998874664306641                 31.29820060729980468750
                410.82997131347656250000                 33.12500000000000000000                  1.99554336071014404297                 31.12945747375488281250
                426.82997131347656250000                 30.87500000000000000000                 -0.11170335114002227783                 30.98670387268066406250
                442.82997131347656250000                 31.75000000000000000000                  0.88332462310791015625                 30.86667442321777343750
                458.82997131347656250000                 31.06250000000000000000                  0.29751864075660705566                 30.76498222351074218750
                474.82997131347656250000                 24.87500000000000000000                 -5.80220127105712890625                 30.67720031738281250000
