-0.0445201511620742
0.0811648802285856
-0.0464303073528507
0.322200685665547
0.624224559930909
-0.265461875337424
0.0283278376925349
-0.181391246442806
-0.206266459313952
-0.170135078881728
0.0534090945365018
0.0284129324875202
-0.118566783260571
0.176391060839167
-0.273071970661409
0.0962816734127896
0.659696879241076
0.0418856324591306
-0.445457984878155
0.19641229787045
0.0284129070673265
-0.388717097443586
-0.306746690916102
-0.477286193563358
-0.151641899563913
-0.0182074499778768
0.360097735261171
0.358338795579901
0.16452663374142
-0.407962383666387
-0.0454964612120898
-0.309314039673051
0.0518494413218145
-0.0233531097890161
0.0285275155199183
0.0831742746181909
-0.0465262475635382
0.327017597372351
-0.608868592833885
