0.982020151162074
0.981335119771414
0.983930307352851
0.990299314334453
1.00077544006909
1.01546187533742
1.03417216230747
1.05639124644281
1.08126645931395
1.10763507888173
1.1340909054635
1.15908706751248
1.18106678326057
1.19860893916083
1.21057197066141
1.21621832658721
1.21530312075892
1.20811436754087
1.19545798487816
1.17858770212955
1.15908709293267
1.13871709744359
1.1192466909161
1.10228619356336
1.08914189956391
1.08070744997788
1.07740226473883
1.0791612044201
1.08547336625858
1.09546238366639
1.10799646121209
1.12181403967305
1.13565055867819
1.14835310978902
1.15897248448008
1.16682572538181
1.17152624756354
1.17298240262765
1.17136859283388
