1.69034121453716
1.71939013671555
1.74549834396984
1.76758919727909
1.78534483758351
1.7993178527715
1.81092049030356
1.82227670695625
1.83594290752664
1.85452568830419
1.88024550497776
1.91450996963882
1.95756604281934
2.00829462029486
2.06419370240028
2.1215694149329
2.1759215800503
2.22247770681659
2.25680208192562
2.27539036536904
2.27615829126873
2.25874676806645
2.22459302178164
2.17675395580128
2.11950729554215
2.05779138802189
1.99656948657666
1.940214652417
1.89200548771432
1.85380223488049
1.82594144699949
1.80735134555677
1.79585560076154
1.78860638482675
1.78257222106079
1.77500407962727
1.76381356232847
1.74781695858421
1.72682414590551
