-9.42391409542395
-0.795340157690045
0.330127264044648
-0.291482479896079
2.03200453010571
2.3035351336918
-0.0382722677099849
0.131061755440609
-1.62766875491867
0.558290734645919
-3.62561321147755
-1.55554920825226
0.331231762345151
0.474172343159552
-0.248126912955385
-0.33075728095216
-0.205613853435462
0.257827995604963
-1.31080095358923
2.84152062737202
11.5282062069366
4.87286275776672
-0.128076573164719
-2.10491325408769
0.373486140639145
-2.51202398772092
-0.33009628306614
-1.46075694568436
2.65499278994798
-1.35971229158113
0.869721343853165
-0.15607069777375
0.314021103863411
-0.2190297986247
1.18257322405287
0.268071421008923
-0.0895058930589414
-0.33075747528655
-4.33460918613383
