22.361414095424
22.54534015769
22.7323727359554
22.9164824798961
23.0929954698943
23.2589648663082
23.41327226771
23.5564382445594
23.6901687549187
23.8167092653541
23.9381132114775
24.0555492082523
24.1687682376548
24.2758276568404
24.3731269129554
24.4557572809522
24.5181138534355
24.554672004395
24.5608009535892
24.533479372628
24.4717937930634
24.3771372422333
24.2530765731647
24.1049132540877
23.9390138593609
23.7620239877209
23.5800962830661
23.3982569456844
23.220007210052
23.0472122915811
22.8802786561468
22.7185706977737
22.5609788961366
22.4065297986247
22.2549267759471
22.1069285789911
21.9645058930589
21.8307574752865
21.7096091861338
