24.3372236213587
24.4256087767415
24.5032223946208
24.566677188924
24.6133204001942
24.6414324550055
24.6503465953022
24.6404787859153
24.6132680782322
24.5710382180833
24.5167999406152
24.454018694963
24.3863736609579
24.3175307948014
24.2509460222883
24.1897060489962
24.1364054900645
24.0930521258243
24.0609887017815
24.0408207135052
24.0323449530504
24.0345344594155
24.0452261596514
24.0616320502389
24.0798662514258
24.0953446502227
24.1029729299772
24.0974910747846
24.0739054984418
24.0279736203235
23.9566899616804
23.8587134970361
23.7346755767431
23.5873172204416
23.4214231357683
23.2435448758284
23.0615332470597
22.8839259582337
22.7192563431146
