-11.0247236213587
-0.175608776741463
0.934277605379197
1.74582281107597
-0.238320400194191
1.85856754499454
-0.712846595302249
-1.64047878591533
5.5117319217678
0.491461781916705
0.170700059384757
-0.51651869496304
0.676126339042124
-0.00503079480142787
-1.62594602228825
-0.502206048996193
0.238594509935542
2.65694787417566
-0.185988701781529
0.771679286494802
80.0926550469496
133.902965540585
17.6422738403486
4.6258679497611
0.295133748574209
-1.7203446502227
0.0220270700227552
-1.4724910747846
0.238594501558243
-0.965473620323515
1.16831003831965
1.26628650296392
-1.92217557674313
0.850182779558448
0.703576864231724
-0.306044875828405
1.18846675294031
-0.383925958233725
-4.09425634311457
