21.107897804374
22.0822005521061
23.0047634510882
23.8239826944469
24.4987221072667
25.0030512114011
25.3293577151442
25.4892996890484
25.5123331188229
25.441885099861
25.3295927322356
25.228336747641
25.1850132953225
25.2340655496306
25.3927179540558
25.6586250171399
26.0102953946895
26.4102347920013
26.8103359510593
27.1587003951654
27.4068634391766
27.5163478554172
27.4635998166545
27.2426396672052
26.8651394549848
26.3580517003842
25.7592880644588
25.112220117727
24.4599055735213
23.8399179283826
23.2804900627278
22.7984120583521
22.3988049027989
22.0765837247246
21.8191785187435
21.6099326801585
21.4315646349396
21.2691483236024
21.1122192581803
