-0.941488791197053
0.848613281642042
0.210461578261824
-0.728939446014462
0.156422024413035
-0.258685780056148
0.461642909112331
-0.122999281181635
-0.0166008193005887
0.401170807033572
1.00049984242608
0.0270153202561239
-0.210136308706311
-0.275325495711246
-0.356156703085885
-0.825919723312348
0.568708112748328
-0.105268415149391
0.532239086567027
-0.326275721061278
9.1984301959729
8.98431500888226
0.34521880256582
-0.219222432732124
-0.210909917217358
-0.0703973013213628
0.13614331862269
0.467514850557191
-0.579446828553257
-0.256934531097276
-0.190911034351255
0.431442575859529
0.0490788680388636
-0.33572527896873
0.467221298677013
0.210584426007939
0.8341044454462
-0.0357082806069724
-0.960746587844068
