               -133.17002868652343750000                  1.62500000000000000000                 -0.94148880243301391602                  2.56648874282836914062
               -117.17002868652343750000                  3.43750000000000000000                  0.84861326217651367188                  2.58888673782348632812
               -101.17002868652343750000                  2.81250000000000000000                  0.21046157181262969971                  2.60203838348388671875
                -85.17002868652343750000                  1.87500000000000000000                 -0.72893947362899780273                  2.60393953323364257812
                -69.17002868652343750000                  2.75000000000000000000                  0.15642201900482177734                  2.59357786178588867188
                -53.17002868652343750000                  2.31250000000000000000                 -0.25868576765060424805                  2.57118582725524902344
                -37.17002868652343750000                  3.00000000000000000000                  0.46164292097091674805                  2.53835701942443847656
                -21.17002868652343750000                  2.37500000000000000000                 -0.12299928069114685059                  2.49799919128417968750
                 -5.17002868652343750000                  2.43750000000000000000                 -0.01660081930458545685                  2.45410084724426269531
                 10.82997131347656250000                  2.81250000000000000000                  0.40117081999778747559                  2.41132926940917968750
                 26.82997131347656250000                  3.37500000000000000000                  1.00049984455108642578                  2.37450027465820312500
                 42.82997131347656250000                  2.37500000000000000000                  0.02701532095670700073                  2.34798479080200195312
                 58.82997131347656250000                  2.12500000000000000000                 -0.21013630926609039307                  2.33513641357421875000
                 74.82997131347656250000                  2.06250000000000000000                 -0.27532550692558288574                  2.33782553672790527344
                 90.82997131347656250000                  2.00000000000000000000                 -0.35615670680999755859                  2.35615658760070800781
                106.82997131347656250000                  1.56250000000000000000                 -0.82591974735260009766                  2.38841962814331054688
                122.82997131347656250000                  3.00000000000000000000                  0.56870812177658081055                  2.43129181861877441406
                138.82997131347656250000                  2.37500000000000000000                 -0.10526841878890991211                  2.48026847839355468750
                154.82997131347656250000                  3.06250000000000000000                  0.53223907947540283203                  2.53026080131530761719
                170.82997131347656250000                  2.25000000000000000000                 -0.32627570629119873047                  2.57627582550048828125
                186.82997131347656250000                 11.81250000000000000000                  9.19843006134033203125                  2.61406970024108886719
                202.82997131347656250000                 11.62500000000000000000                  8.98431491851806640625                  2.64068508148193359375
                218.82997131347656250000                  3.00000000000000000000                  0.34521880745887756348                  2.65478110313415527344
                234.82997131347656250000                  2.43750000000000000000                 -0.21922242641448974609                  2.65672254562377929688
                250.82997131347656250000                  2.43750000000000000000                 -0.21090991795063018799                  2.64840984344482421875
                266.82997131347656250000                  2.56250000000000000000                 -0.07039730250835418701                  2.63289737701416015625
                282.82997131347656250000                  2.75000000000000000000                  0.13614331185817718506                  2.61385679244995117188
                298.82997131347656250000                  3.06250000000000000000                  0.46751484274864196777                  2.59498524665832519531
                314.82997131347656250000                  2.00000000000000000000                 -0.57944685220718383789                  2.57944679260253906250
                330.82997131347656250000                  2.31250000000000000000                 -0.25693452358245849609                  2.56943464279174804688
                346.82997131347656250000                  2.37500000000000000000                 -0.19091103971004486084                  2.56591105461120605469
                362.82997131347656250000                  3.00000000000000000000                  0.43144258856773376465                  2.56855750083923339844
                378.82997131347656250000                  2.62500000000000000000                  0.04907886683940887451                  2.57592105865478515625
                394.82997131347656250000                  2.25000000000000000000                 -0.33572527766227722168                  2.58572530746459960938
                410.82997131347656250000                  3.06250000000000000000                  0.46722128987312316895                  2.59527873992919921875
                426.82997131347656250000                  2.81250000000000000000                  0.21058443188667297363                  2.60191559791564941406
                442.82997131347656250000                  3.43750000000000000000                  0.83410441875457763672                  2.60339546203613281250
                458.82997131347656250000                  2.56250000000000000000                 -0.03570828214287757874                  2.59820818901062011719
                474.82997131347656250000                  1.62500000000000000000                 -0.96074658632278442383                  2.58574652671813964844
