2.56648879119705
2.58888671835796
2.60203842173818
2.60393944601446
2.59357797558696
2.57118578005615
2.53835709088767
2.49799928118164
2.45410081930059
2.41132919296643
2.37450015757392
2.34798467974388
2.33513630870631
2.33782549571125
2.35615670308589
2.38841972331235
2.43129188725167
2.48026841514939
2.53026091343297
2.57627572106128
2.6140698040271
2.64068499111774
2.65478119743418
2.65672243273212
2.64840991721736
2.63289730132136
2.61385668137731
2.59498514944281
2.57944682855326
2.56943453109728
2.56591103435125
2.56855742414047
2.57592113196114
2.58572527896873
2.59527870132299
2.60191557399206
2.6033955545538
2.59820828060697
2.58574658784407
