16.2902398780745
16.3644804195092
16.4635269406963
16.5851248212434
16.7248431669481
16.8762280960725
17.0311820144943
17.1805442360488
17.314821730472
17.4249978561559
17.5033348059957
17.5440839478288
17.5440274245292
17.5027928409536
17.4229078829455
17.3095898270382
17.1702925208937
17.014057384348
16.8507329612173
16.6901382043772
16.5412476308612
16.4116506470619
16.306098736689
16.2279362590262
16.1771955815444
16.151610177344
16.1467815590202
16.156712751849
16.1744751484012
16.192941075288
16.2055079498507
16.2067411265525
16.1928717471627
16.1621024206751
16.1146956151851
16.0528445901186
15.9803513304318
15.9021570057943
15.8237851888249
