-7.35273987807448
0.573019580490818
-0.463526940696347
-0.460124821243426
-0.287343166948077
-0.376228096072502
-0.656182014494284
0.194455763951193
3.06017826952804
0.325002143844085
0.24666519400434
0.330916052171172
-0.731527424529226
0.0597071590464111
-0.485407882945506
1.06541017296178
1.64220747910631
-0.764057384347989
-1.47573296121731
1.43486179562277
54.2712523691388
78.6508493529381
11.006401263311
1.52206374097375
0.135304418455586
-1.08911017734397
-0.271781559020184
-1.53171275184905
-0.111975148401211
0.744558924711971
1.35699205014934
-1.89424112655249
0.619628252837348
0.712897579324853
0.135304384814884
-0.615344590118614
0.64464866956817
-0.277157005794333
-2.63628518882485
