               -133.17002868652343750000                  8.93750000000000000000                 -7.35273981094360351562                 16.29023933410644531250
               -117.17002868652343750000                 16.93750000000000000000                  0.57301956415176391602                 16.36448097229003906250
               -101.17002868652343750000                 16.00000000000000000000                 -0.46352693438529968262                 16.46352767944335937500
                -85.17002868652343750000                 16.12500000000000000000                 -0.46012482047080993652                 16.58512496948242187500
                -69.17002868652343750000                 16.43750000000000000000                 -0.28734317421913146973                 16.72484397888183593750
                -53.17002868652343750000                 16.50000000000000000000                 -0.37622809410095214844                 16.87622833251953125000
                -37.17002868652343750000                 16.37500000000000000000                 -0.65618199110031127930                 17.03118133544921875000
                -21.17002868652343750000                 17.37500000000000000000                  0.19445575773715972900                 17.18054389953613281250
                 -5.17002868652343750000                 20.37500000000000000000                  3.06017827987670898438                 17.31482124328613281250
                 10.82997131347656250000                 17.75000000000000000000                  0.32500213384628295898                 17.42499732971191406250
                 26.82997131347656250000                 17.75000000000000000000                  0.24666519463062286377                 17.50333404541015625000
                 42.82997131347656250000                 17.87500000000000000000                  0.33091604709625244141                 17.54408454895019531250
                 58.82997131347656250000                 16.81250000000000000000                 -0.73152744770050048828                 17.54402732849121093750
                 74.82997131347656250000                 17.56250000000000000000                  0.05970715731382369995                 17.50279235839843750000
                 90.82997131347656250000                 16.93750000000000000000                 -0.48540788888931274414                 17.42290878295898437500
                106.82997131347656250000                 18.37500000000000000000                  1.06541013717651367188                 17.30958938598632812500
                122.82997131347656250000                 18.81250000000000000000                  1.64220750331878662109                 17.17029190063476562500
                138.82997131347656250000                 16.25000000000000000000                 -0.76405739784240722656                 17.01405715942382812500
                154.82997131347656250000                 15.37500000000000000000                 -1.47573292255401611328                 16.85073280334472656250
                170.82997131347656250000                 18.12500000000000000000                  1.43486177921295166016                 16.69013786315917968750
                186.82997131347656250000                 70.81250000000000000000                 54.27125167846679687500                 16.54124832153320312500
                202.82997131347656250000                 95.06250000000000000000                 78.65084838867187500000                 16.41164970397949218750
                218.82997131347656250000                 27.31250000000000000000                 11.00640106201171875000                 16.30609893798828125000
                234.82997131347656250000                 17.75000000000000000000                  1.52206373214721679688                 16.22793579101562500000
                250.82997131347656250000                 16.31250000000000000000                  0.13530442118644714355                 16.17719650268554687500
                266.82997131347656250000                 15.06250000000000000000                 -1.08911013603210449219                 16.15160942077636718750
                282.82997131347656250000                 15.87500000000000000000                 -0.27178156375885009766                 16.14678192138671875000
                298.82997131347656250000                 14.62500000000000000000                 -1.53171277046203613281                 16.15671348571777343750
                314.82997131347656250000                 16.06250000000000000000                 -0.11197514832019805908                 16.17447471618652343750
                330.82997131347656250000                 16.93750000000000000000                  0.74455893039703369141                 16.19294166564941406250
                346.82997131347656250000                 17.56250000000000000000                  1.35699200630187988281                 16.20550727844238281250
                362.82997131347656250000                 14.31250000000000000000                 -1.89424109458923339844                 16.20674133300781250000
                378.82997131347656250000                 16.81250000000000000000                  0.61962825059890747070                 16.19287109375000000000
                394.82997131347656250000                 16.87500000000000000000                  0.71289759874343872070                 16.16210174560546875000
                410.82997131347656250000                 16.25000000000000000000                  0.13530439138412475586                 16.11469650268554687500
                426.82997131347656250000                 15.43750000000000000000                 -0.61534458398818969727                 16.05284500122070312500
                442.82997131347656250000                 16.62500000000000000000                  0.64464867115020751953                 15.98035144805908203125
                458.82997131347656250000                 15.62500000000000000000                 -0.27715700864791870117                 15.90215682983398437500
                474.82997131347656250000                 13.18750000000000000000                 -2.63628530502319335938                 15.82378482818603515625
