14.8412422075553
15.4079817235283
15.9878537178967
16.5521304181412
17.0732328886153
17.5273296280785
17.8966170996839
18.1709686387185
18.3487046369459
18.4363482401597
18.4473728227804
18.4000988299351
18.3150328522942
18.2120361877709
18.1077442558344
18.013622473602
17.9349415483185
17.870801498351
17.8151556074355
17.7586153252894
17.6906867785887
17.6020239641499
17.4862954182532
17.3413475224311
17.1694910635661
16.976909346533
16.7723519207027
16.5654055896585
16.3647001784001
16.1764001770749
16.0032594994374
15.8443932211084
15.6957743246691
15.5513250922119
15.4043682989545
15.249150561346
15.0821552383989
14.9029794320693
14.7146434803952
