29.0882831599303
29.1016187789434
29.1020587928785
29.0936915501429
29.0827716544195
29.0771174549211
29.0852074059421
29.1150693755918
29.1730971755148
29.2629521492418
29.3847097287734
29.5343896700713
29.7039659114036
29.8818926953161
30.0541154595655
30.2054673608932
30.3212948027909
30.3891166136837
30.4001078876135
30.3502139844576
30.2407419354131
30.0783406939644
29.87436002335
29.643659601577
29.4030135024512
29.1693097363556
28.9577717136717
28.7804239977928
28.6449890090729
28.5543397362748
28.5065553818186
28.495544141276
28.5121225049253
28.5453845682327
28.584165523607
28.6184039296986
28.6402357775243
28.6447036760478
28.6300274328515
