-12.0882831599303
1.2108812210566
-1.03955879287849
0.0938084498570504
1.04222834558049
0.172882545078917
1.22729259405794
-2.11506937559177
-1.48559717551478
0.737047850758199
0.490290271226584
1.77811032992869
1.04603408859636
-1.31939269531608
-0.241615459565505
-0.955467360893199
-0.00879480279090217
0.360883386316335
1.03739211238652
-1.78771398445755
41.4467580645869
46.1091593060357
0.375639976650017
-1.33115960157696
0.034486497548766
-0.169309736355579
1.04222828632826
-0.155423997792759
-2.39498900907293
1.94566026372517
0.243444618181371
-1.74554414127597
1.61287749507467
-2.04538456823266
1.04083447639296
-0.868403929698577
0.23476422247569
1.04279632395224
-5.75502743285145
