               -133.17002868652343750000                 17.00000000000000000000                -12.08828353881835937500                 29.08828353881835937500
               -117.17002868652343750000                 30.31250000000000000000                  1.21088123321533203125                 29.10161972045898437500
               -101.17002868652343750000                 28.06250000000000000000                 -1.03955876827239990234                 29.10205841064453125000
                -85.17002868652343750000                 29.18750000000000000000                  0.09380844980478286743                 29.09369087219238281250
                -69.17002868652343750000                 30.12500000000000000000                  1.04222834110260009766                 29.08277130126953125000
                -53.17002868652343750000                 29.25000000000000000000                  0.17288254201412200928                 29.07711791992187500000
                -37.17002868652343750000                 30.31250000000000000000                  1.22729253768920898438                 29.08520698547363281250
                -21.17002868652343750000                 27.00000000000000000000                 -2.11506938934326171875                 29.11506843566894531250
                 -5.17002868652343750000                 27.68750000000000000000                 -1.48559713363647460938                 29.17309761047363281250
                 10.82997131347656250000                 30.00000000000000000000                  0.73704785108566284180                 29.26295280456542968750
                 26.82997131347656250000                 29.87500000000000000000                  0.49029028415679931641                 29.38471031188964843750
                 42.82997131347656250000                 31.31250000000000000000                  1.77811038494110107422                 29.53438949584960937500
                 58.82997131347656250000                 30.75000000000000000000                  1.04603409767150878906                 29.70396614074707031250
                 74.82997131347656250000                 28.56250000000000000000                 -1.31939268112182617188                 29.88189315795898437500
                 90.82997131347656250000                 29.81250000000000000000                 -0.24161545932292938232                 30.05411529541015625000
                106.82997131347656250000                 29.25000000000000000000                 -0.95546734333038330078                 30.20546722412109375000
                122.82997131347656250000                 30.31250000000000000000                 -0.00879480317234992981                 30.32129478454589843750
                138.82997131347656250000                 30.75000000000000000000                  0.36088338494300842285                 30.38911628723144531250
                154.82997131347656250000                 31.43750000000000000000                  1.03739213943481445312                 30.40010833740234375000
                170.82997131347656250000                 28.56250000000000000000                 -1.78771400451660156250                 30.35021400451660156250
                186.82997131347656250000                 71.68750000000000000000                 41.44675827026367187500                 30.24074172973632812500
                202.82997131347656250000                 76.18750000000000000000                 46.10915756225585937500                 30.07834053039550781250
                218.82997131347656250000                 30.25000000000000000000                  0.37563997507095336914                 29.87435913085937500000
                234.82997131347656250000                 28.31250000000000000000                 -1.33115959167480468750                 29.64365959167480468750
                250.82997131347656250000                 29.43750000000000000000                  0.03448649868369102478                 29.40301322937011718750
                266.82997131347656250000                 29.00000000000000000000                 -0.16930973529815673828                 29.16930961608886718750
                282.82997131347656250000                 30.00000000000000000000                  1.04222834110260009766                 28.95777130126953125000
                298.82997131347656250000                 28.62500000000000000000                 -0.15542399883270263672                 28.78042411804199218750
                314.82997131347656250000                 26.25000000000000000000                 -2.39498901367187500000                 28.64498901367187500000
                330.82997131347656250000                 30.50000000000000000000                  1.94566023349761962891                 28.55434036254882812500
                346.82997131347656250000                 28.75000000000000000000                  0.24344462156295776367                 28.50655555725097656250
                362.82997131347656250000                 26.75000000000000000000                 -1.74554419517517089844                 28.49554443359375000000
                378.82997131347656250000                 30.12500000000000000000                  1.61287748813629150391                 28.51212310791015625000
                394.82997131347656250000                 26.50000000000000000000                 -2.04538464546203613281                 28.54538536071777343750
                410.82997131347656250000                 29.62500000000000000000                  1.04083442687988281250                 28.58416557312011718750
                426.82997131347656250000                 27.75000000000000000000                 -0.86840391159057617188                 28.61840438842773437500
                442.82997131347656250000                 28.87500000000000000000                  0.23476421833038330078                 28.64023590087890625000
                458.82997131347656250000                 29.68750000000000000000                  1.04279637336730957031                 28.64470291137695312500
                474.82997131347656250000                 22.87500000000000000000                 -5.75502729415893554688                 28.63002777099609375000
