6.92689117625865
6.84748618196741
6.74630249059041
6.62653188826924
6.4927092296308
6.35050595595498
6.20641339827907
6.06733466980309
5.94011463463296
5.83104591362021
5.74539400062136
5.6869854613013
5.65789945108266
5.65829452116904
5.68639053946478
5.73861071386115
5.80987275676635
5.89400299545324
5.98423454656045
6.07374213098885
6.15616283072095
6.22595635995769
6.2792518394809
6.31309111228193
6.32649232441279
6.31990020294201
6.29510265411211
6.25495554157716
6.20305011987329
6.14336150925305
6.07991386374114
6.01649118168814
5.95641340539096
5.90238715924781
5.85643074206718
5.81986507741869
5.79335702530382
5.77699902158488
5.77040919415878
