               -133.17002868652343750000                  2.81250000000000000000                 -4.11439132690429687500                  6.92689132690429687500
               -117.17002868652343750000                  7.50000000000000000000                  0.65251380205154418945                  6.84748601913452148438
               -101.17002868652343750000                  6.37500000000000000000                 -0.37130248546600341797                  6.74630260467529296875
                -85.17002868652343750000                  6.06250000000000000000                 -0.56403189897537231445                  6.62653207778930664062
                -69.17002868652343750000                  6.81250000000000000000                  0.31979078054428100586                  6.49270915985107421875
                -53.17002868652343750000                  6.50000000000000000000                  0.14949403703212738037                  6.35050582885742187500
                -37.17002868652343750000                  6.12500000000000000000                 -0.08141339570283889771                  6.20641326904296875000
                -21.17002868652343750000                  6.31250000000000000000                  0.24516533315181732178                  6.06733465194702148438
                 -5.17002868652343750000                  5.75000000000000000000                 -0.19011463224887847900                  5.94011449813842773438
                 10.82997131347656250000                  5.75000000000000000000                 -0.08104591071605682373                  5.83104610443115234375
                 26.82997131347656250000                  5.43750000000000000000                 -0.30789399147033691406                  5.74539422988891601562
                 42.82997131347656250000                  5.50000000000000000000                 -0.18698546290397644043                  5.68698549270629882812
                 58.82997131347656250000                  6.37500000000000000000                  0.71710056066513061523                  5.65789937973022460938
                 74.82997131347656250000                  6.25000000000000000000                  0.59170550107955932617                  5.65829467773437500000
                 90.82997131347656250000                  4.81250000000000000000                 -0.87389051914215087891                  5.68639039993286132812
                106.82997131347656250000                  5.68750000000000000000                 -0.05111071467399597168                  5.73861074447631835938
                122.82997131347656250000                  5.18750000000000000000                 -0.62237274646759033203                  5.80987262725830078125
                138.82997131347656250000                  5.81250000000000000000                 -0.08150299638509750366                  5.89400291442871093750
                154.82997131347656250000                  5.87500000000000000000                 -0.10923454910516738892                  5.98423433303833007812
                170.82997131347656250000                  6.31250000000000000000                  0.23875786364078521729                  6.07374191284179687500
                186.82997131347656250000                 55.62500000000000000000                 49.46883773803710937500                  6.15616273880004882812
                202.82997131347656250000                 74.68750000000000000000                 68.46154022216796875000                  6.22595643997192382812
                218.82997131347656250000                 10.87500000000000000000                  4.59574794769287109375                  6.27925205230712890625
                234.82997131347656250000                  7.18750000000000000000                  0.87440890073776245117                  6.31309127807617187500
                250.82997131347656250000                  5.56250000000000000000                 -0.76399230957031250000                  6.32649230957031250000
                266.82997131347656250000                  6.25000000000000000000                 -0.06990019977092742920                  6.31990003585815429688
                282.82997131347656250000                  6.31250000000000000000                  0.01739734597504138947                  6.29510259628295898438
                298.82997131347656250000                  6.31250000000000000000                  0.05754445865750312805                  6.25495576858520507812
                314.82997131347656250000                  5.37500000000000000000                 -0.82805013656616210938                  6.20305013656616210938
                330.82997131347656250000                  6.87500000000000000000                  0.73163849115371704102                  6.14336156845092773438
                346.82997131347656250000                  5.31250000000000000000                 -0.76741385459899902344                  6.07991409301757812500
                362.82997131347656250000                  6.06250000000000000000                  0.04600881785154342651                  6.01649141311645507812
                378.82997131347656250000                  5.87500000000000000000                 -0.08141340315341949463                  5.95641326904296875000
                394.82997131347656250000                  6.12500000000000000000                  0.22261284291744232178                  5.90238714218139648438
                410.82997131347656250000                  5.43750000000000000000                 -0.41893073916435241699                  5.85643053054809570312
                426.82997131347656250000                  6.43750000000000000000                  0.61763495206832885742                  5.81986522674560546875
                442.82997131347656250000                  5.18750000000000000000                 -0.60585701465606689453                  5.79335689544677734375
                458.82997131347656250000                  6.50000000000000000000                  0.72300100326538085938                  5.77699899673461914062
                474.82997131347656250000                  4.62500000000000000000                 -1.14540922641754150391                  5.77040910720825195312
