27.8378144093136
27.9001811305418
27.9480398640353
27.9798668915126
27.9951096611121
27.9943271974625
27.9792174668084
27.9525096526925
27.9177166428295
27.8787639405973
27.8395323434245
27.8033692049961
27.772633284391
27.7483384798177
27.7299512279963
27.7153761299462
27.7011375015899
27.6827355542766
27.6551298973425
27.6132847136194
27.5527025929904
27.469777291393
27.3626239423773
27.230225672824
27.0734490017037
26.8943970556076
26.696274580815
26.4831043191388
26.2594451281657
26.0301499347205
25.8001847061778
25.5745106564843
25.3580151050301
25.1554652445782
24.971455565732
24.8103240605434
24.6760231002836
24.5719452784866
24.5007191438894
