23.8804898673354
24.9781114674046
25.9999965718647
26.8905402841217
27.6076496685908
28.127715973233
28.4484793449318
28.5892476725944
28.5882872141012
28.4976160719564
28.3758371939045
28.279976337538
28.2574819333629
28.3395580135315
28.5368274519257
28.8379825368071
29.2116255371968
29.6110075715417
29.9809229722465
30.2656856988202
30.416961057616
30.4002757476499
30.1992716178532
29.8171587664449
29.2752912189691
28.609250484764
27.8631991798196
27.0834970063641
26.3126220154857
25.584312465505
24.9205720480457
24.3308212751895
23.8130998464562
23.3568964266922
22.9469566561701
22.5673273624663
22.2049380160808
21.8521777343325
21.5081575170408
