22.7600085333423
22.8991335757348
23.025557744602
23.1302361459575
23.2060157450103
23.248513267306
23.2567089742595
23.2331542840931
23.1837386507677
23.1170208019203
23.0431927369725
22.9728019411911
22.9153986394945
22.8782932159862
22.8656001938003
22.8777096491473
22.9112691774496
22.959687769913
23.0140978463666
23.0646446184816
23.101923249953
23.1183615361616
23.109352694765
23.0739784399911
23.0152214778734
22.9396399761442
22.8565533016613
22.7768568124036
22.7116335681073
22.6707553152267
22.6616609568148
22.6884694287078
22.7515311707166
22.847457073647
22.9695963775812
23.1088757887291
23.2548694845437
23.3969489232492
23.5253638443397
