               -133.17002868652343750000                 13.56250000000000000000                 -9.19750881195068359375                 22.76000785827636718750
               -117.17002868652343750000                 23.18750000000000000000                  0.28836643695831298828                 22.89913368225097656250
               -101.17002868652343750000                 22.43750000000000000000                 -0.58805775642395019531                 23.02555847167968750000
                -85.17002868652343750000                 23.25000000000000000000                  0.11976385116577148438                 23.13023567199707031250
                -69.17002868652343750000                 23.18750000000000000000                 -0.01851574517786502838                 23.20601654052734375000
                -53.17002868652343750000                 24.62500000000000000000                  1.37648677825927734375                 23.24851417541503906250
                -37.17002868652343750000                 24.12500000000000000000                  0.86829102039337158203                 23.25670814514160156250
                -21.17002868652343750000                 26.12500000000000000000                  2.89184570312500000000                 23.23315429687500000000
                 -5.17002868652343750000                 22.81250000000000000000                 -0.37123864889144897461                 23.18373870849609375000
                 10.82997131347656250000                 22.93750000000000000000                 -0.17952080070972442627                 23.11702156066894531250
                 26.82997131347656250000                 22.81250000000000000000                 -0.23069274425506591797                 23.04319190979003906250
                 42.82997131347656250000                 23.18750000000000000000                  0.21469806134700775146                 22.97280120849609375000
                 58.82997131347656250000                 22.62500000000000000000                 -0.29039862751960754395                 22.91539955139160156250
                 74.82997131347656250000                 25.75000000000000000000                  2.87170672416687011719                 22.87829399108886718750
                 90.82997131347656250000                 21.93750000000000000000                 -0.92810016870498657227                 22.86560058593750000000
                106.82997131347656250000                 22.31250000000000000000                 -0.56520962715148925781                 22.87771034240722656250
                122.82997131347656250000                 23.06250000000000000000                  0.15123082697391510010                 22.91126823425292968750
                138.82997131347656250000                 23.25000000000000000000                  0.29031223058700561523                 22.95968818664550781250
                154.82997131347656250000                 23.18750000000000000000                  0.17340216040611267090                 23.01409721374511718750
                170.82997131347656250000                 22.87500000000000000000                 -0.18964461982250213623                 23.06464385986328125000
                186.82997131347656250000                 34.37500000000000000000                 11.27307701110839843750                 23.10192298889160156250
                202.82997131347656250000                 29.06250000000000000000                  5.94413852691650390625                 23.11836242675781250000
                218.82997131347656250000                 20.43750000000000000000                 -2.67185258865356445312                 23.10935211181640625000
                234.82997131347656250000                 21.06250000000000000000                 -2.01147842407226562500                 23.07397842407226562500
                250.82997131347656250000                 24.56250000000000000000                  1.54727852344512939453                 23.01522064208984375000
                266.82997131347656250000                 23.31250000000000000000                  0.37286001443862915039                 22.93964004516601562500
                282.82997131347656250000                 24.75000000000000000000                  1.89344668388366699219                 22.85655403137207031250
                298.82997131347656250000                 20.75000000000000000000                 -2.02685689926147460938                 22.77685737609863281250
                314.82997131347656250000                 23.00000000000000000000                  0.28836643695831298828                 22.71163368225097656250
                330.82997131347656250000                 21.50000000000000000000                 -1.17075526714324951172                 22.67075538635253906250
                346.82997131347656250000                 22.12500000000000000000                 -0.53666096925735473633                 22.66166114807128906250
                362.82997131347656250000                 21.37500000000000000000                 -1.31346940994262695312                 22.68846893310546875000
                378.82997131347656250000                 23.81250000000000000000                  1.06096887588500976562                 22.75153160095214843750
                394.82997131347656250000                 23.00000000000000000000                  0.15254291892051696777                 22.84745788574218750000
                410.82997131347656250000                 21.81250000000000000000                 -1.15709638595581054688                 22.96959686279296875000
                426.82997131347656250000                 23.56250000000000000000                  0.45362421870231628418                 23.10887527465820312500
                442.82997131347656250000                 24.12500000000000000000                  0.87013053894042968750                 23.25486946105957031250
                458.82997131347656250000                 23.68750000000000000000                  0.29055106639862060547                 23.39694976806640625000
                474.82997131347656250000                 20.00000000000000000000                 -3.52536392211914062500                 23.52536392211914062500
