28.8788528496006
29.0661721648126
29.2595855387825
29.453573022625
29.6429091050984
29.8230449229753
29.9904044714284
30.1425607276638
30.2782739227811
30.3973930549478
30.5006400414135
30.5893106383001
30.6649350469509
30.7289427249171
30.7823704542534
30.8256416703073
30.8584309542083
30.8796134971749
30.8872881757035
30.8788567758332
30.8511417436931
30.8005354457854
30.7231388219031
30.6150087104712
30.4723341350061
30.2917438102189
30.0706359085436
29.8075610647694
29.5026291534403
29.1578983189216
28.777690951709
28.3687753483574
27.9403565493898
27.5038361926284
27.072327638614
26.6599453691436
26.2809213845961
25.948630115501
25.6746219127999
