               -133.17002868652343750000                 17.37500000000000000000                -11.50385284423828125000                 28.87885284423828125000
               -117.17002868652343750000                 29.81250000000000000000                  0.74632781744003295898                 29.06617164611816406250
               -101.17002868652343750000                 28.50000000000000000000                 -0.75958555936813354492                 29.25958633422851562500
                -85.17002868652343750000                 29.18750000000000000000                 -0.26607301831245422363                 29.45357322692871093750
                -69.17002868652343750000                 30.81250000000000000000                  1.16959095001220703125                 29.64291000366210937500
                -53.17002868652343750000                 31.12500000000000000000                  1.30195510387420654297                 29.82304573059082031250
                -37.17002868652343750000                 30.25000000000000000000                  0.25959554314613342285                 29.99040412902832031250
                -21.17002868652343750000                 29.87500000000000000000                 -0.26756072044372558594                 30.14256095886230468750
                 -5.17002868652343750000                 34.12500000000000000000                  3.84672617912292480469                 30.27827453613281250000
                 10.82997131347656250000                 28.31250000000000000000                 -2.08489298820495605469                 30.39739227294921875000
                 26.82997131347656250000                 31.00000000000000000000                  0.49935996532440185547                 30.50064086914062500000
                 42.82997131347656250000                 29.06250000000000000000                 -1.52681064605712890625                 30.58930969238281250000
                 58.82997131347656250000                 32.31250000000000000000                  1.64756500720977783203                 30.66493415832519531250
                 74.82997131347656250000                 30.37500000000000000000                 -0.35394272208213806152                 30.72894287109375000000
                 90.82997131347656250000                 33.00000000000000000000                  2.21762943267822265625                 30.78236961364746093750
                106.82997131347656250000                 29.68750000000000000000                 -1.13814163208007812500                 30.82564163208007812500
                122.82997131347656250000                 31.12500000000000000000                  0.26656904816627502441                 30.85843086242675781250
                138.82997131347656250000                 31.12500000000000000000                  0.24538649618625640869                 30.87961387634277343750
                154.82997131347656250000                 31.68750000000000000000                  0.80021184682846069336                 30.88728904724121093750
                170.82997131347656250000                 28.62500000000000000000                 -2.25385665893554687500                 30.87885665893554687500
                186.82997131347656250000                111.25000000000000000000                 80.39885711669921875000                 30.85114097595214843750
                202.82997131347656250000                167.56250000000000000000                136.76196289062500000000                 30.80053520202636718750
                218.82997131347656250000                 50.43750000000000000000                 19.71436119079589843750                 30.72313880920410156250
                234.82997131347656250000                 32.68750000000000000000                  2.07249140739440917969                 30.61500930786132812500
                250.82997131347656250000                 31.50000000000000000000                  1.02766585350036621094                 30.47233390808105468750
                266.82997131347656250000                 29.81250000000000000000                 -0.47924381494522094727                 30.29174423217773437500
                282.82997131347656250000                 31.25000000000000000000                  1.17936408519744873047                 30.07063674926757812500
                298.82997131347656250000                 26.37500000000000000000                 -3.43256115913391113281                 29.80756187438964843750
                314.82997131347656250000                 25.81250000000000000000                 -3.69012904167175292969                 29.50262832641601562500
                330.82997131347656250000                 28.56250000000000000000                 -0.59539830684661865234                 29.15789794921875000000
                346.82997131347656250000                 32.12500000000000000000                  3.34730911254882812500                 28.77769088745117187500
                362.82997131347656250000                 28.93750000000000000000                  0.56872463226318359375                 28.36877441406250000000
                378.82997131347656250000                 28.56250000000000000000                  0.62214344739913940430                 27.94035720825195312500
                394.82997131347656250000                 28.31250000000000000000                  0.80866378545761108398                 27.50383567810058593750
                410.82997131347656250000                 24.68750000000000000000                 -2.38482761383056640625                 27.07232856750488281250
                426.82997131347656250000                 29.68750000000000000000                  3.02755451202392578125                 26.65994453430175781250
                442.82997131347656250000                 25.93750000000000000000                 -0.34342136979103088379                 26.28092193603515625000
                458.82997131347656250000                 25.18750000000000000000                 -0.76113009452819824219                 25.94862937927246093750
                474.82997131347656250000                 21.06250000000000000000                 -4.61212205886840820312                 25.67462158203125000000
