15.6738132307792
15.5980864392259
15.5002869797795
15.3882292432405
15.2717141693402
15.1618178620062
15.0700056514071
15.0071503987155
14.9825445274723
15.0029964613972
15.0720948437646
15.1897099089448
15.3517826181278
15.5504302227955
15.7743727658713
16.0096592736996
16.2406457542349
16.4511510267068
16.625693389252
16.750694752597
16.8155331539898
16.8133329547188
16.7414061531336
16.6012969402766
16.3984304834953
16.1414187144368
15.8411218050895
15.5095954701879
15.1590648991804
14.8010535015822
14.4457608789069
14.1017359855203
13.7758377886638
13.4734273125691
13.1987008476223
12.9550601390056
12.7454229342489
12.572403244248
12.4383283521686
