-6.67381323077918
1.8394135607741
0.24971302022054
0.861770756759469
1.35328583065976
-1.09931786200618
-1.0700056514071
-1.69465039871546
2.20495547252768
0.497003538602783
-0.572094843764557
1.18529009105517
-0.289282618127841
0.574569777204463
-0.46187276587127
0.30284072630041
0.571854245765124
-1.13865102670678
-1.50069338925195
-1.31319475259703
18.6219668460102
25.6241670452812
3.19609384686637
0.961203059723371
-0.148430483495307
-0.891418714436821
-0.0911218050895002
-0.572095470187859
-0.034064899180386
-1.17605350158216
-0.133260878906922
2.27326401447973
0.536662211336225
0.964072687430875
-0.573700847622273
-0.267560139005584
1.56707706575115
-0.572403244248044
-0.813328352168558
