               -133.17002868652343750000                  9.00000000000000000000                 -6.67381334304809570312                 15.67381286621093750000
               -117.17002868652343750000                 17.43750000000000000000                  1.83941352367401123047                 15.59808635711669921875
               -101.17002868652343750000                 15.75000000000000000000                  0.24971301853656768799                 15.50028705596923828125
                -85.17002868652343750000                 16.25000000000000000000                  0.86177074909210205078                 15.38822937011718750000
                -69.17002868652343750000                 16.62500000000000000000                  1.35328578948974609375                 15.27171421051025390625
                -53.17002868652343750000                 14.06250000000000000000                 -1.09931790828704833984                 15.16181755065917968750
                -37.17002868652343750000                 14.00000000000000000000                 -1.07000565528869628906                 15.07000541687011718750
                -21.17002868652343750000                 13.31250000000000000000                 -1.69465041160583496094                 15.00715065002441406250
                 -5.17002868652343750000                 17.18750000000000000000                  2.20495557785034179688                 14.98254489898681640625
                 10.82997131347656250000                 15.50000000000000000000                  0.49700352549552917480                 15.00299644470214843750
                 26.82997131347656250000                 14.50000000000000000000                 -0.57209485769271850586                 15.07209491729736328125
                 42.82997131347656250000                 16.37500000000000000000                  1.18529009819030761719                 15.18970966339111328125
                 58.82997131347656250000                 15.06250000000000000000                 -0.28928261995315551758                 15.35178279876708984375
                 74.82997131347656250000                 16.12500000000000000000                  0.57456976175308227539                 15.55043029785156250000
                 90.82997131347656250000                 15.31250000000000000000                 -0.46187275648117065430                 15.77437305450439453125
                106.82997131347656250000                 16.31250000000000000000                  0.30284073948860168457                 16.00965881347656250000
                122.82997131347656250000                 16.81250000000000000000                  0.57185423374176025391                 16.24064636230468750000
                138.82997131347656250000                 15.31250000000000000000                 -1.13865101337432861328                 16.45115089416503906250
                154.82997131347656250000                 15.12500000000000000000                 -1.50069344043731689453                 16.62569427490234375000
                170.82997131347656250000                 15.43750000000000000000                 -1.31319475173950195312                 16.75069427490234375000
                186.82997131347656250000                 35.43750000000000000000                 18.62196731567382812500                 16.81553268432617187500
                202.82997131347656250000                 42.43750000000000000000                 25.62416648864746093750                 16.81333351135253906250
                218.82997131347656250000                 19.93750000000000000000                  3.19609379768371582031                 16.74140548706054687500
                234.82997131347656250000                 17.56250000000000000000                  0.96120303869247436523                 16.60129737854003906250
                250.82997131347656250000                 16.25000000000000000000                 -0.14843048155307769775                 16.39842987060546875000
                266.82997131347656250000                 15.25000000000000000000                 -0.89141869544982910156                 16.14141845703125000000
                282.82997131347656250000                 15.75000000000000000000                 -0.09112180769443511963                 15.84112167358398437500
                298.82997131347656250000                 14.93750000000000000000                 -0.57209545373916625977                 15.50959587097167968750
                314.82997131347656250000                 15.12500000000000000000                 -0.03406490013003349304                 15.15906524658203125000
                330.82997131347656250000                 13.62500000000000000000                 -1.17605352401733398438                 14.80105304718017578125
                346.82997131347656250000                 14.31250000000000000000                 -0.13326087594032287598                 14.44576072692871093750
                362.82997131347656250000                 16.37500000000000000000                  2.27326393127441406250                 14.10173606872558593750
                378.82997131347656250000                 14.31250000000000000000                  0.53666222095489501953                 13.77583789825439453125
                394.82997131347656250000                 14.43750000000000000000                  0.96407270431518554688                 13.47342777252197265625
                410.82997131347656250000                 12.62500000000000000000                 -0.57370084524154663086                 13.19870090484619140625
                426.82997131347656250000                 12.68750000000000000000                 -0.26756012439727783203                 12.95506000518798828125
                442.82997131347656250000                 14.31250000000000000000                  1.56707704067230224609                 12.74542331695556640625
                458.82997131347656250000                 12.00000000000000000000                 -0.57240325212478637695                 12.57240295410156250000
                474.82997131347656250000                 11.62500000000000000000                 -0.81332832574844360352                 12.43832874298095703125
