1.1552634390285
1.18944387333101
1.22236713388056
1.25211579684497
1.27731071392849
1.29731639105721
1.31235441283263
1.32349926973558
1.33254713241389
1.34176739626456
1.35356609033444
1.37010615700224
1.39293918934218
1.42270445630815
1.45894334406226
1.50006165352439
1.54345091075126
1.58575637670109
1.62325759842862
1.6523106523119
1.66979231054353
1.6734864866342
1.66236223329111
1.63670861162457
1.59811219880801
1.54928458276346
1.49376666496129
1.43555125929292
1.37867356521575
1.32681995393978
1.28299959640747
1.2493121740535
1.22683027389625
1.21559937725638
1.21474381931765
1.22265554717456
1.23723515422465
1.25615202611536
1.27709230213286
