-0.530263439028499
0.18555612666899
-0.0973671338805577
-0.314615796844966
0.0976892860715057
-0.0473163910572052
0.500145587167373
-0.0734992697355756
0.167452867586107
0.158232603735441
-0.478566090334435
-0.182606157002236
-0.26793918934218
0.577295543691848
-0.146443344062261
-0.125061653524386
0.519049089248742
-0.460756376701095
0.439242401571378
0.0976893476880991
3.45520768945647
4.1390135133658
-0.724862233291113
-0.0117086116245657
-0.0981121988080071
0.0132154172365384
0.0687333350387067
0.126948740707075
-0.0036735652157518
-0.201819953939783
-0.0329995964074705
0.0631878259465044
0.0231697261037538
-0.153099377256377
0.0977561806823526
-0.097655547174555
0.825264845775354
0.368847973884642
-0.214592302132864
