               -133.17002868652343750000                 40.81250000000000000000
               -117.17002868652343750000                 69.75000000000000000000
               -101.17002868652343750000                 75.68750000000000000000
                -85.17002868652343750000                 71.81250000000000000000
                -69.17002868652343750000                 68.12500000000000000000
                -53.17002868652343750000                 69.43750000000000000000
                -37.17002868652343750000                 69.75000000000000000000
                -21.17002868652343750000                 73.18750000000000000000
                 -5.17002868652343750000                 74.25000000000000000000
                 10.82997131347656250000                 68.56250000000000000000
                 26.82997131347656250000                 67.87500000000000000000
                 42.82997131347656250000                 67.87500000000000000000
                 58.82997131347656250000                 65.93750000000000000000
                 74.82997131347656250000                 66.37500000000000000000
                 90.82997131347656250000                 71.87500000000000000000
                106.82997131347656250000                 70.31250000000000000000
                122.82997131347656250000                 69.31250000000000000000
                138.82997131347656250000                 67.93750000000000000000
                154.82997131347656250000                 67.43750000000000000000
                170.82997131347656250000                 72.12500000000000000000
                186.82997131347656250000                534.50000000000000000000
                202.82997131347656250000                652.68750000000000000000
                218.82997131347656250000                106.12500000000000000000
                234.82997131347656250000                 74.12500000000000000000
                250.82997131347656250000                 74.12500000000000000000
                266.82997131347656250000                 73.50000000000000000000
                282.82997131347656250000                 71.12500000000000000000
                298.82997131347656250000                 70.93750000000000000000
                314.82997131347656250000                 73.75000000000000000000
                330.82997131347656250000                 69.31250000000000000000
                346.82997131347656250000                 70.56250000000000000000
                362.82997131347656250000                 69.81250000000000000000
                378.82997131347656250000                 71.12500000000000000000
                394.82997131347656250000                 70.25000000000000000000
                410.82997131347656250000                 72.43750000000000000000
                426.82997131347656250000                 66.56250000000000000000
                442.82997131347656250000                 68.93750000000000000000
                458.82997131347656250000                 67.50000000000000000000
                474.82997131347656250000                 54.37500000000000000000
