               -133.17002868652343750000                 40.81250000000000000000                -16.43785858154296875000                 57.25035858154296875000
               -117.17002868652343750000                 69.75000000000000000000                 10.10037231445312500000                 59.64962768554687500000
               -101.17002868652343750000                 75.68750000000000000000                 13.74913024902343750000                 61.93836975097656250000
                -85.17002868652343750000                 71.81250000000000000000                  7.81521558761596679688                 63.99728393554687500000
                -69.17002868652343750000                 68.12500000000000000000                  2.38742160797119140625                 65.73757934570312500000
                -53.17002868652343750000                 69.43750000000000000000                  2.32606244087219238281                 67.11143493652343750000
                -37.17002868652343750000                 69.75000000000000000000                  1.63202595710754394531                 68.11797332763671875000
                -21.17002868652343750000                 73.18750000000000000000                  4.38391017913818359375                 68.80358886718750000000
                 -5.17002868652343750000                 74.25000000000000000000                  4.99360227584838867188                 69.25640106201171875000
                 10.82997131347656250000                 68.56250000000000000000                 -1.03261792659759521484                 69.59511566162109375000
                 26.82997131347656250000                 67.87500000000000000000                 -2.07865047454833984375                 69.95365142822265625000
                 42.82997131347656250000                 67.87500000000000000000                 -2.58817172050476074219                 70.46317291259765625000
                 58.82997131347656250000                 65.93750000000000000000                 -5.29652261734008789062                 71.23402404785156250000
                 74.82997131347656250000                 66.37500000000000000000                 -5.96477413177490234375                 72.33977508544921875000
                 90.82997131347656250000                 71.87500000000000000000                 -1.93064582347869873047                 73.80564880371093750000
                106.82997131347656250000                 70.31250000000000000000                 -5.29039955139160156250                 75.60289764404296875000
                122.82997131347656250000                 69.31250000000000000000                 -8.33757114410400390625                 77.65007019042968750000
                138.82997131347656250000                 67.93750000000000000000                -11.88345909118652343750                 79.82096099853515625000
                154.82997131347656250000                 67.43750000000000000000                -14.52087116241455078125                 81.95837402343750000000
                170.82997131347656250000                 72.12500000000000000000                -11.76683998107910156250                 83.89183807373046875000
                186.82997131347656250000                534.50000000000000000000                449.04299926757812500000                 85.45698547363281250000
                202.82997131347656250000                652.68750000000000000000                566.17346191406250000000                 86.51402282714843750000
                218.82997131347656250000                106.12500000000000000000                 19.16199302673339843750                 86.96300506591796875000
                234.82997131347656250000                 74.12500000000000000000                -12.62913513183593750000                 86.75413513183593750000
                250.82997131347656250000                 74.12500000000000000000                -11.76684474945068359375                 85.89184570312500000000
                266.82997131347656250000                 73.50000000000000000000                -10.93263435363769531250                 84.43263244628906250000
                282.82997131347656250000                 71.12500000000000000000                -11.35222053527832031250                 82.47721862792968750000
                298.82997131347656250000                 70.93750000000000000000                 -9.22089290618896484375                 80.15839385986328125000
                314.82997131347656250000                 73.75000000000000000000                 -3.87638401985168457031                 77.62638092041015625000
                330.82997131347656250000                 69.31250000000000000000                 -5.72124481201171875000                 75.03374481201171875000
                346.82997131347656250000                 70.56250000000000000000                 -1.95905005931854248047                 72.52155303955078125000
                362.82997131347656250000                 69.81250000000000000000                 -0.39590126276016235352                 70.20840454101562500000
                378.82997131347656250000                 71.12500000000000000000                  2.94186425209045410156                 68.18313598632812500000
                394.82997131347656250000                 70.25000000000000000000                  3.74843716621398925781                 66.50156402587890625000
                410.82997131347656250000                 72.43750000000000000000                  7.25051307678222656250                 65.18698883056640625000
                426.82997131347656250000                 66.56250000000000000000                  2.32866358757019042969                 64.23383331298828125000
                442.82997131347656250000                 68.93750000000000000000                  5.32404279708862304688                 63.61345672607421875000
                458.82997131347656250000                 67.50000000000000000000                  4.21898269653320312500                 63.28101730346679687500
                474.82997131347656250000                 54.37500000000000000000                 -8.80755519866943359375                 63.18255615234375000000
