57.2503592206602
59.649627497277
61.9383693885032
63.9972843664051
65.7375783510626
67.1114375952569
68.1179740070763
68.803589887323
69.2563978183873
69.5951179217647
69.9536504653028
70.4631717721035
71.2340223991173
72.3397742669279
73.8056458231515
75.6028994243116
77.6500710210605
79.8209588327186
81.9583707927521
83.8918404451193
85.4569891380201
86.5140203042142
86.9630061678877
86.7541353754683
85.891844745258
84.4326342604419
82.477220884285
80.1583929191394
77.626384085811
75.0337447919545
72.5215501186061
70.2084012596548
68.1831356522494
66.5015628796823
65.1869867529875
64.2338363848464
63.6134570641265
63.2810175113391
63.1825551726132
