-9.85182475385865
0.778997805292981
-0.342190948935457
0.295555949473282
-1.10957390115721
1.07679263820812
-0.575763581593772
0.686778681361126
0.489939935349394
-0.294296532971714
0.577909057877449
0.0355412180363501
0.00631605339899366
-0.894578143463523
1.88673964514817
-2.28113272936446
0.285796269062939
-0.600358640870198
-0.562109153015601
0.0927211843842137
10.2449880008755
6.77555725321645
0.0641647724830747
0.550986114971039
-1.26393763011751
0.929167852488845
1.50013290563835
-1.24543804976399
-1.00267415805012
-1.21633160195146
0.29525534221273
0.466010497713828
-0.70487547129153
-0.0903223034258893
-0.0606203805364132
-0.296514588884225
1.33499008545464
1.02972615211447
-6.70450885724999
