-15.6934547662169
0.859909321260908
1.51558206468999
-2.9830405539385
-0.709317806266988
-0.490144378093134
0.845325346514088
0.967408844283781
-0.327100184691538
-0.862903094295369
-0.334425749443156
0.195418525246268
0.23320965220708
-1.83288375933194
-0.859399431477215
4.67536315744099
-0.643718415101795
2.82868990371742
-1.01661417063752
-0.670267459079319
33.0571407643751
35.4725860389756
0.0641564910396539
-0.68453514929945
-1.4793771988037
-0.0256101156370576
0.224588197558241
-3.55107862337986
-0.856557187710472
-1.06493601734568
1.5181527115174
0.965414987028701
2.97585837595041
0.122683966680995
-0.773558013583006
-1.45878014689324
-0.245974071906112
0.85990891855355
-5.46226563400794
