               -133.17002868652343750000                 19.50000000000000000000                -15.69345474243164062500                 35.19345474243164062500
               -117.17002868652343750000                 36.00000000000000000000                  0.85990929603576660156                 35.14009094238281250000
               -101.17002868652343750000                 36.56250000000000000000                  1.51558208465576171875                 35.04691696166992187500
                -85.17002868652343750000                 31.93750000000000000000                 -2.98304057121276855469                 34.92053985595703125000
                -69.17002868652343750000                 34.06250000000000000000                 -0.70931780338287353516                 34.77181625366210937500
                -53.17002868652343750000                 34.12500000000000000000                 -0.49014437198638916016                 34.61514282226562500000
                -37.17002868652343750000                 35.31250000000000000000                  0.84532535076141357422                 34.46717453002929687500
                -21.17002868652343750000                 35.31250000000000000000                  0.96740883588790893555                 34.34509277343750000000
                 -5.17002868652343750000                 33.93750000000000000000                 -0.32710018754005432129                 34.26459884643554687500
                 10.82997131347656250000                 33.37500000000000000000                 -0.86290311813354492188                 34.23790359497070312500
                 26.82997131347656250000                 33.93750000000000000000                 -0.33442574739456176758                 34.27192687988281250000
                 42.82997131347656250000                 34.56250000000000000000                  0.19541852176189422607                 34.36708068847656250000
                 58.82997131347656250000                 34.75000000000000000000                  0.23320965468883514404                 34.51678848266601562500
                 74.82997131347656250000                 32.87500000000000000000                 -1.83288371562957763672                 34.70788192749023437500
                 90.82997131347656250000                 34.06250000000000000000                 -0.85939943790435791016                 34.92189788818359375000
                106.82997131347656250000                 39.81250000000000000000                  4.67536306381225585938                 35.13713836669921875000
                122.82997131347656250000                 34.68750000000000000000                 -0.64371842145919799805                 35.33121871948242187500
                138.82997131347656250000                 38.31250000000000000000                  2.82868981361389160156                 35.48381042480468750000
                154.82997131347656250000                 34.56250000000000000000                 -1.01661419868469238281                 35.57911300659179687500
                170.82997131347656250000                 34.93750000000000000000                 -0.67026746273040771484                 35.60776901245117187500
                186.82997131347656250000                 68.62500000000000000000                 33.05714035034179687500                 35.56785964965820312500
                202.82997131347656250000                 70.93750000000000000000                 35.47258758544921875000                 35.46491241455078125000
                218.82997131347656250000                 35.37500000000000000000                  0.06415648758411407471                 35.31084442138671875000
                234.82997131347656250000                 34.43750000000000000000                 -0.68453514575958251953                 35.12203598022460937500
                250.82997131347656250000                 33.43750000000000000000                 -1.47937715053558349609                 34.91687774658203125000
                266.82997131347656250000                 34.68750000000000000000                 -0.02561011537909507751                 34.71311187744140625000
                282.82997131347656250000                 34.75000000000000000000                  0.22458820044994354248                 34.52541351318359375000
                298.82997131347656250000                 30.81250000000000000000                 -3.55107855796813964844                 34.36357879638671875000
                314.82997131347656250000                 33.37500000000000000000                 -0.85655719041824340820                 34.23155593872070312500
                330.82997131347656250000                 33.06250000000000000000                 -1.06493604183197021484                 34.12743759155273437500
                346.82997131347656250000                 35.56250000000000000000                  1.51815271377563476562                 34.04434585571289062500
                362.82997131347656250000                 34.93750000000000000000                  0.96541500091552734375                 33.97208404541015625000
                378.82997131347656250000                 36.87500000000000000000                  2.97585844993591308594                 33.89914321899414062500
                394.82997131347656250000                 33.93750000000000000000                  0.12268396466970443726                 33.81481552124023437500
                410.82997131347656250000                 32.93750000000000000000                 -0.77355802059173583984                 33.71105957031250000000
                426.82997131347656250000                 32.12500000000000000000                 -1.45878016948699951172                 33.58377838134765625000
                442.82997131347656250000                 33.18750000000000000000                 -0.24597407877445220947                 33.43347549438476562500
                458.82997131347656250000                 34.12500000000000000000                  0.85990893840789794922                 33.26509094238281250000
                474.82997131347656250000                 27.62500000000000000000                 -5.46226549148559570312                 33.08726501464843750000
