5.84944525320099
5.89496305527415
5.94762122737705
6.00525551093223
6.06529273215784
6.12492877567365
6.18134168656863
6.23192174811738
6.27449675701534
6.30752914875164
6.33026253597546
6.34279880036036
6.34609301302023
6.34186170161923
6.33240954650635
6.32038939714215
6.30851929681627
6.29928671266194
6.29467329261755
6.29593249481282
6.30344718696189
6.31668889205326
6.3342595054297
6.35408513089878
6.37361592281206
6.39013041030352
6.40103338130293
6.40413700466448
6.39788947668448
6.38152695792414
6.35513527848601
6.31961977855513
6.27659293729033
6.22819856326122
6.17689717015658
6.12523924285485
6.07565153771752
6.03025701848224
5.99074252638634
