-2.59944525320099
0.480036944725845
-0.635121227377053
-0.50525551093223
0.559707267842161
0.062571224326355
0.568658313431367
-0.91942174811738
0.850503242984657
-0.307529148751639
0.16973746402454
-0.90529880036036
0.15390698697977
-0.779361701619231
0.292590453493653
0.492110602857852
0.628980703183732
-0.299286712661941
-1.10717329261755
-0.420932494812824
81.0090528130381
113.058311107947
8.3532404945703
0.208414869101224
-1.24861592281206
0.0473695896964772
0.598966618697068
0.220862995335522
0.477110523315516
0.555973042075864
-0.292635278486012
-0.13211977855513
-0.401592937290332
0.0218014367387811
0.69810282984342
0.0622607571451459
-0.700651537717524
0.469742981517757
-0.928242526386338
