5.45989562658575
5.42422378938383
5.37329262856941
5.30626822045728
5.22504744543154
5.13482495599455
5.04431525079574
4.96551501539428
4.91293983937618
4.90233968973358
4.94898068361139
5.06566423562816
5.26072370447139
5.53627864920764
5.88702640457695
6.29980459452572
6.7540690198349
7.22331001056352
7.67729481502082
8.08489604465121
8.41716886707902
8.65029055539982
8.76798520253343
8.76312371122092
8.63830395530354
8.40535915814778
8.08389011099172
7.69904472391582
7.27885679365664
6.85149288969834
6.44273964629509
6.07400062337871
5.76097666752192
5.51309471859065
5.33364580864761
5.22050894843637
5.16728355150908
5.16463241482874
5.20164743781308
