-6.27518612658505
-0.148545976971562
-1.34645515114526
0.635846405634409
1.11594518080924
-2.83859755272819
1.2144137404829
-0.09598718238421
1.6708475973245
-0.232953488271217
-0.993817239786674
0.200832678945854
-2.27478566408541
1.07788477698726
0.194469910267792
-0.802099861235675
0.148627329857714
-0.642696115407517
1.00991155204373
-0.519664926520315
64.830382609879
101.559745906026
12.3560114007697
1.21943216034573
-0.099525616618811
1.33714404809244
-1.03259863799549
-3.33343401550993
-0.00277032283913137
0.14667868430565
-0.0731706932495424
0.149181880745703
-0.875200099532995
0.414321488392527
1.01550918999041
-0.82415908079213
0.455140082213289
-0.149262795562425
-2.82735015325014
