6.96781604124326
6.94971802607067
6.93803771277038
6.93425312724741
6.93936320709543
6.95379699609328
6.97737712550236
7.00934045528903
7.04841129304073
7.09291607062038
7.14092377344675
7.19039443414739
7.23931877104498
7.28583521736669
7.32831539079075
7.36541451481519
7.39608843752044
7.41958290644544
7.43540318658763
7.44327286494378
7.44309001554843
7.43487994829472
7.41880026110649
7.39504694172357
7.36391845465273
7.3257810961046
7.28108784242275
7.23039719656777
7.17439634126706
7.11392480265044
7.04999409024669
6.98379829368681
6.91671065078255
6.85026189348265
6.7860978415371
6.7259161720809
6.67138526163143
6.62405101935183
6.58524016718291
