-2.53031604124326
0.362781973929335
-0.188037712770378
-0.93425312724741
0.0606367929045701
-0.0787969960932751
-1.10237712550236
0.178159544710972
1.13908870695927
0.0320839293796205
-0.578423773446747
0.622105565852607
0.823181228955024
-0.285835217366695
-0.0783153907907508
0.447085485184813
-0.146088437520436
0.0179170935545629
-0.935403186587628
0.931727135056216
76.1819099844516
98.5651200517053
8.70619973889351
-0.145046941723566
-0.61391845465273
0.736718903895398
0.343912157577255
-0.667897196567773
0.0756036587329376
-1.36392480265044
0.887505909753308
0.0787017063131881
-0.166710650782545
-0.16276189348265
0.776402158462904
0.5865838279191
0.0786147383685716
-0.499051019351833
-1.71024016718291
