               -133.17002868652343750000                  4.43750000000000000000                 -2.53031611442565917969                  6.96781587600708007812
               -117.17002868652343750000                  7.31250000000000000000                  0.36278197169303894043                  6.94971799850463867188
               -101.17002868652343750000                  6.75000000000000000000                 -0.18803770840167999268                  6.93803787231445312500
                -85.17002868652343750000                  6.00000000000000000000                 -0.93425315618515014648                  6.93425321578979492188
                -69.17002868652343750000                  7.00000000000000000000                  0.06063679233193397522                  6.93936300277709960938
                -53.17002868652343750000                  6.87500000000000000000                 -0.07879699766635894775                  6.95379686355590820312
                -37.17002868652343750000                  5.87500000000000000000                 -1.10237717628479003906                  6.97737693786621093750
                -21.17002868652343750000                  7.18750000000000000000                  0.17815954983234405518                  7.00934028625488281250
                 -5.17002868652343750000                  8.18750000000000000000                  1.13908874988555908203                  7.04841136932373046875
                 10.82997131347656250000                  7.12500000000000000000                  0.03208392858505249023                  7.09291601181030273438
                 26.82997131347656250000                  6.56250000000000000000                 -0.57842379808425903320                  7.14092397689819335938
                 42.82997131347656250000                  7.81250000000000000000                  0.62210553884506225586                  7.19039440155029296875
                 58.82997131347656250000                  8.06250000000000000000                  0.82318121194839477539                  7.23931884765625000000
                 74.82997131347656250000                  7.00000000000000000000                 -0.28583520650863647461                  7.28583526611328125000
                 90.82997131347656250000                  7.25000000000000000000                 -0.07831539213657379150                  7.32831525802612304688
                106.82997131347656250000                  7.81250000000000000000                  0.44708549976348876953                  7.36541461944580078125
                122.82997131347656250000                  7.25000000000000000000                 -0.14608843624591827393                  7.39608860015869140625
                138.82997131347656250000                  7.43750000000000000000                  0.01791709288954734802                  7.41958284378051757812
                154.82997131347656250000                  6.50000000000000000000                 -0.93540316820144653320                  7.43540334701538085938
                170.82997131347656250000                  8.37500000000000000000                  0.93172711133956909180                  7.44327306747436523438
                186.82997131347656250000                 83.62500000000000000000                 76.18190765380859375000                  7.44308996200561523438
                202.82997131347656250000                106.00000000000000000000                 98.56511688232421875000                  7.43487977981567382812
                218.82997131347656250000                 16.12500000000000000000                  8.70619964599609375000                  7.41880035400390625000
                234.82997131347656250000                  7.25000000000000000000                 -0.14504693448543548584                  7.39504671096801757812
                250.82997131347656250000                  6.75000000000000000000                 -0.61391848325729370117                  7.36391830444335937500
                266.82997131347656250000                  8.06250000000000000000                  0.73671889305114746094                  7.32578086853027343750
                282.82997131347656250000                  7.62500000000000000000                  0.34391215443611145020                  7.28108787536621093750
                298.82997131347656250000                  6.56250000000000000000                 -0.66789722442626953125                  7.23039722442626953125
                314.82997131347656250000                  7.25000000000000000000                  0.07560365647077560425                  7.17439651489257812500
                330.82997131347656250000                  5.75000000000000000000                 -1.36392486095428466797                  7.11392498016357421875
                346.82997131347656250000                  7.93750000000000000000                  0.88750588893890380859                  7.04999399185180664062
                362.82997131347656250000                  7.06250000000000000000                  0.07870170474052429199                  6.98379850387573242188
                378.82997131347656250000                  6.75000000000000000000                 -0.16671064496040344238                  6.91671085357666015625
                394.82997131347656250000                  6.68750000000000000000                 -0.16276189684867858887                  6.85026168823242187500
                410.82997131347656250000                  7.56250000000000000000                  0.77640217542648315430                  6.78609800338745117188
                426.82997131347656250000                  7.31250000000000000000                  0.58658385276794433594                  6.72591638565063476562
                442.82997131347656250000                  6.75000000000000000000                  0.07861474156379699707                  6.67138528823852539062
                458.82997131347656250000                  6.12500000000000000000                 -0.49905100464820861816                  6.62405109405517578125
                474.82997131347656250000                  4.87500000000000000000                 -1.71024012565612792969                  6.58524036407470703125
