6.42143689026028
6.33408539788943
6.24701321397825
6.16672747917017
6.10173617213272
6.06227541452644
6.05970800858038
6.10558078049821
6.21038020913427
6.38208489424823
6.62467040487982
6.93676583612336
7.31068096772821
7.73200968008977
8.17996540811598
8.62852049933169
9.04831297534836
9.40916705127961
9.68296724767702
9.8465496803876
9.88424409458763
9.78972516434593
9.56691075298326
9.2297675354563
8.80103163341711
8.30999983703257
7.78967134545874
7.27360076818954
6.79284840570175
6.37338162876938
6.03419957393557
5.7863384304696
5.63278688443877
5.56922178242088
5.58538032439852
5.66682841573468
5.79686901838488
5.95835605162947
6.13522962406294
