1.19298296718911
1.21283124426234
1.22946750025517
1.24148996694463
1.24800533318171
1.24878590131457
1.24435568464342
1.23598610646176
1.22559309359955
1.21554080811749
1.20837107153512
1.20648953166001
1.21184778235263
1.22566347152389
1.24821723103113
1.27875630201794
1.31552121783175
1.35589579923558
1.3966643899885
1.43434611381459
1.46556599147012
1.48741835260375
1.49777956854932
1.4955342742774
1.48069072008568
1.45437494266993
1.41870808803634
1.37658454884671
1.33137902327348
1.28661709631271
1.24564601024183
1.21134002917752
1.18586881337328
1.17054847669166
1.16578470821716
1.17110677553321
1.18528160574959
1.20648948189242
1.2325379249636
