-0.755482967189111
-0.650331244262344
0.0205324997448317
0.383510033055369
0.00199466681829241
0.188714098685427
0.130644315356577
-0.173486106461757
0.399406906400452
-0.403040808117486
0.16662892846488
0.0435104683399947
-0.336847782352627
-0.100663471523889
-0.123217231031127
-0.0912563020179367
-0.253021217831751
-0.0433957992355773
0.290835610011498
0.315653886185412
1.34693400852988
0.637581647396245
0.252220431450678
-0.183034274277403
-0.41819072008568
-0.0168749426699271
-0.043708088036339
0.248415451153288
0.0436209767265221
0.400882903687293
-0.120646010241834
-0.523840029177522
0.501631186626725
-0.0455484766916634
-0.478284708217163
-0.233606775533211
0.439718394250406
0.0435105181075797
0.0799620750364005
