               -133.17002868652343750000                  5.31250000000000000000                 -4.07104492187500000000                  9.38354492187500000000
               -117.17002868652343750000                  9.37500000000000000000                 -0.12446686625480651855                  9.49946689605712890625
               -101.17002868652343750000                  9.68750000000000000000                  0.06711325794458389282                  9.62038707733154296875
                -85.17002868652343750000                 10.50000000000000000000                  0.75967335700988769531                  9.74032688140869140625
                -69.17002868652343750000                  9.31250000000000000000                 -0.54122316837310791016                  9.85372352600097656250
                -53.17002868652343750000                  9.87500000000000000000                 -0.08099722117185592651                  9.95599746704101562500
                -37.17002868652343750000                 11.37500000000000000000                  1.33097517490386962891                 10.04402446746826171875
                -21.17002868652343750000                 10.68750000000000000000                  0.57105815410614013672                 10.11644172668457031250
                 -5.17002868652343750000                 11.62500000000000000000                  1.45126354694366455078                 10.17373657226562500000
                 10.82997131347656250000                 11.06250000000000000000                  0.84438979625701904297                 10.21811008453369140625
                 26.82997131347656250000                  9.87500000000000000000                 -0.37812113761901855469                 10.25312137603759765625
                 42.82997131347656250000                  9.87500000000000000000                 -0.40815192461013793945                 10.28315162658691406250
                 58.82997131347656250000                 10.43750000000000000000                  0.12472546100616455078                 10.31277465820312500000
                 74.82997131347656250000                  9.68750000000000000000                 -0.65859508514404296875                 10.34609508514404296875
                 90.82997131347656250000                  9.31250000000000000000                 -1.07366824150085449219                 10.38616847991943359375
                106.82997131347656250000                 12.56250000000000000000                  2.12794137001037597656                 10.43455886840820312500
                122.82997131347656250000                 10.56250000000000000000                  0.07139467447996139526                 10.49110507965087890625
                138.82997131347656250000                  9.12500000000000000000                 -1.42891764640808105469                 10.55391788482666015625
                154.82997131347656250000                  9.06250000000000000000                 -1.55709278583526611328                 10.61959266662597656250
                170.82997131347656250000                 11.31250000000000000000                  0.62887966632843017578                 10.68362045288085937500
                186.82997131347656250000                 88.18750000000000000000                 77.44658660888671875000                 10.74091148376464843750
                202.82997131347656250000                127.00000000000000000000                116.21366119384765625000                 10.78633975982666015625
                218.82997131347656250000                 23.00000000000000000000                 12.18451023101806640625                 10.81548976898193359375
                234.82997131347656250000                 12.62500000000000000000                  1.80028164386749267578                 10.82471847534179687500
                250.82997131347656250000                 10.68750000000000000000                 -0.12436784803867340088                 10.81186771392822265625
                266.82997131347656250000                 10.25000000000000000000                 -0.52621620893478393555                 10.77621650695800781250
                282.82997131347656250000                 10.81250000000000000000                  0.09400096535682678223                 10.71849918365478515625
                298.82997131347656250000                  9.93750000000000000000                 -0.70324879884719848633                 10.64074897766113281250
                314.82997131347656250000                 10.87500000000000000000                  0.32896983623504638672                 10.54603004455566406250
                330.82997131347656250000                 10.56250000000000000000                  0.12438292056322097778                 10.43811702728271484375
                346.82997131347656250000                  9.93750000000000000000                 -0.38365870714187622070                 10.32115840911865234375
                362.82997131347656250000                 11.25000000000000000000                  1.05062699317932128906                 10.19937324523925781250
                378.82997131347656250000                  9.31250000000000000000                 -0.76429539918899536133                 10.07679557800292968750
                394.82997131347656250000                  9.87500000000000000000                 -0.08209516853094100952                  9.95709514617919921875
                410.82997131347656250000                  9.75000000000000000000                 -0.09346160292625427246                  9.84346199035644531250
                426.82997131347656250000                 11.87500000000000000000                  2.13645195960998535156                  9.73854827880859375000
                442.82997131347656250000                  9.87500000000000000000                  0.23053926229476928711                  9.64446067810058593750
                458.82997131347656250000                  9.43750000000000000000                 -0.12527258694171905518                  9.56277275085449218750
                474.82997131347656250000                  8.75000000000000000000                 -0.74455088376998901367                  9.49455070495605468750
