7.54768590127499
7.87825617919698
8.21381995535307
8.5316142536985
8.81174589554074
9.0398713796038
9.20936626992306
9.32260946782279
9.39109920328399
9.43426713338078
9.47704609327199
9.54644764355796
9.66758392850191
9.85969118073919
10.1327530013237
10.4852665054041
10.9035462585918
11.3627396586353
11.8294677079457
12.2657504333374
12.6336707983278
12.900111347591
13.0408855613273
13.0436831496953
12.9094375867838
12.6519710325371
12.2960328358443
11.8740784910083
11.4222991731592
10.9764848492528
10.5682810217029
10.2222922343365
9.95431997489807
9.77083156983637
9.66957384602194
9.64109898100558
9.67087839997528
9.74165026530596
9.83567224633732
