14.6146137802584
14.672202713818
14.7217748719727
14.7615357994461
14.7904539153889
14.8083113545784
14.8156542319499
14.8136505842007
14.8038793362564
14.7880851783128
14.7679398644231
14.7448488201836
14.7198331025068
14.6935021561432
14.6661151415586
14.6377112684059
14.6082760071064
14.5779030544654
14.5469130257986
14.5158989564042
14.4856841127552
14.457210735726
14.4312813400807
14.4084918629085
14.3888961623698
14.3719487693379
14.3564561462976
14.3406539649921
14.3223928838741
14.2994101395001
14.2696484599078
14.231574599892
14.1844487305666
14.1285030074503
14.0650014520846
13.9961712506344
13.9250145456799
13.8550266320575
13.7898585887949
