-6.98961378025838
-0.984702713817976
0.340725128027337
0.425964200553937
0.272046084611061
-0.120811354578397
0.121845768050081
-2.50115058420068
0.383620663743635
-0.0380851783127536
-0.392939864423132
0.130151179816432
-0.969833102506794
-0.63100215614315
-1.72861514155863
1.0497887315941
1.20422399289359
0.172096945534596
-0.0469130257986148
1.85910104359579
66.3893158872448
111.980289264274
15.0687186599193
1.40400813709155
0.111103837630182
-0.121948769337878
-0.731456146297605
-0.778153964992079
2.11510711612589
0.888089860499882
0.667851540092217
0.018425400108006
-0.121948730566558
0.121496992549673
-1.94000145208459
1.37882874936558
0.137485454320082
-1.60502663205749
-1.9148585887949
