12.5305477968524
12.7767123427328
12.9771100966054
13.1210224282611
13.2062536560232
13.2401651264601
13.2394867130589
13.2287970220418
13.2377482782555
13.297304980397
13.435437071764
13.6728290842195
14.0192124728109
14.4708852969138
15.0098511386434
15.6048020701278
16.2139165049724
16.7891795349771
17.2817023259112
17.6473565694199
17.8519779568495
17.8754416596316
17.7140669966114
17.3810441512247
16.9048554018459
16.3259420284841
15.6921018296471
15.0532556296247
14.4562735914624
13.9405007136285
13.5344801736297
13.2541716049364
13.1027351956287
13.0717387398029
13.1434747877009
13.2939695817491
13.4962323390036
13.7233277896994
13.9509417436557
