13.2881410055712
13.2503255179672
13.1956170617851
13.1245187795526
13.0391267529208
12.9431872289857
12.8419859397208
12.7420607612337
12.6507504615929
12.5756145870541
12.5237794015947
12.5012789631912
12.5124661587468
12.5595641638947
12.6424141739737
12.7584518951441
12.9029163190871
13.0692640465769
13.2497356821974
13.4360020344798
13.6198102332861
13.7935547222027
13.9507144604906
14.0861225094161
14.196062841851
14.2782163941421
14.3314991649278
14.3558460380768
14.3519935401347
14.3213038508587
14.2656540626026
14.1873932981541
14.0893506043771
13.9748626542882
13.8477848360425
13.7124529384878
13.5735740272088
13.4360413407874
13.3046853856043
