-4.85064100557116
0.187174482032754
0.366882938214903
0.937981220447416
-1.35162675292082
0.30681277101432
-0.279485939720839
-0.554560761233677
0.224249538407141
0.924385412945885
-0.586279401594705
0.186221036808845
0.175033841253185
-2.9345641638947
-1.45491417397372
0.241548104855873
-1.02791631908706
-0.256764046576929
0.437764317802559
-0.186002034479795
6.13018976671392
1.45644527779728
-0.6382144604906
0.788877490583864
0.866437158149001
-1.40321639414213
-0.643999164927767
-0.105846038076827
-1.10199354013465
0.49119614914127
0.0468459373974159
-0.187393298154113
1.97314939562289
1.15013734571182
1.58971516395754
-0.8999529384878
-0.948574027208778
0.626458659212579
-2.80468538560428
