-0.135841893820762
0.246158756378344
0.252271860904848
-0.180789745386286
0.0711964934740603
0.195047783310973
-0.184739761448662
-0.00591849424189839
-0.580938478751611
0.340573495612623
-0.490699176469614
-0.011310032269459
0.592373792618049
0.0715736503568034
-0.0100088099818878
-0.0262979815216153
-0.601437103493887
0.140142261415881
-0.0513191182240931
-0.300914163768544
3.01595725682986
2.58614382323956
-0.0911798276535973
-0.204422585292061
-0.00448306536140852
0.195337619878864
-0.0430924154672241
0.154813230495583
-0.523618999185416
0.0466702114694622
-0.0715613711988794
-0.690414360040716
0.378080551621102
0.0718853656165244
-0.233617984377396
0.211813352261872
0.0957451800582196
-0.26944636127552
-0.0715613723057533
