               -133.17002868652343750000                  1.25000000000000000000                 -0.13584189116954803467                  1.38584184646606445312
               -117.17002868652343750000                  1.62500000000000000000                  0.24615876376628875732                  1.37884128093719482422
               -101.17002868652343750000                  1.62500000000000000000                  0.25227186083793640137                  1.37272810935974121094
                -85.17002868652343750000                  1.18750000000000000000                 -0.18078973889350891113                  1.36828970909118652344
                -69.17002868652343750000                  1.43750000000000000000                  0.07119649648666381836                  1.36630356311798095703
                -53.17002868652343750000                  1.56250000000000000000                  0.19504778087139129639                  1.36745226383209228516
                -37.17002868652343750000                  1.18750000000000000000                 -0.18473976850509643555                  1.37223970890045166016
                -21.17002868652343750000                  1.37500000000000000000                 -0.00591849442571401596                  1.38091850280761718750
                 -5.17002868652343750000                  0.81250000000000000000                 -0.58093845844268798828                  1.39343845844268798828
                 10.82997131347656250000                  1.75000000000000000000                  0.34057348966598510742                  1.40942645072937011719
                 26.82997131347656250000                  0.93750000000000000000                 -0.49069917201995849609                  1.42819917201995849609
                 42.82997131347656250000                  1.43750000000000000000                 -0.01131003256887197495                  1.44880998134613037109
                 58.82997131347656250000                  2.06250000000000000000                  0.59237378835678100586                  1.47012615203857421875
                 74.82997131347656250000                  1.56250000000000000000                  0.07157365232706069946                  1.49092638492584228516
                 90.82997131347656250000                  1.50000000000000000000                 -0.01000881008803844452                  1.51000881195068359375
                106.82997131347656250000                  1.50000000000000000000                 -0.02629798091948032379                  1.52629792690277099609
                122.82997131347656250000                  0.93750000000000000000                 -0.60143709182739257812                  1.53893709182739257812
                138.82997131347656250000                  1.68750000000000000000                  0.14014226198196411133                  1.54735779762268066406
                154.82997131347656250000                  1.50000000000000000000                 -0.05131911858916282654                  1.55131912231445312500
                170.82997131347656250000                  1.25000000000000000000                 -0.30091416835784912109                  1.55091416835784912109
                186.82997131347656250000                  4.56250000000000000000                  3.01595735549926757812                  1.54654276371002197266
                202.82997131347656250000                  4.12500000000000000000                  2.58614373207092285156                  1.53885614871978759766
                218.82997131347656250000                  1.43750000000000000000                 -0.09117982536554336548                  1.52867984771728515625
                234.82997131347656250000                  1.31250000000000000000                 -0.20442257821559906006                  1.51692259311676025391
                250.82997131347656250000                  1.50000000000000000000                 -0.00448306556791067123                  1.50448310375213623047
                266.82997131347656250000                  1.68750000000000000000                  0.19533762335777282715                  1.49216234683990478516
                282.82997131347656250000                  1.43750000000000000000                 -0.04309241473674774170                  1.48059237003326416016
                298.82997131347656250000                  1.62500000000000000000                  0.15481323003768920898                  1.47018671035766601562
                314.82997131347656250000                  0.93750000000000000000                 -0.52361899614334106445                  1.46111905574798583984
                330.82997131347656250000                  1.50000000000000000000                  0.04667020961642265320                  1.45332980155944824219
                346.82997131347656250000                  1.37500000000000000000                 -0.07156137377023696899                  1.44656133651733398438
                362.82997131347656250000                  0.75000000000000000000                 -0.69041436910629272461                  1.44041430950164794922
                378.82997131347656250000                  1.81250000000000000000                  0.37808054685592651367                  1.43441939353942871094
                394.82997131347656250000                  1.50000000000000000000                  0.07188536226749420166                  1.42811465263366699219
                410.82997131347656250000                  1.18750000000000000000                 -0.23361799120903015137                  1.42111802101135253906
                426.82997131347656250000                  1.62500000000000000000                  0.21181334555149078369                  1.41318666934967041016
                442.82997131347656250000                  1.50000000000000000000                  0.09574518352746963501                  1.40425479412078857422
                458.82997131347656250000                  1.12500000000000000000                 -0.26944637298583984375                  1.39444637298583984375
                474.82997131347656250000                  1.31250000000000000000                 -0.07156137377023696899                  1.38406133651733398438
