1.96899348169576
2.0142080840557
2.04645784300227
2.06351013125009
2.06468878798457
2.05104932207296
2.02534761853087
1.99179024852421
1.95558534199717
1.92234329527531
1.89740136880178
1.88516108463391
1.88852927070713
1.90854165647803
1.94422344879064
1.99270783950828
2.04959610506309
2.10950783776388
2.16674264236692
2.21595980732209
2.25278238606477
2.27424661594956
2.27904394968357
2.26753644441526
2.24156099057398
2.20406799374836
2.15866085417864
2.10911105868833
2.05891942359952
2.01097884469279
1.96737147591309
1.92930819861112
1.89719518290898
1.87079501889934
1.84944053541669
1.83225850000083
1.81836676109842
1.80701974152592
1.79769066631886
