-2.41870230601548
-0.0170265058659895
0.070825086083369
-0.0912967267812101
0.497776909233226
0.151444286654559
-1.1922136926469
0.404567672024098
-0.995715305900942
-0.0807493485573012
-0.78829679908461
0.193914496301812
0.115784065947797
-0.647602557031958
0.091539572634554
-0.478839868339126
-1.17070335281801
0.0789691072991099
1.33306516302112
0.0917370126012633
70.0423292430844
96.9968590524119
6.70450286608234
2.28924308612258
-0.187596798459411
-0.7271852648718
0.294439194489816
-0.311022709313813
0.393441974042056
-1.21731427198866
0.23188029830069
-0.633545360001206
0.812003029359813
0.131679051621957
-0.798907910617908
-0.60427890871988
0.0908563696099804
0.411574854078558
-0.82975136080624
