18.3651645039674
18.5314912127155
18.6934383206885
18.8420898165387
18.9692764829655
19.0683225281681
19.1346634210362
19.1662564994582
19.1637298297346
19.1302478497607
19.0711098186222
18.9931332622575
18.903903609907
18.8109881964059
18.7212148168073
18.640101664805
18.5714990769127
18.5174686966053
18.4783886215442
18.4532402862283
18.4400098166912
18.4361269207149
18.4388689232561
18.4456744274205
18.4543360922407
18.4630696500088
18.4704808870616
18.4754692805145
18.4771136594764
18.4745813453079
18.4670896659502
18.4539311202862
18.4345551068927
18.4086840835044
18.3764332406877
18.3384015824589
18.2957082960282
18.2499595862337
18.2031449640835
