-8.17766450396737
-0.78149121271549
1.43156167931152
0.220410183461333
1.09322351703451
-0.380822528168075
0.0528365789637704
1.14624350054177
0.086270170265351
-1.50524784976072
0.928890181377845
1.19436673774252
0.22109639009302
-0.748488196405873
-0.158714816807311
-1.45260166480501
-0.446499076912712
-0.0799686966052704
0.459111378455841
-0.265740286228294
7.74749018330883
4.12637307928505
1.43613107674389
-0.0706744274204674
-0.641836092240666
0.161930349991202
-0.220480887061594
-0.725469280514513
-0.03961365947643
1.15041865469209
0.220410334049777
0.233568879713818
-0.184555106892734
-0.221184083504358
-0.876433240687664
0.224098417541114
0.516791703971791
-0.124959586233693
-3.70314496408346
