               -133.17002868652343750000                 10.18750000000000000000                 -8.17766475677490234375                 18.36516380310058593750
               -117.17002868652343750000                 17.75000000000000000000                 -0.78149121999740600586                 18.53149032592773437500
               -101.17002868652343750000                 20.12500000000000000000                  1.43156170845031738281                 18.69343757629394531250
                -85.17002868652343750000                 19.06250000000000000000                  0.22041018307209014893                 18.84209060668945312500
                -69.17002868652343750000                 20.06250000000000000000                  1.09322357177734375000                 18.96927642822265625000
                -53.17002868652343750000                 18.68750000000000000000                 -0.38082253932952880859                 19.06832313537597656250
                -37.17002868652343750000                 19.18750000000000000000                  0.05283657833933830261                 19.13466262817382812500
                -21.17002868652343750000                 20.31250000000000000000                  1.14624345302581787109                 19.16625595092773437500
                 -5.17002868652343750000                 19.25000000000000000000                  0.08627016842365264893                 19.16373062133789062500
                 10.82997131347656250000                 17.62500000000000000000                 -1.50524783134460449219                 19.13024711608886718750
                 26.82997131347656250000                 20.00000000000000000000                  0.92889016866683959961                 19.07110977172851562500
                 42.82997131347656250000                 20.18750000000000000000                  1.19436669349670410156                 18.99313354492187500000
                 58.82997131347656250000                 19.12500000000000000000                  0.22109639644622802734                 18.90390396118164062500
                 74.82997131347656250000                 18.06250000000000000000                 -0.74848818778991699219                 18.81098747253417968750
                 90.82997131347656250000                 18.56250000000000000000                 -0.15871481597423553467                 18.72121429443359375000
                106.82997131347656250000                 17.18750000000000000000                 -1.45260167121887207031                 18.64010238647460937500
                122.82997131347656250000                 18.12500000000000000000                 -0.44649907946586608887                 18.57149887084960937500
                138.82997131347656250000                 18.43750000000000000000                 -0.07996869832277297974                 18.51746940612792968750
                154.82997131347656250000                 18.93750000000000000000                  0.45911139249801635742                 18.47838783264160156250
                170.82997131347656250000                 18.18750000000000000000                 -0.26574027538299560547                 18.45323944091796875000
                186.82997131347656250000                 26.18750000000000000000                  7.74749040603637695312                 18.44001007080078125000
                202.82997131347656250000                 22.56250000000000000000                  4.12637329101562500000                 18.43612670898437500000
                218.82997131347656250000                 19.87500000000000000000                  1.43613111972808837891                 18.43886947631835937500
                234.82997131347656250000                 18.37500000000000000000                 -0.07067442685365676880                 18.44567489624023437500
                250.82997131347656250000                 17.81250000000000000000                 -0.64183610677719116211                 18.45433616638183593750
                266.82997131347656250000                 18.62500000000000000000                  0.16193035244941711426                 18.46306991577148437500
                282.82997131347656250000                 18.25000000000000000000                 -0.22048088908195495605                 18.47047996520996093750
                298.82997131347656250000                 17.75000000000000000000                 -0.72546929121017456055                 18.47546958923339843750
                314.82997131347656250000                 18.43750000000000000000                 -0.03961366042494773865                 18.47711372375488281250
                330.82997131347656250000                 19.62500000000000000000                  1.15041863918304443359                 18.47458076477050781250
                346.82997131347656250000                 18.68750000000000000000                  0.22041033208370208740                 18.46709060668945312500
                362.82997131347656250000                 18.68750000000000000000                  0.23356887698173522949                 18.45393180847167968750
                378.82997131347656250000                 18.25000000000000000000                 -0.18455511331558227539                 18.43455505371093750000
                394.82997131347656250000                 18.18750000000000000000                 -0.22118408977985382080                 18.40868377685546875000
                410.82997131347656250000                 17.50000000000000000000                 -0.87643325328826904297                 18.37643241882324218750
                426.82997131347656250000                 18.56250000000000000000                  0.22409841418266296387                 18.33840179443359375000
                442.82997131347656250000                 18.81250000000000000000                  0.51679170131683349609                 18.29570770263671875000
                458.82997131347656250000                 18.12500000000000000000                 -0.12495958805084228516                 18.24995994567871093750
                474.82997131347656250000                 14.50000000000000000000                 -3.70314502716064453125                 18.20314407348632812500
