11.7503094645868
12.0793515013572
12.3941261176795
12.6785258480646
12.9189050537921
13.1054889937398
13.2334208711842
13.3032879621728
13.3210249222594
13.2971698260651
13.2455365747823
13.1814532609592
13.1197861082848
13.0730101738833
13.0495922361701
13.0529149663618
13.0808981501029
13.1263726458318
13.1781514960774
13.2226384267663
13.245734572565
13.2347633734681
13.180138195023
13.0765461182043
12.92350525382
12.7252563333131
12.4900535178371
12.2290061978622
11.9546789389325
11.6796732178283
11.4153924747308
11.1711387435217
10.9536173433443
10.7668506864063
10.6124371345372
10.4900463970025
10.3980243521024
10.3339869317112
10.2953095854046
