-0.784738884263574
0.499425902095551
0.527678121038988
-0.323408789426367
0.13547151872993
-0.281341892145736
-0.384698082036265
0.0766567399277442
-0.271582843749643
0.570635106905486
0.415236775902037
0.136146168723622
-0.330496547194982
0.0139481724256378
-0.269076582881975
-0.242549976356526
0.0938218204575101
-0.321316034528655
-0.111025082296322
-0.397764723291602
13.5713094320388
14.2989844174564
0.0376210990401979
-0.211166093631893
-0.321733289943519
-0.0445040074411995
0.806571418981533
-0.520817731547116
-0.092080209317654
-0.285406612527768
-0.0414458275453518
-0.0505170591662001
-0.127390536193365
0.226343889625889
0.322316046785498
0.0978319415981916
-0.321733286064353
0.251918687250511
-0.305150164664654
