               -133.17002868652343750000                  0.87500000000000000000                 -0.78473889827728271484                  1.65973889827728271484
               -117.17002868652343750000                  2.18750000000000000000                  0.49942588806152343750                  1.68807411193847656250
               -101.17002868652343750000                  2.25000000000000000000                  0.52767813205718994141                  1.72232186794281005859
                -85.17002868652343750000                  1.43750000000000000000                 -0.32340878248214721680                  1.76090884208679199219
                -69.17002868652343750000                  1.93750000000000000000                  0.13547152280807495117                  1.80202853679656982422
                -53.17002868652343750000                  1.56250000000000000000                 -0.28134188055992126465                  1.84384191036224365234
                -37.17002868652343750000                  1.50000000000000000000                 -0.38469809293746948242                  1.88469803333282470703
                -21.17002868652343750000                  2.00000000000000000000                  0.07665673643350601196                  1.92334330081939697266
                 -5.17002868652343750000                  1.68750000000000000000                 -0.27158284187316894531                  1.95908284187316894531
                 10.82997131347656250000                  2.56250000000000000000                  0.57063508033752441406                  1.99186491966247558594
                 26.82997131347656250000                  2.43750000000000000000                  0.41523677110671997070                  2.02226328849792480469
                 42.82997131347656250000                  2.18750000000000000000                  0.13614617288112640381                  2.05135393142700195312
                 58.82997131347656250000                  1.75000000000000000000                 -0.33049654960632324219                  2.08049654960632324219
                 74.82997131347656250000                  2.12500000000000000000                  0.01394817233085632324                  2.11105179786682128906
                 90.82997131347656250000                  1.87500000000000000000                 -0.26907658576965332031                  2.14407658576965332031
                106.82997131347656250000                  1.93750000000000000000                 -0.24254997074604034424                  2.18004989624023437500
                122.82997131347656250000                  2.31250000000000000000                  0.09382182359695434570                  2.21867823600769042969
                138.82997131347656250000                  1.93750000000000000000                 -0.32131603360176086426                  2.25881600379943847656
                154.82997131347656250000                  2.18750000000000000000                 -0.11102508008480072021                  2.29852509498596191406
                170.82997131347656250000                  1.93750000000000000000                 -0.39776471257209777832                  2.33526468276977539062
                186.82997131347656250000                 15.93750000000000000000                 13.57130908966064453125                  2.36619067192077636719
                202.82997131347656250000                 16.68750000000000000000                 14.29898452758789062500                  2.38851547241210937500
                218.82997131347656250000                  2.43750000000000000000                  0.03762109950184822083                  2.39987897872924804688
                234.82997131347656250000                  2.18750000000000000000                 -0.21116609871387481689                  2.39866614341735839844
                250.82997131347656250000                  2.06250000000000000000                 -0.32173329591751098633                  2.38423323631286621094
                266.82997131347656250000                  2.31250000000000000000                 -0.04450400918722152710                  2.35700392723083496094
                282.82997131347656250000                  3.12500000000000000000                  0.80657142400741577148                  2.31842851638793945312
                298.82997131347656250000                  1.75000000000000000000                 -0.52081775665283203125                  2.27081775665283203125
                314.82997131347656250000                  2.12500000000000000000                 -0.09208020567893981934                  2.21708011627197265625
                330.82997131347656250000                  1.87500000000000000000                 -0.28540661931037902832                  2.16040658950805664062
                346.82997131347656250000                  2.06250000000000000000                 -0.04144582897424697876                  2.10394573211669921875
                362.82997131347656250000                  2.00000000000000000000                 -0.05051705986261367798                  2.05051708221435546875
                378.82997131347656250000                  1.87500000000000000000                 -0.12739053368568420410                  2.00239062309265136719
                394.82997131347656250000                  2.18750000000000000000                  0.22634388506412506104                  1.96115612983703613281
                410.82997131347656250000                  2.25000000000000000000                  0.32231605052947998047                  1.92768394947052001953
                426.82997131347656250000                  2.00000000000000000000                  0.09783194214105606079                  1.90216803550720214844
                442.82997131347656250000                  1.56250000000000000000                 -0.32173329591751098633                  1.88423323631286621094
                458.82997131347656250000                  2.12500000000000000000                  0.25191867351531982422                  1.87308132648468017578
                474.82997131347656250000                  1.56250000000000000000                 -0.30515015125274658203                  1.86765015125274658203
