6.33897200609884
6.32054177214345
6.29863517540812
6.27406652059925
6.24759258670058
6.21988389071994
6.19152830533499
6.16306394090307
6.13503147361772
6.10803098290738
6.08276604907142
6.06005904944622
6.0408262827477
6.02600901915101
6.01646547319311
6.01283732078862
6.01541100617455
6.02399732691055
6.03785189837294
6.05565413441485
6.07555417952224
6.09523457154891
6.11234483224093
6.12418398940131
6.12845066413322
6.12319160551568
6.10703170913675
6.07929902059851
6.04008694451699
5.99025109436847
5.93134542559914
5.86550787681733
5.79530921252863
5.72358009252451
5.65323093873824
5.58707749564444
5.52768268669655
5.47722294544648
5.43738493520455
