               -133.17002868652343750000                  2.68750000000000000000                 -3.65147209167480468750                  6.33897209167480468750
               -117.17002868652343750000                  6.75000000000000000000                  0.42945823073387145996                  6.32054185867309570312
               -101.17002868652343750000                  6.00000000000000000000                 -0.29863518476486206055                  6.29863500595092773438
                -85.17002868652343750000                  5.93750000000000000000                 -0.33656650781631469727                  6.27406644821166992188
                -69.17002868652343750000                  6.62500000000000000000                  0.37740740180015563965                  6.24759244918823242188
                -53.17002868652343750000                  4.87500000000000000000                 -1.34488391876220703125                  6.21988391876220703125
                -37.17002868652343750000                  5.37500000000000000000                 -0.81652832031250000000                  6.19152832031250000000
                -21.17002868652343750000                  6.25000000000000000000                  0.08693605661392211914                  6.16306400299072265625
                 -5.17002868652343750000                  6.75000000000000000000                  0.61496853828430175781                  6.13503170013427734375
                 10.82997131347656250000                  6.00000000000000000000                 -0.10803098231554031372                  6.10803079605102539062
                 26.82997131347656250000                  6.12500000000000000000                  0.04223395138978958130                  6.08276605606079101562
                 42.82997131347656250000                  6.37500000000000000000                  0.31494095921516418457                  6.06005907058715820312
                 58.82997131347656250000                  6.43750000000000000000                  0.39667370915412902832                  6.04082632064819335938
                 74.82997131347656250000                  5.25000000000000000000                 -0.77600902318954467773                  6.02600908279418945312
                 90.82997131347656250000                  5.93750000000000000000                 -0.07896547019481658936                  6.01646566390991210938
                106.82997131347656250000                  6.50000000000000000000                  0.48716267943382263184                  6.01283740997314453125
                122.82997131347656250000                  5.68750000000000000000                 -0.32791101932525634766                  6.01541090011596679688
                138.82997131347656250000                  5.62500000000000000000                 -0.39899733662605285645                  6.02399730682373046875
                154.82997131347656250000                  6.12500000000000000000                  0.08714810013771057129                  6.03785181045532226562
                170.82997131347656250000                  5.81250000000000000000                 -0.24315413832664489746                  6.05565404891967773438
                186.82997131347656250000                 88.50000000000000000000                 82.42444610595703125000                  6.07555437088012695312
                202.82997131347656250000                120.68750000000000000000                114.59226226806640625000                  6.09523439407348632812
                218.82997131347656250000                 14.31250000000000000000                  8.20015525817871093750                  6.11234474182128906250
                234.82997131347656250000                  7.25000000000000000000                  1.12581598758697509766                  6.12418413162231445312
                250.82997131347656250000                  6.81250000000000000000                  0.68404930830001831055                  6.12845087051391601562
                266.82997131347656250000                  6.06250000000000000000                 -0.06069160625338554382                  6.12319183349609375000
                282.82997131347656250000                  6.31250000000000000000                  0.20546829700469970703                  6.10703182220458984375
                298.82997131347656250000                  5.62500000000000000000                 -0.45429903268814086914                  6.07929897308349609375
                314.82997131347656250000                  5.81250000000000000000                 -0.22758693993091583252                  6.04008674621582031250
                330.82997131347656250000                  7.50000000000000000000                  1.50974893569946289062                  5.99025106430053710938
                346.82997131347656250000                  5.93750000000000000000                  0.00615457445383071899                  5.93134546279907226562
                362.82997131347656250000                  5.62500000000000000000                 -0.24050787091255187988                  5.86550807952880859375
                378.82997131347656250000                  5.87500000000000000000                  0.07969078421592712402                  5.79530906677246093750
                394.82997131347656250000                  5.68750000000000000000                 -0.03608009219169616699                  5.72357988357543945312
                410.82997131347656250000                  5.93750000000000000000                  0.28426906466484069824                  5.65323114395141601562
                426.82997131347656250000                  5.50000000000000000000                 -0.08707749843597412109                  5.58707761764526367188
                442.82997131347656250000                  6.87500000000000000000                  1.34731733798980712891                  5.52768278121948242188
                458.82997131347656250000                  4.68750000000000000000                 -0.78972291946411132812                  5.47722291946411132812
                474.82997131347656250000                  3.50000000000000000000                 -1.93738496303558349609                  5.43738508224487304688
