4.93186283855388
4.88468067289621
4.82678011477968
4.75843233263332
4.68293489839128
4.60718306986831
4.54183412901816
4.50093491276212
4.50094099483335
4.55913953961241
4.69158674118945
4.91077008000846
5.22328751894009
5.62788248994145
6.11417110763958
6.66233968360211
7.24397911487887
7.82407123330221
8.36397283725491
8.8250835107879
9.17276165212397
9.37999262529006
9.43032703637643
9.31969630435157
9.05686391287262
8.66245962835985
8.16673939342267
7.6063835451922
7.02076366080077
6.44815696627802
5.92236288538073
5.4700877528562
5.10933005487321
4.84884483405152
4.68861802313032
4.62116148549549
4.63336212875801
4.70858931728333
4.82878093172235
