-0.684184486261685
0.142852784000833
0.473639766577473
0.0610510205221684
0.157400506661662
-0.673349597113563
-0.118302529481368
0.196773245624315
-0.417517860430439
1.16098423569471
-0.133690651433822
0.632268735877429
-0.107085968281976
-0.229517405759426
-0.611733192477506
-0.129147095436423
0.156691922461332
-0.00201083838004923
0.085425364601317
-0.389751622214194
6.01379396048493
7.17450515544505
0.157519258864447
-0.660620096504803
0.282911067119576
0.17476356348181
-0.424382636982427
-0.642000367609255
0.0816625986892405
0.243959652657439
-0.157336999679299
-0.248819797636381
-0.156352931459691
0.244896635910217
0.142824272177144
1.0381838934476
0.556857722925664
-0.300358628007883
-0.157921730338443
