               -133.17002868652343750000                  1.18750000000000000000                 -0.68418449163436889648                  1.87168443202972412109
               -117.17002868652343750000                  2.06250000000000000000                  0.14285278320312500000                  1.91964721679687500000
               -101.17002868652343750000                  2.43750000000000000000                  0.47363975644111633301                  1.96386027336120605469
                -85.17002868652343750000                  2.06250000000000000000                  0.06105102226138114929                  2.00144886970520019531
                -69.17002868652343750000                  2.18750000000000000000                  0.15740050375461578369                  2.03009939193725585938
                -53.17002868652343750000                  1.37500000000000000000                 -0.67334961891174316406                  2.04834961891174316406
                -37.17002868652343750000                  1.93750000000000000000                 -0.11830253154039382935                  2.05580258369445800781
                -21.17002868652343750000                  2.25000000000000000000                  0.19677324593067169189                  2.05322670936584472656
                 -5.17002868652343750000                  1.62500000000000000000                 -0.41751787066459655762                  2.04251790046691894531
                 10.82997131347656250000                  3.18750000000000000000                  1.16098427772521972656                  2.02651572227478027344
                 26.82997131347656250000                  1.87500000000000000000                 -0.13369065523147583008                  2.00869059562683105469
                 42.82997131347656250000                  2.62500000000000000000                  0.63226872682571411133                  1.99273121356964111328
                 58.82997131347656250000                  1.87500000000000000000                 -0.10708596557378768921                  1.98208594322204589844
                 74.82997131347656250000                  1.75000000000000000000                 -0.22951740026473999023                  1.97951745986938476562
                 90.82997131347656250000                  1.37500000000000000000                 -0.61173319816589355469                  1.98673319816589355469
                106.82997131347656250000                  1.87500000000000000000                 -0.12914709746837615967                  2.00414705276489257812
                122.82997131347656250000                  2.18750000000000000000                  0.15669192373752593994                  2.03080797195434570312
                138.82997131347656250000                  2.06250000000000000000                 -0.00201083836145699024                  2.06451082229614257812
                154.82997131347656250000                  2.18750000000000000000                  0.08542536199092864990                  2.10207462310791015625
                170.82997131347656250000                  1.75000000000000000000                 -0.38975161314010620117                  2.13975167274475097656
                186.82997131347656250000                  8.18750000000000000000                  6.01379394531250000000                  2.17370605468750000000
                202.82997131347656250000                  9.37500000000000000000                  7.17450523376464843750                  2.20049476623535156250
                218.82997131347656250000                  2.37500000000000000000                  0.15751926600933074951                  2.21748065948486328125
                234.82997131347656250000                  1.56250000000000000000                 -0.66062009334564208984                  2.22312021255493164062
                250.82997131347656250000                  2.50000000000000000000                  0.28291106224060058594                  2.21708893775939941406
                266.82997131347656250000                  2.37500000000000000000                  0.17476356029510498047                  2.20023632049560546875
                282.82997131347656250000                  1.75000000000000000000                 -0.42438262701034545898                  2.17438268661499023438
                298.82997131347656250000                  1.50000000000000000000                 -0.64200037717819213867                  2.14200043678283691406
                314.82997131347656250000                  2.18750000000000000000                  0.08166259527206420898                  2.10583734512329101562
                330.82997131347656250000                  2.31250000000000000000                  0.24395965039730072021                  2.06854033470153808594
                346.82997131347656250000                  1.87500000000000000000                 -0.15733699500560760498                  2.03233695030212402344
                362.82997131347656250000                  1.75000000000000000000                 -0.24881979823112487793                  1.99881982803344726562
                378.82997131347656250000                  1.81250000000000000000                 -0.15635293722152709961                  1.96885287761688232422
                394.82997131347656250000                  2.18750000000000000000                  0.24489663541316986084                  1.94260334968566894531
                410.82997131347656250000                  2.06250000000000000000                  0.14282427728176116943                  1.91967570781707763672
                426.82997131347656250000                  2.93750000000000000000                  1.03818392753601074219                  1.89931607246398925781
                442.82997131347656250000                  2.43750000000000000000                  0.55685770511627197266                  1.88064229488372802734
                458.82997131347656250000                  1.56250000000000000000                 -0.30035862326622009277                  1.86285865306854248047
                474.82997131347656250000                  1.68750000000000000000                 -0.15792173147201538086                  1.84542167186737060547
