5.69003093871778
5.65482646801396
5.60999368842693
5.55678760704777
5.49689887861037
5.4323731305454
5.36550569259426
5.29871827525511
5.23442540203982
5.17489919258411
5.12214140001092
5.07777139773632
5.04293804516316
5.01826199748901
5.00381305355905
4.99912461555318
5.00324441624945
5.01481760306886
5.03219538027165
5.05356006049458
5.07705589251382
5.10092220133318
5.12356573638357
5.14372255953517
5.16043947934549
5.17313711233522
5.18159685847781
5.18592853083737
5.18651715106204
5.18395627313088
5.17897551562079
5.17236940289408
5.16493333224706
5.15741076187098
5.15045383963484
5.14459792767367
5.14024902650158
5.13768208971409
5.13704768656922
