-2.75253093871778
0.0326735319860418
0.0775063115730656
-0.36928760704777
0.190601121389634
-0.432373130545398
0.821994307405739
-0.923718275255112
1.51557459796018
-0.237399192584107
0.502858599989078
-0.0777713977363179
-0.0429380451631598
0.231738002510986
-0.378813053559045
-0.686624615553184
1.12175558375055
-0.0773176030688649
-0.157195380271647
1.07143993950542
73.7354441074862
105.149077798667
9.12643426361644
1.98127744046483
-0.285439479345492
0.0768628876647783
0.693403141522186
-0.748428530837375
0.0634828489379569
-0.0589562731308755
0.508524484379211
0.0776305971059248
-0.164933332247059
-0.657410761870976
-0.025453839634844
0.542902072326331
-0.0777490265015812
0.11231791028591
-0.762047686569224
