               -133.17002868652343750000                  2.93750000000000000000                 -2.75253105163574218750                  5.69003105163574218750
               -117.17002868652343750000                  5.68750000000000000000                  0.03267353028059005737                  5.65482664108276367188
               -101.17002868652343750000                  5.68750000000000000000                  0.07750631123781204224                  5.60999345779418945312
                -85.17002868652343750000                  5.18750000000000000000                 -0.36928761005401611328                  5.55678749084472656250
                -69.17002868652343750000                  5.68750000000000000000                  0.19060112535953521729                  5.49689865112304687500
                -53.17002868652343750000                  5.00000000000000000000                 -0.43237313628196716309                  5.43237304687500000000
                -37.17002868652343750000                  6.18750000000000000000                  0.82199430465698242188                  5.36550569534301757812
                -21.17002868652343750000                  4.37500000000000000000                 -0.92371827363967895508                  5.29871845245361328125
                 -5.17002868652343750000                  6.75000000000000000000                  1.51557457447052001953                  5.23442554473876953125
                 10.82997131347656250000                  4.93750000000000000000                 -0.23739919066429138184                  5.17489910125732421875
                 26.82997131347656250000                  5.62500000000000000000                  0.50285857915878295898                  5.12214136123657226562
                 42.82997131347656250000                  5.00000000000000000000                 -0.07777139544486999512                  5.07777118682861328125
                 58.82997131347656250000                  5.00000000000000000000                 -0.04293804615736007690                  5.04293823242187500000
                 74.82997131347656250000                  5.25000000000000000000                  0.23173800110816955566                  5.01826190948486328125
                 90.82997131347656250000                  4.62500000000000000000                 -0.37881305813789367676                  5.00381326675415039062
                106.82997131347656250000                  4.31250000000000000000                 -0.68662458658218383789                  4.99912452697753906250
                122.82997131347656250000                  6.12500000000000000000                  1.12175559997558593750                  5.00324440002441406250
                138.82997131347656250000                  4.93750000000000000000                 -0.07731760293245315552                  5.01481771469116210938
                154.82997131347656250000                  4.87500000000000000000                 -0.15719537436962127686                  5.03219556808471679688
                170.82997131347656250000                  6.12500000000000000000                  1.07143998146057128906                  5.05356025695800781250
                186.82997131347656250000                 78.81250000000000000000                 73.73544311523437500000                  5.07705593109130859375
                202.82997131347656250000                110.25000000000000000000                105.14907836914062500000                  5.10092210769653320312
                218.82997131347656250000                 14.25000000000000000000                  9.12643432617187500000                  5.12356567382812500000
                234.82997131347656250000                  7.12500000000000000000                  1.98127746582031250000                  5.14372253417968750000
                250.82997131347656250000                  4.87500000000000000000                 -0.28543949127197265625                  5.16043949127197265625
                266.82997131347656250000                  5.25000000000000000000                  0.07686288654804229736                  5.17313718795776367188
                282.82997131347656250000                  5.87500000000000000000                  0.69340312480926513672                  5.18159675598144531250
                298.82997131347656250000                  4.43750000000000000000                 -0.74842852354049682617                  5.18592834472656250000
                314.82997131347656250000                  5.25000000000000000000                  0.06348285079002380371                  5.18651723861694335938
                330.82997131347656250000                  5.12500000000000000000                 -0.05895627290010452271                  5.18395614624023437500
                346.82997131347656250000                  5.68750000000000000000                  0.50852447748184204102                  5.17897558212280273438
                362.82997131347656250000                  5.25000000000000000000                  0.07763059437274932861                  5.17236948013305664062
                378.82997131347656250000                  5.00000000000000000000                 -0.16493333876132965088                  5.16493320465087890625
                394.82997131347656250000                  4.50000000000000000000                 -0.65741074085235595703                  5.15741062164306640625
                410.82997131347656250000                  5.12500000000000000000                 -0.02545383945107460022                  5.15045404434204101562
                426.82997131347656250000                  5.68750000000000000000                  0.54290205240249633789                  5.14459800720214843750
                442.82997131347656250000                  5.06250000000000000000                 -0.07774902880191802979                  5.14024925231933593750
                458.82997131347656250000                  5.25000000000000000000                  0.11231791228055953979                  5.13768196105957031250
                474.82997131347656250000                  4.37500000000000000000                 -0.76204770803451538086                  5.13704776763916015625
