57.4882588336114
57.6228154838631
57.6219811783127
57.4726066959463
57.1764872899062
56.7518833511378
56.2331614185344
55.6684131824241
55.1151865418984
54.634742625675
54.2854907384983
54.1164081283533
54.1612935812217
54.4346210149707
54.9295598697366
55.6184413727431
56.4556172509281
57.3823317662831
58.3329597800895
59.2417939801737
60.0495178193329
60.7085808816787
61.1868832966937
61.4694412125415
61.5580012767169
61.4688510866154
61.2292929103778
60.8733803604426
60.437549444712
59.9567113127237
59.4612340214047
58.9750551018894
58.5149701093087
58.090966992097
57.7073468662659
57.3643026261023
57.0596198943209
56.7902115766279
56.5532814963218
