               -133.17002868652343750000                 31.56250000000000000000
               -117.17002868652343750000                 56.50000000000000000000
               -101.17002868652343750000                 56.68750000000000000000
                -85.17002868652343750000                 58.12500000000000000000
                -69.17002868652343750000                 58.93750000000000000000
                -53.17002868652343750000                 57.87500000000000000000
                -37.17002868652343750000                 58.50000000000000000000
                -21.17002868652343750000                 57.00000000000000000000
                 -5.17002868652343750000                 53.81250000000000000000
                 10.82997131347656250000                 52.75000000000000000000
                 26.82997131347656250000                 53.43750000000000000000
                 42.82997131347656250000                 52.31250000000000000000
                 58.82997131347656250000                 56.62500000000000000000
                 74.82997131347656250000                 53.31250000000000000000
                 90.82997131347656250000                 51.75000000000000000000
                106.82997131347656250000                 55.25000000000000000000
                122.82997131347656250000                 55.06250000000000000000
                138.82997131347656250000                 56.75000000000000000000
                154.82997131347656250000                 62.25000000000000000000
                170.82997131347656250000                 59.31250000000000000000
                186.82997131347656250000                109.87500000000000000000
                202.82997131347656250000                 89.87500000000000000000
                218.82997131347656250000                 62.31250000000000000000
                234.82997131347656250000                 60.06250000000000000000
                250.82997131347656250000                 59.75000000000000000000
                266.82997131347656250000                 62.62500000000000000000
                282.82997131347656250000                 59.75000000000000000000
                298.82997131347656250000                 59.75000000000000000000
                314.82997131347656250000                 63.62500000000000000000
                330.82997131347656250000                 61.12500000000000000000
                346.82997131347656250000                 56.18750000000000000000
                362.82997131347656250000                 59.93750000000000000000
                378.82997131347656250000                 56.81250000000000000000
                394.82997131347656250000                 61.06250000000000000000
                410.82997131347656250000                 57.37500000000000000000
                426.82997131347656250000                 60.12500000000000000000
                442.82997131347656250000                 55.93750000000000000000
                458.82997131347656250000                 58.43750000000000000000
                474.82997131347656250000                 49.00000000000000000000
