-25.9257588336114
-1.12281548386306
-0.934481178312666
0.652393304053696
1.76101271009377
1.12311664886215
2.26683858146559
1.33158681757588
-1.3026865418984
-1.88474262567503
-0.847990738498339
-1.80390812835333
2.46370641877827
-1.12212101497072
-3.17955986973656
-0.368441372743135
-1.39311725092811
-0.632331766283144
3.9170402199105
0.070706019826325
49.8254821806671
29.1664191183213
1.12561670330626
-1.40694121254148
-1.80800127671694
1.15614891338464
-1.47929291037775
-1.12338036044261
3.18745055528797
1.1682886872763
-3.27373402140475
0.962444898110618
-1.70247010930871
2.97153300790305
-0.33234686626588
2.7606973738977
-1.12211989432094
1.64728842337206
-7.55328149632182
