               -133.17002868652343750000                 31.56250000000000000000                -25.92575836181640625000                 57.48825836181640625000
               -117.17002868652343750000                 56.50000000000000000000                 -1.12281548976898193359                 57.62281417846679687500
               -101.17002868652343750000                 56.68750000000000000000                 -0.93448120355606079102                 57.62198257446289062500
                -85.17002868652343750000                 58.12500000000000000000                  0.65239328145980834961                 57.47260665893554687500
                -69.17002868652343750000                 58.93750000000000000000                  1.76101267337799072266                 57.17648696899414062500
                -53.17002868652343750000                 57.87500000000000000000                  1.12311661243438720703                 56.75188446044921875000
                -37.17002868652343750000                 58.50000000000000000000                  2.26683855056762695312                 56.23316192626953125000
                -21.17002868652343750000                 57.00000000000000000000                  1.33158683776855468750                 55.66841506958007812500
                 -5.17002868652343750000                 53.81250000000000000000                 -1.30268657207489013672                 55.11518478393554687500
                 10.82997131347656250000                 52.75000000000000000000                 -1.88474261760711669922                 54.63474273681640625000
                 26.82997131347656250000                 53.43750000000000000000                 -0.84799075126647949219                 54.28549194335937500000
                 42.82997131347656250000                 52.31250000000000000000                 -1.80390810966491699219                 54.11640930175781250000
                 58.82997131347656250000                 56.62500000000000000000                  2.46370649337768554688                 54.16129302978515625000
                 74.82997131347656250000                 53.31250000000000000000                 -1.12212097644805908203                 54.43461990356445312500
                 90.82997131347656250000                 51.75000000000000000000                 -3.17955994606018066406                 54.92956161499023437500
                106.82997131347656250000                 55.25000000000000000000                 -0.36844137310981750488                 55.61844253540039062500
                122.82997131347656250000                 55.06250000000000000000                 -1.39311730861663818359                 56.45561599731445312500
                138.82997131347656250000                 56.75000000000000000000                 -0.63233178853988647461                 57.38233184814453125000
                154.82997131347656250000                 62.25000000000000000000                  3.91704010963439941406                 58.33295822143554687500
                170.82997131347656250000                 59.31250000000000000000                  0.07070601731538772583                 59.24179458618164062500
                186.82997131347656250000                109.87500000000000000000                 49.82548141479492187500                 60.04951858520507812500
                202.82997131347656250000                 89.87500000000000000000                 29.16641998291015625000                 60.70858001708984375000
                218.82997131347656250000                 62.31250000000000000000                  1.12561666965484619141                 61.18688201904296875000
                234.82997131347656250000                 60.06250000000000000000                 -1.40694117546081542969                 61.46944046020507812500
                250.82997131347656250000                 59.75000000000000000000                 -1.80800127983093261719                 61.55800247192382812500
                266.82997131347656250000                 62.62500000000000000000                  1.15614891052246093750                 61.46884918212890625000
                282.82997131347656250000                 59.75000000000000000000                 -1.47929286956787109375                 61.22929382324218750000
                298.82997131347656250000                 59.75000000000000000000                 -1.12338030338287353516                 60.87337875366210937500
                314.82997131347656250000                 63.62500000000000000000                  3.18745064735412597656                 60.43754959106445312500
                330.82997131347656250000                 61.12500000000000000000                  1.16828870773315429688                 59.95671081542968750000
                346.82997131347656250000                 56.18750000000000000000                 -3.27373409271240234375                 59.46123504638671875000
                362.82997131347656250000                 59.93750000000000000000                  0.96244490146636962891                 58.97505569458007812500
                378.82997131347656250000                 56.81250000000000000000                 -1.70247006416320800781                 58.51496887207031250000
                394.82997131347656250000                 61.06250000000000000000                  2.97153306007385253906                 58.09096527099609375000
                410.82997131347656250000                 57.37500000000000000000                 -0.33234685659408569336                 57.70734786987304687500
                426.82997131347656250000                 60.12500000000000000000                  2.76069736480712890625                 57.36430358886718750000
                442.82997131347656250000                 55.93750000000000000000                 -1.12211990356445312500                 57.05961990356445312500
                458.82997131347656250000                 58.43750000000000000000                  1.64728844165802001953                 56.79021072387695312500
                474.82997131347656250000                 49.00000000000000000000                 -7.55328130722045898438                 56.55327987670898437500
