-1.47171563402804
0.451829833132793
0.0668985172799146
-0.251210493877998
0.434973289455397
-0.9374210269505
-0.0565786891305735
0.389068674132067
-0.47655251380346
0.40797300835951
0.229191555569718
-0.201083878345841
-0.50816331496234
-0.0669115000593763
0.56076637223223
-0.624120271677261
0.0672512612487512
-0.113630127163098
-0.227784736290895
0.163575768756245
2.43638218982052
0.716078251636334
0.190043267085486
-0.642424509218534
-0.65756337034262
-0.107049676573425
0.0696412275065454
-0.0671025800884042
0.293137565461136
-0.164034498060754
0.559798175446339
1.27595741046821
-0.641278964273892
-0.0671663477231625
-0.439018738169806
0.118736746016778
0.66948471362461
-0.348165383911459
0.0670304971352254
