               -133.17002868652343750000                  1.56250000000000000000                 -1.47171568870544433594                  3.03421568870544433594
               -117.17002868652343750000                  3.50000000000000000000                  0.45182982087135314941                  3.04817008972167968750
               -101.17002868652343750000                  3.12500000000000000000                  0.06689851731061935425                  3.05810141563415527344
                -85.17002868652343750000                  2.81250000000000000000                 -0.25121048092842102051                  3.06371045112609863281
                -69.17002868652343750000                  3.50000000000000000000                  0.43497329950332641602                  3.06502676010131835938
                -53.17002868652343750000                  2.12500000000000000000                 -0.93742102384567260742                  3.06242108345031738281
                -37.17002868652343750000                  3.00000000000000000000                 -0.05657868832349777222                  3.05657863616943359375
                -21.17002868652343750000                  3.43750000000000000000                  0.38906866312026977539                  3.04843139648437500000
                 -5.17002868652343750000                  2.56250000000000000000                 -0.47655251622200012207                  3.03905248641967773438
                 10.82997131347656250000                  3.43750000000000000000                  0.40797302126884460449                  3.02952694892883300781
                 26.82997131347656250000                  3.25000000000000000000                  0.22919155657291412354                  3.02080845832824707031
                 42.82997131347656250000                  2.81250000000000000000                 -0.20108388364315032959                  3.01358389854431152344
                 58.82997131347656250000                  2.50000000000000000000                 -0.50816333293914794922                  3.00816321372985839844
                 74.82997131347656250000                  2.93750000000000000000                 -0.06691150367259979248                  3.00441145896911621094
                 90.82997131347656250000                  3.56250000000000000000                  0.56076639890670776367                  3.00173354148864746094
                106.82997131347656250000                  2.37500000000000000000                 -0.62412029504776000977                  2.99912023544311523438
                122.82997131347656250000                  3.06250000000000000000                  0.06725125759840011597                  2.99524879455566406250
                138.82997131347656250000                  2.87500000000000000000                 -0.11363013088703155518                  2.98863005638122558594
                154.82997131347656250000                  2.75000000000000000000                 -0.22778473794460296631                  2.97778463363647460938
                170.82997131347656250000                  3.12500000000000000000                  0.16357576847076416016                  2.96142411231994628906
                186.82997131347656250000                  5.37500000000000000000                  2.43638229370117187500                  2.93861770629882812500
                202.82997131347656250000                  3.62500000000000000000                  0.71607828140258789062                  2.90892171859741210938
                218.82997131347656250000                  3.06250000000000000000                  0.19004327058792114258                  2.87245678901672363281
                234.82997131347656250000                  2.18750000000000000000                 -0.64242452383041381836                  2.82992458343505859375
                250.82997131347656250000                  2.12500000000000000000                 -0.65756338834762573242                  2.78256344795227050781
                266.82997131347656250000                  2.62500000000000000000                 -0.10704967379570007324                  2.73204970359802246094
                282.82997131347656250000                  2.75000000000000000000                  0.06964122503995895386                  2.68035888671875000000
                298.82997131347656250000                  2.56250000000000000000                 -0.06710258126258850098                  2.62960267066955566406
                314.82997131347656250000                  2.87500000000000000000                  0.29313758015632629395                  2.58186244964599609375
                330.82997131347656250000                  2.37500000000000000000                 -0.16403450071811676025                  2.53903460502624511719
                346.82997131347656250000                  3.06250000000000000000                  0.55979818105697631836                  2.50270175933837890625
                362.82997131347656250000                  3.75000000000000000000                  1.27595746517181396484                  2.47404265403747558594
                378.82997131347656250000                  1.81250000000000000000                 -0.64127898216247558594                  2.45377898216247558594
                394.82997131347656250000                  2.37500000000000000000                 -0.06716635078191757202                  2.44216632843017578125
                410.82997131347656250000                  2.00000000000000000000                 -0.43901872634887695312                  2.43901872634887695312
                426.82997131347656250000                  2.56250000000000000000                  0.11873674392700195312                  2.44376325607299804688
                442.82997131347656250000                  3.12500000000000000000                  0.66948473453521728516                  2.45551538467407226562
                458.82997131347656250000                  2.12500000000000000000                 -0.34816539287567138672                  2.47316527366638183594
                474.82997131347656250000                  2.56250000000000000000                  0.06703049689531326294                  2.49546957015991210938
