3.03421563402804
3.04817016686721
3.05810148272009
3.063710493878
3.0650267105446
3.0624210269505
3.05657868913057
3.04843132586793
3.03905251380346
3.02952699164049
3.02080844443028
3.01358387834584
3.00816331496234
3.00441150005938
3.00173362776777
2.99912027167726
2.99524873875125
2.9886301271631
2.9777847362909
2.96142423124376
2.93861781017948
2.90892174836367
2.87245673291451
2.82992450921853
2.78256337034262
2.73204967657343
2.68035877249345
2.6296025800884
2.58186243453886
2.53903449806075
2.50270182455366
2.47404258953179
2.45377896427389
2.44216634772316
2.43901873816981
2.44376325398322
2.45551528637539
2.47316538391146
2.49546950286477
