               -133.17002868652343750000                  2.12500000000000000000                 -0.86953192949295043945                  2.99453186988830566406
               -117.17002868652343750000                  3.87500000000000000000                  0.68743616342544555664                  3.18756389617919921875
               -101.17002868652343750000                  4.18750000000000000000                  0.82466894388198852539                  3.36283111572265625000
                -85.17002868652343750000                  4.87500000000000000000                  1.36508405208587646484                  3.50991582870483398438
                -69.17002868652343750000                  3.12500000000000000000                 -0.49678102135658264160                  3.62178111076354980469
                -53.17002868652343750000                  4.43750000000000000000                  0.74180597066879272461                  3.69569396972656250000
                -37.17002868652343750000                  4.06250000000000000000                  0.32884672284126281738                  3.73365330696105957031
                -21.17002868652343750000                  4.56250000000000000000                  0.82027828693389892578                  3.74222159385681152344
                 -5.17002868652343750000                  3.87500000000000000000                  0.14324451982975006104                  3.73175549507141113281
                 10.82997131347656250000                  3.68750000000000000000                 -0.02759976126253604889                  3.71509981155395507812
                 26.82997131347656250000                  4.50000000000000000000                  0.79409432411193847656                  3.70590567588806152344
                 42.82997131347656250000                  3.93750000000000000000                  0.22071452438831329346                  3.71678543090820312500
                 58.82997131347656250000                  3.37500000000000000000                 -0.38255620002746582031                  3.75755620002746582031
                 74.82997131347656250000                  3.93750000000000000000                  0.10368125885725021362                  3.83381867408752441406
                 90.82997131347656250000                  3.12500000000000000000                 -0.82107889652252197266                  3.94607901573181152344
                106.82997131347656250000                  4.18750000000000000000                  0.09795591235160827637                  4.08954429626464843750
                122.82997131347656250000                  3.37500000000000000000                 -0.87963289022445678711                  4.25463294982910156250
                138.82997131347656250000                  3.87500000000000000000                 -0.55313384532928466797                  4.42813396453857421875
                154.82997131347656250000                  4.31250000000000000000                 -0.28235417604446411133                  4.59485435485839843750
                170.82997131347656250000                  4.75000000000000000000                  0.01047013513743877411                  4.73953008651733398438
                186.82997131347656250000                 37.43750000000000000000                 32.58876800537109375000                  4.84873294830322265625
                202.82997131347656250000                 43.56250000000000000000                 38.64998245239257812500                  4.91251611709594726562
                218.82997131347656250000                  5.37500000000000000000                  0.44942176342010498047                  4.92557811737060546875
                234.82997131347656250000                  4.93750000000000000000                  0.04968861117959022522                  4.88781118392944335938
                250.82997131347656250000                  3.68750000000000000000                 -1.11667609214782714844                  4.80417585372924804688
                266.82997131347656250000                  5.31250000000000000000                  0.62854313850402832031                  4.68395709991455078125
                282.82997131347656250000                  4.50000000000000000000                 -0.03952646628022193909                  4.53952646255493164062
                298.82997131347656250000                  3.56250000000000000000                 -0.82230961322784423828                  4.38480949401855468750
                314.82997131347656250000                  3.93750000000000000000                 -0.29616501927375793457                  4.23366498947143554688
                330.82997131347656250000                  4.00000000000000000000                 -0.09839779138565063477                  4.09839773178100585938
                346.82997131347656250000                  3.50000000000000000000                 -0.48857796192169189453                  3.98857784271240234375
                362.82997131347656250000                  3.62500000000000000000                 -0.28528437018394470215                  3.91028428077697753906
                378.82997131347656250000                  4.68750000000000000000                  0.82167607545852661133                  3.86582398414611816406
                394.82997131347656250000                  4.31250000000000000000                  0.45859169960021972656                  3.85390830039978027344
                410.82997131347656250000                  3.00000000000000000000                 -0.87021380662918090820                  3.87021374702453613281
                426.82997131347656250000                  4.00000000000000000000                  0.09179077297449111938                  3.90820932388305664062
                442.82997131347656250000                  4.81250000000000000000                  0.85238206386566162109                  3.96011781692504882812
                458.82997131347656250000                  3.68750000000000000000                 -0.33038303256034851074                  4.01788282394409179688
                474.82997131347656250000                  3.25000000000000000000                 -0.82402223348617553711                  4.07402229309082031250
