-0.403666722082286
0.335567732965444
0.765791540783404
-0.417421899807829
-0.0194720056203552
0.402488071626594
-0.273552488882626
0.0152060617563459
0.516375143822528
0.412725001811132
-0.364662081492734
-1.19802225918805
0.155548830506427
-0.309999494573465
-0.598959825543708
-0.400950629916465
0.409146817259272
0.208402789396104
0.125268322137385
-0.648669651903894
17.0155306059203
18.4959873706158
0.857034748531898
-0.400950452708198
0.0960795409918904
-0.591269684359975
-0.402778410445141
-0.0905036323744395
0.15676193342204
-0.286139767521393
-0.16809804812012
-0.299354401153261
0.448150679873905
-0.484726293147212
0.0926004267821003
0.494913953175917
0.0357866703156011
0.402357529992905
-0.719678363145199
