               -133.17002868652343750000                  1.37500000000000000000                 -0.40366673469543457031                  1.77866673469543457031
               -117.17002868652343750000                  2.25000000000000000000                  0.33556774258613586426                  1.91443228721618652344
               -101.17002868652343750000                  2.81250000000000000000                  0.76579153537750244141                  2.04670834541320800781
                -85.17002868652343750000                  1.75000000000000000000                 -0.41742190718650817871                  2.16742181777954101562
                -69.17002868652343750000                  2.25000000000000000000                 -0.01947200484573841095                  2.26947212219238281250
                -53.17002868652343750000                  2.75000000000000000000                  0.40248808264732360840                  2.34751200675964355469
                -37.17002868652343750000                  2.12500000000000000000                 -0.27355247735977172852                  2.39855241775512695312
                -21.17002868652343750000                  2.43750000000000000000                  0.01520606130361557007                  2.42229390144348144531
                 -5.17002868652343750000                  2.93750000000000000000                  0.51637512445449829102                  2.42112493515014648438
                 10.82997131347656250000                  2.81250000000000000000                  0.41272500157356262207                  2.39977502822875976562
                 26.82997131347656250000                  2.00000000000000000000                 -0.36466208100318908691                  2.36466217041015625000
                 42.82997131347656250000                  1.12500000000000000000                 -1.19802224636077880859                  2.32302236557006835938
                 58.82997131347656250000                  2.43750000000000000000                  0.15554882586002349854                  2.28195118904113769531
                 74.82997131347656250000                  1.93750000000000000000                 -0.30999949574470520020                  2.24749946594238281250
                 90.82997131347656250000                  1.62500000000000000000                 -0.59895980358123779297                  2.22395992279052734375
                106.82997131347656250000                  1.81250000000000000000                 -0.40095064043998718262                  2.21345067024230957031
                122.82997131347656250000                  2.62500000000000000000                  0.40914681553840637207                  2.21585321426391601562
                138.82997131347656250000                  2.43750000000000000000                  0.20840278267860412598                  2.22909712791442871094
                154.82997131347656250000                  2.37500000000000000000                  0.12526832520961761475                  2.24973177909851074219
                170.82997131347656250000                  1.62500000000000000000                 -0.64866966009140014648                  2.27366971969604492188
                186.82997131347656250000                 19.31250000000000000000                 17.01553153991699218750                  2.29696941375732421875
                202.82997131347656250000                 20.81250000000000000000                 18.49598693847656250000                  2.31651258468627929688
                218.82997131347656250000                  3.18750000000000000000                  0.85703474283218383789                  2.33046531677246093750
                234.82997131347656250000                  1.93750000000000000000                 -0.40095046162605285645                  2.33845043182373046875
                250.82997131347656250000                  2.43750000000000000000                  0.09607954323291778564                  2.34142041206359863281
                266.82997131347656250000                  1.75000000000000000000                 -0.59126967191696166992                  2.34126973152160644531
                282.82997131347656250000                  1.93750000000000000000                 -0.40277841687202453613                  2.34027838706970214844
                298.82997131347656250000                  2.25000000000000000000                 -0.09050363302230834961                  2.34050369262695312500
                314.82997131347656250000                  2.50000000000000000000                  0.15676192939281463623                  2.34323811531066894531
                330.82997131347656250000                  2.06250000000000000000                 -0.28613975644111633301                  2.34863972663879394531
                346.82997131347656250000                  2.18750000000000000000                 -0.16809804737567901611                  2.35559797286987304688
                362.82997131347656250000                  2.06250000000000000000                 -0.29935440421104431152                  2.36185431480407714844
                378.82997131347656250000                  2.81250000000000000000                  0.44815069437026977539                  2.36434936523437500000
                394.82997131347656250000                  1.87500000000000000000                 -0.48472627997398376465                  2.35972619056701660156
                410.82997131347656250000                  2.43750000000000000000                  0.09260042756795883179                  2.34489965438842773438
                426.82997131347656250000                  2.81250000000000000000                  0.49491396546363830566                  2.31758594512939453125
                442.82997131347656250000                  2.31250000000000000000                  0.03578666970133781433                  2.27671337127685546875
                458.82997131347656250000                  2.62500000000000000000                  0.40235751867294311523                  2.22264242172241210938
                474.82997131347656250000                  1.43750000000000000000                 -0.71967834234237670898                  2.15717840194702148438
