1.77866672208229
1.91443226703456
2.0467084592166
2.16742189980783
2.26947200562036
2.34751192837341
2.39855248888263
2.42229393824365
2.42112485617747
2.39977499818887
2.36466208149273
2.32302225918805
2.28195116949357
2.24749949457346
2.22395982554371
2.21345062991647
2.21585318274073
2.2290972106039
2.24973167786262
2.27366965190389
2.2969693940797
2.31651262938424
2.3304652514681
2.3384504527082
2.34142045900811
2.34126968435997
2.34027841044514
2.34050363237444
2.34323806657796
2.34863976752139
2.35559804812012
2.36185440115326
2.3643493201261
2.35972629314721
2.3448995732179
2.31758604682408
2.2767133296844
2.2226424700071
2.1571783631452
