-0.912455535241843
0.171212283888425
-0.0601774994068416
-0.416774344862927
0.0413940139368527
0.191703384830367
0.286210316287148
-0.548548901820792
-0.686711867494932
0.121824569497137
0.501400028425392
0.138169787836336
-0.657241429284112
0.112969744667703
-0.053476884702202
-0.408709170155875
-0.0794981136870128
-0.0671087880258776
-0.0597217162285737
0.380071228232866
2.81520334173818
1.05901813173738
0.0501248141453989
0.0397479097487461
-0.408407824049554
0.0817383808217902
-0.113922252897743
0.130284908997402
-0.0601775013817381
0.439966180292118
-0.369162359125699
-0.362565391456627
0.39715070453667
-0.590217263481346
0.425027706950211
0.0674752809678585
0.524103055081006
-0.205718503817666
-0.0602068325746461
