1.72495553524184
1.76628771611157
1.81017749940684
1.85427434486293
1.89610598606315
1.93329661516963
1.96378968371285
1.98604890182079
1.99921186749493
2.00317543050286
1.99859997157461
1.98683021216366
1.96974142928411
1.9495302553323
1.9284768847022
1.90870917015587
1.89199811368701
1.87960878802588
1.87222171622857
1.86992877176713
1.87229665826182
1.87848186826262
1.8873751858546
1.89775209025125
1.90840782404955
1.91826161917821
1.92642225289774
1.9322150910026
1.93517750138174
1.93503381970788
1.9316623591257
1.92506539145663
1.91534929546333
1.90271726348135
1.88747229304979
1.87002471903214
1.85089694491899
1.83071850381767
1.81020683257465
