31.5008875078235
31.6991322739309
31.8540241818237
31.9584252665642
32.0097392198049
32.0102490211163
31.9668419192778
31.890127048663
31.7930441820881
31.6891454672268
31.5907904925865
31.507517262596
31.4448321078957
31.4036018900468
31.3801409085461
31.3669772618956
31.3541768658816
31.331015781015
31.287737721939
31.2171226441968
31.1156258289218
30.9839190244831
30.8267635642692
30.6522532854074
30.4705644965003
30.2924249218067
30.1275517425953
29.9833052558117
29.8637611601069
29.7693296256084
29.696956688116
29.6408492233403
29.5935845276301
29.5474119913502
29.4955349622414
29.4331768842137
29.3582822606852
29.2717701245108
29.1773328414048
