0.984285106500285
1.06359229283046
1.14553126228058
1.22532018856924
1.29822712747974
1.3600202220544
1.40739184413591
1.43830381409154
1.45220736893088
1.45010521644161
1.43444226800905
1.40883388694313
1.37766244715817
1.3455912448132
1.31705636552566
1.29580000203422
1.28450235327479
1.2845545684626
1.29599458618178
1.31760451396183
1.34714614941433
1.38169382621997
1.4180135374804
1.45293546207765
1.48367330302053
1.5080565665187
1.52465840404007
1.53281881579834
1.53257795950077
1.52454481150718
1.50973132160665
1.48938146841764
1.46481925635756
1.43733139068065
1.40809109718177
1.37812115144214
1.34828801029216
1.31931569489232
1.29180777075324
