-0.421785106500285
-0.313592292830457
0.166968737719422
0.0871798114307571
0.139272872520263
-0.235020222054401
-0.0948918441359112
0.311696185908459
-0.0147073689308821
0.112394783558387
0.00305773199094994
0.403666113056875
0.0598375528418345
-0.0955912448131957
-0.129556365525663
0.0791999979657794
0.0904976467252128
-0.2220545684626
-0.295994586181782
-0.00510451396182665
3.84035385058567
4.30580617378003
0.0194864625195985
0.297064537922352
0.0163266969794735
-0.070556566518704
-0.462158404040075
-0.0953188157983405
0.0924220404992289
0.475455188492816
-0.072231321606649
-0.489381468417642
-0.0898192563575633
0.125168609319352
-0.0955910971817731
-0.00312115144213965
-0.0357880102921642
0.180684305107684
-0.166807770753244
