               -133.17002868652343750000                  0.56250000000000000000                 -0.42178511619567871094                  0.98428511619567871094
               -117.17002868652343750000                  0.75000000000000000000                 -0.31359228491783142090                  1.06359231472015380859
               -101.17002868652343750000                  1.31250000000000000000                  0.16696873307228088379                  1.14553129673004150391
                -85.17002868652343750000                  1.31250000000000000000                  0.08717980980873107910                  1.22532021999359130859
                -69.17002868652343750000                  1.43750000000000000000                  0.13927286863327026367                  1.29822707176208496094
                -53.17002868652343750000                  1.12500000000000000000                 -0.23502022027969360352                  1.36002027988433837891
                -37.17002868652343750000                  1.31250000000000000000                 -0.09489184617996215820                  1.40739178657531738281
                -21.17002868652343750000                  1.75000000000000000000                  0.31169617176055908203                  1.43830382823944091797
                 -5.17002868652343750000                  1.43750000000000000000                 -0.01470736879855394363                  1.45220732688903808594
                 10.82997131347656250000                  1.56250000000000000000                  0.11239477992057800293                  1.45010519027709960938
                 26.82997131347656250000                  1.43750000000000000000                  0.00305773201398551464                  1.43444228172302246094
                 42.82997131347656250000                  1.81250000000000000000                  0.40366610884666442871                  1.40883386135101318359
                 58.82997131347656250000                  1.43750000000000000000                  0.05983755365014076233                  1.37766242027282714844
                 74.82997131347656250000                  1.25000000000000000000                 -0.09559124708175659180                  1.34559118747711181641
                 90.82997131347656250000                  1.18750000000000000000                 -0.12955637276172637939                  1.31705641746520996094
                106.82997131347656250000                  1.37500000000000000000                  0.07919999957084655762                  1.29579997062683105469
                122.82997131347656250000                  1.37500000000000000000                  0.09049765020608901978                  1.28450238704681396484
                138.82997131347656250000                  1.06250000000000000000                 -0.22205457091331481934                  1.28455460071563720703
                154.82997131347656250000                  1.00000000000000000000                 -0.29599457979202270508                  1.29599463939666748047
                170.82997131347656250000                  1.31250000000000000000                 -0.00510451383888721466                  1.31760454177856445312
                186.82997131347656250000                  5.18750000000000000000                  3.84035396575927734375                  1.34714615345001220703
                202.82997131347656250000                  5.68750000000000000000                  4.30580615997314453125                  1.38169384002685546875
                218.82997131347656250000                  1.43750000000000000000                  0.01948646269738674164                  1.41801357269287109375
                234.82997131347656250000                  1.75000000000000000000                  0.29706454277038574219                  1.45293545722961425781
                250.82997131347656250000                  1.50000000000000000000                  0.01632669754326343536                  1.48367333412170410156
                266.82997131347656250000                  1.43750000000000000000                 -0.07055656611919403076                  1.50805652141571044922
                282.82997131347656250000                  1.06250000000000000000                 -0.46215841174125671387                  1.52465844154357910156
                298.82997131347656250000                  1.43750000000000000000                 -0.09531881660223007202                  1.53281879425048828125
                314.82997131347656250000                  1.62500000000000000000                  0.09242203831672668457                  1.53257799148559570312
                330.82997131347656250000                  2.00000000000000000000                  0.47545519471168518066                  1.52454483509063720703
                346.82997131347656250000                  1.43750000000000000000                 -0.07223132252693176270                  1.50973129272460937500
                362.82997131347656250000                  1.00000000000000000000                 -0.48938146233558654785                  1.48938143253326416016
                378.82997131347656250000                  1.37500000000000000000                 -0.08981925994157791138                  1.46481931209564208984
                394.82997131347656250000                  1.56250000000000000000                  0.12516860663890838623                  1.43733143806457519531
                410.82997131347656250000                  1.31250000000000000000                 -0.09559109807014465332                  1.40809106826782226562
                426.82997131347656250000                  1.37500000000000000000                 -0.00312115135602653027                  1.37812113761901855469
                442.82997131347656250000                  1.31250000000000000000                 -0.03578801080584526062                  1.34828805923461914062
                458.82997131347656250000                  1.50000000000000000000                  0.18068429827690124512                  1.31931567192077636719
                474.82997131347656250000                  1.12500000000000000000                 -0.16680777072906494141                  1.29180777072906494141
