34.6189975413342
34.7781977700978
34.9313690002499
35.0782165009162
35.2169509043561
35.3438416032913
35.4529899975882
35.536401258459
35.5844008847462
35.5863976770458
35.5319430355028
35.4119847569307
35.2201698231695
34.9540229177581
34.6158219828004
34.2130127066829
33.7580504042237
33.267626149739
32.7613161149548
32.2597776280175
31.7826897321152
31.3471174858041
30.9635595119849
30.6389555768792
30.3718025848855
30.1545298516173
29.9741053834118
29.8137698064026
29.6552573520631
29.4812228216004
29.2775623342386
29.03532890106
28.7519995761185
28.4319405127999
28.086025828404
27.7304790049713
27.3851048436502
27.0711516975447
26.8090787298738
