-14.9939975413342
-0.40319777009779
-0.181369000249894
0.546783499083759
-2.59195090435611
0.343658396708719
-0.202989997588247
-1.16140125845899
3.22809911525383
-0.0238976770457668
0.405556964497201
0.900515243069258
-0.845169823169527
0.295977082241897
-1.86582198280038
2.91198729331715
2.30444959577628
1.35737385026098
1.42618388504521
-1.32227762801754
49.0923102678848
75.6528825141959
11.3489404880151
1.98604442312079
-0.809302584885454
-0.404529851617308
-0.224105383411818
-1.50126980640263
0.344742647936911
1.20627717839964
2.78493766576139
0.402171098940009
0.0605004238814573
1.06805948720014
-4.21102582840396
0.019520995028671
-0.260104843650161
-0.571151697544714
-4.99657872987376
