               -133.17002868652343750000                 19.62500000000000000000                -14.99399757385253906250                 34.61899566650390625000
               -117.17002868652343750000                 34.37500000000000000000                 -0.40319776535034179688                 34.77819824218750000000
               -101.17002868652343750000                 34.75000000000000000000                 -0.18136900663375854492                 34.93136978149414062500
                -85.17002868652343750000                 35.62500000000000000000                  0.54678350687026977539                 35.07821655273437500000
                -69.17002868652343750000                 32.62500000000000000000                 -2.59195089340209960938                 35.21694946289062500000
                -53.17002868652343750000                 35.68750000000000000000                  0.34365838766098022461                 35.34384155273437500000
                -37.17002868652343750000                 35.25000000000000000000                 -0.20298999547958374023                 35.45299148559570312500
                -21.17002868652343750000                 34.37500000000000000000                 -1.16140127182006835938                 35.53639984130859375000
                 -5.17002868652343750000                 38.81250000000000000000                  3.22809910774230957031                 35.58440017700195312500
                 10.82997131347656250000                 35.56250000000000000000                 -0.02389767765998840332                 35.58639907836914062500
                 26.82997131347656250000                 35.93750000000000000000                  0.40555697679519653320                 35.53194427490234375000
                 42.82997131347656250000                 36.31250000000000000000                  0.90051525831222534180                 35.41198348999023437500
                 58.82997131347656250000                 34.37500000000000000000                 -0.84516984224319458008                 35.22016906738281250000
                 74.82997131347656250000                 35.25000000000000000000                  0.29597708582878112793                 34.95402145385742187500
                 90.82997131347656250000                 32.75000000000000000000                 -1.86582195758819580078                 34.61582183837890625000
                106.82997131347656250000                 37.12500000000000000000                  2.91198730468750000000                 34.21301269531250000000
                122.82997131347656250000                 36.06250000000000000000                  2.30444955825805664062                 33.75804901123046875000
                138.82997131347656250000                 34.62500000000000000000                  1.35737383365631103516                 33.26762771606445312500
                154.82997131347656250000                 34.18750000000000000000                  1.42618393898010253906                 32.76131439208984375000
                170.82997131347656250000                 30.93750000000000000000                 -1.32227766513824462891                 32.25977706909179687500
                186.82997131347656250000                 80.87500000000000000000                 49.09231185913085937500                 31.78269004821777343750
                202.82997131347656250000                107.00000000000000000000                 75.65288543701171875000                 31.34711837768554687500
                218.82997131347656250000                 42.31250000000000000000                 11.34894084930419921875                 30.96356010437011718750
                234.82997131347656250000                 32.62500000000000000000                  1.98604440689086914062                 30.63895606994628906250
                250.82997131347656250000                 29.56250000000000000000                 -0.80930256843566894531                 30.37180328369140625000
                266.82997131347656250000                 29.75000000000000000000                 -0.40452983975410461426                 30.15452957153320312500
                282.82997131347656250000                 29.75000000000000000000                 -0.22410538792610168457                 29.97410583496093750000
                298.82997131347656250000                 28.31250000000000000000                 -1.50126981735229492188                 29.81377029418945312500
                314.82997131347656250000                 30.00000000000000000000                  0.34474265575408935547                 29.65525817871093750000
                330.82997131347656250000                 30.68750000000000000000                  1.20627713203430175781                 29.48122215270996093750
                346.82997131347656250000                 32.06250000000000000000                  2.78493762016296386719                 29.27756309509277343750
                362.82997131347656250000                 29.43750000000000000000                  0.40217110514640808105                 29.03532981872558593750
                378.82997131347656250000                 28.81250000000000000000                  0.06050042435526847839                 28.75199890136718750000
                394.82997131347656250000                 29.50000000000000000000                  1.06805944442749023438                 28.43194007873535156250
                410.82997131347656250000                 23.87500000000000000000                 -4.21102571487426757812                 28.08602523803710937500
                426.82997131347656250000                 27.75000000000000000000                  0.01952099427580833435                 27.73047828674316406250
                442.82997131347656250000                 27.12500000000000000000                 -0.26010483503341674805                 27.38510513305664062500
                458.82997131347656250000                 26.50000000000000000000                 -0.57115167379379272461                 27.07115173339843750000
                474.82997131347656250000                 21.81250000000000000000                 -4.99657869338989257812                 26.80907821655273437500
