32.3445543149558
32.8919505865321
33.421849401613
33.9171328799687
34.363943041049
34.7527008654163
35.0785411161571
35.3410809794899
35.5435455615276
35.6913837918695
35.7906043120697
35.8461228776808
35.8604255741712
35.8328087755729
35.7593608139108
35.6337162582625
35.44846503262
35.1969638075916
34.8752040806682
34.4833614962709
34.0266940908831
33.515568678711
32.9645555288115
32.3907116526412
31.8113369039101
31.241601122477
30.6924802859078
30.1693951742231
29.6718244758509
29.1939883784215
28.7265024202826
28.2587227316273
27.7813769889586
27.2890239302832
26.7819163558502
26.2669499496191
25.7575406283047
25.2724550541569
24.8337886895875
