24.2342660775966
24.1202080453796
24.0103108869381
23.9106395941055
23.827533283258
23.7673513252446
23.7361975755759
23.7396260677034
23.7823332255615
23.8678454632967
23.9982163466324
24.1737530590208
24.3927961925773
24.6515783945604
24.9441851582922
25.2626348539652
25.5970856410377
25.9361656400063
26.2674115391417
26.5777915098032
26.8542822573252
27.0843612252097
27.2571287382961
27.362794488221
27.3942350418034
27.3468730003928
27.219098600238
27.0124712591035
26.7317909208976
26.3850228369761
25.9830620188506
25.5393298336706
25.0692057269001
24.5893113953397
24.1166813005991
23.6678696946822
23.2580573724688
22.9002283948728
22.6044860577753
