               -133.17002868652343750000                 15.31250000000000000000
               -117.17002868652343750000                 25.25000000000000000000
               -101.17002868652343750000                 22.87500000000000000000
                -85.17002868652343750000                 23.25000000000000000000
                -69.17002868652343750000                 23.12500000000000000000
                -53.17002868652343750000                 23.56250000000000000000
                -37.17002868652343750000                 24.56250000000000000000
                -21.17002868652343750000                 25.18750000000000000000
                 -5.17002868652343750000                 24.75000000000000000000
                 10.82997131347656250000                 23.81250000000000000000
                 26.82997131347656250000                 23.12500000000000000000
                 42.82997131347656250000                 24.06250000000000000000
                 58.82997131347656250000                 24.18750000000000000000
                 74.82997131347656250000                 24.62500000000000000000
                 90.82997131347656250000                 24.12500000000000000000
                106.82997131347656250000                 27.00000000000000000000
                122.82997131347656250000                 24.43750000000000000000
                138.82997131347656250000                 25.87500000000000000000
                154.82997131347656250000                 27.31250000000000000000
                170.82997131347656250000                 27.31250000000000000000
                186.82997131347656250000                 77.00000000000000000000
                202.82997131347656250000                118.75000000000000000000
                218.82997131347656250000                 43.68750000000000000000
                234.82997131347656250000                 30.06250000000000000000
                250.82997131347656250000                 26.12500000000000000000
                266.82997131347656250000                 26.06250000000000000000
                282.82997131347656250000                 27.81250000000000000000
                298.82997131347656250000                 26.93750000000000000000
                314.82997131347656250000                 26.93750000000000000000
                330.82997131347656250000                 26.50000000000000000000
                346.82997131347656250000                 26.18750000000000000000
                362.82997131347656250000                 25.87500000000000000000
                378.82997131347656250000                 24.56250000000000000000
                394.82997131347656250000                 25.75000000000000000000
                410.82997131347656250000                 25.56250000000000000000
                426.82997131347656250000                 23.43750000000000000000
                442.82997131347656250000                 23.12500000000000000000
                458.82997131347656250000                 22.62500000000000000000
                474.82997131347656250000                 19.37500000000000000000
