               -133.17002868652343750000                 15.31250000000000000000                 -8.92176628112792968750                 24.23426628112792968750
               -117.17002868652343750000                 25.25000000000000000000                  1.12979197502136230469                 24.12020874023437500000
               -101.17002868652343750000                 22.87500000000000000000                 -1.13531088829040527344                 24.01031112670898437500
                -85.17002868652343750000                 23.25000000000000000000                 -0.66063958406448364258                 23.91063880920410156250
                -69.17002868652343750000                 23.12500000000000000000                 -0.70253330469131469727                 23.82753372192382812500
                -53.17002868652343750000                 23.56250000000000000000                 -0.20485132932662963867                 23.76735115051269531250
                -37.17002868652343750000                 24.56250000000000000000                  0.82630240917205810547                 23.73619842529296875000
                -21.17002868652343750000                 25.18750000000000000000                  1.44787395000457763672                 23.73962593078613281250
                 -5.17002868652343750000                 24.75000000000000000000                  0.96766674518585205078                 23.78233337402343750000
                 10.82997131347656250000                 23.81250000000000000000                 -0.05534546449780464172                 23.86784553527832031250
                 26.82997131347656250000                 23.12500000000000000000                 -0.87321633100509643555                 23.99821662902832031250
                 42.82997131347656250000                 24.06250000000000000000                 -0.11125306040048599243                 24.17375373840332031250
                 58.82997131347656250000                 24.18750000000000000000                 -0.20529618859291076660                 24.39279556274414062500
                 74.82997131347656250000                 24.62500000000000000000                 -0.02657839469611644745                 24.65157890319824218750
                 90.82997131347656250000                 24.12500000000000000000                 -0.81918513774871826172                 24.94418525695800781250
                106.82997131347656250000                 27.00000000000000000000                  1.73736512660980224609                 25.26263427734375000000
                122.82997131347656250000                 24.43750000000000000000                 -1.15958559513092041016                 25.59708595275878906250
                138.82997131347656250000                 25.87500000000000000000                 -0.06116563826799392700                 25.93616485595703125000
                154.82997131347656250000                 27.31250000000000000000                  1.04508841037750244141                 26.26741218566894531250
                170.82997131347656250000                 27.31250000000000000000                  0.73470848798751831055                 26.57779121398925781250
                186.82997131347656250000                 77.00000000000000000000                 50.14571762084960937500                 26.85428237915039062500
                202.82997131347656250000                118.75000000000000000000                 91.66564178466796875000                 27.08436203002929687500
                218.82997131347656250000                 43.68750000000000000000                 16.43037033081054687500                 27.25712966918945312500
                234.82997131347656250000                 30.06250000000000000000                  2.69970560073852539062                 27.36279487609863281250
                250.82997131347656250000                 26.12500000000000000000                 -1.26923501491546630859                 27.39423561096191406250
                266.82997131347656250000                 26.06250000000000000000                 -1.28437304496765136719                 27.34687232971191406250
                282.82997131347656250000                 27.81250000000000000000                  0.59340137243270874023                 27.21909904479980468750
                298.82997131347656250000                 26.93750000000000000000                 -0.07497125864028930664                 27.01247215270996093750
                314.82997131347656250000                 26.93750000000000000000                  0.20570908486843109131                 26.73179054260253906250
                330.82997131347656250000                 26.50000000000000000000                  0.11497716605663299561                 26.38502311706542968750
                346.82997131347656250000                 26.18750000000000000000                  0.20443798601627349854                 25.98306274414062500000
                362.82997131347656250000                 25.87500000000000000000                  0.33567017316818237305                 25.53932952880859375000
                378.82997131347656250000                 24.56250000000000000000                 -0.50670570135116577148                 25.06920623779296875000
                394.82997131347656250000                 25.75000000000000000000                  1.16068863868713378906                 24.58931159973144531250
                410.82997131347656250000                 25.56250000000000000000                  1.44581866264343261719                 24.11668205261230468750
                426.82997131347656250000                 23.43750000000000000000                 -0.23036970198154449463                 23.66786956787109375000
                442.82997131347656250000                 23.12500000000000000000                 -0.13305737078189849854                 23.25805664062500000000
                458.82997131347656250000                 22.62500000000000000000                 -0.27522838115692138672                 22.90022850036621093750
                474.82997131347656250000                 19.37500000000000000000                 -3.22948598861694335938                 22.60448646545410156250
