23.1972656916796
23.2963231407489
23.3667867061301
23.4074098031573
23.4227487518722
23.4234976581258
23.4260038107815
23.4509080151999
23.5209788946724
23.6583423172341
23.8814255888493
24.2020188619586
24.6228844191206
25.1363063581604
25.7238674547418
26.3575775108054
27.0022808571935
27.6190710655946
28.1692730418063
28.6184482531389
28.939860121608
29.116911170093
29.1442217545496
29.027236314806
28.7804793268088
28.4247970692443
27.9840740631046
27.481977201383
26.9392458043521
26.3719208635303
25.7907174726291
25.2015284114349
24.6068453633102
24.0077340169241
23.4059253113909
22.8055962331257
22.2145018857422
21.6442639001466
21.109787773257
