-2.43126039311499
0.585000306989294
-0.468282036854669
0.0357369905636622
1.47430554991757
-0.0875454177000243
1.29034658973939
-0.451895901484042
0.125630399344725
0.0874369712537462
-0.190007324609454
-0.455890887595174
0.10237433546381
0.796643419113995
0.625589419074853
0.0248124494965056
-1.19550143027823
0.0871146483224408
-0.129878892375935
0.651182086094191
72.8033524998746
95.7626704710964
6.71601502186774
-0.0868991845917604
-0.145522927579249
0.666169037209488
-0.65040534772057
0.531399066492381
0.713278631779352
-0.540687411085155
-0.0416814674328956
-0.288755964947502
0.843602074574674
1.1054527957145
-0.441070763178613
-0.0466995001959694
-0.0874372238495074
0.810546877629672
-1.22896951172387
