               -133.17002868652343750000                  3.00000000000000000000                 -2.43126034736633300781                  5.43126058578491210938
               -117.17002868652343750000                  6.06250000000000000000                  0.58500033617019653320                  5.47749948501586914062
               -101.17002868652343750000                  5.06250000000000000000                 -0.46828204393386840820                  5.53078222274780273438
                -85.17002868652343750000                  5.62500000000000000000                  0.03573698922991752625                  5.58926296234130859375
                -69.17002868652343750000                  7.12500000000000000000                  1.47430551052093505859                  5.65069437026977539062
                -53.17002868652343750000                  5.62500000000000000000                 -0.08754541724920272827                  5.71254539489746093750
                -37.17002868652343750000                  7.06250000000000000000                  1.29034662246704101562                  5.77215337753295898438
                -21.17002868652343750000                  5.37500000000000000000                 -0.45189589262008666992                  5.82689571380615234375
                 -5.17002868652343750000                  6.00000000000000000000                  0.12563039362430572510                  5.87436962127685546875
                 10.82997131347656250000                  6.00000000000000000000                  0.08743697404861450195                  5.91256284713745117188
                 26.82997131347656250000                  5.75000000000000000000                 -0.19000732898712158203                  5.94000720977783203125
                 42.82997131347656250000                  5.50000000000000000000                 -0.45589089393615722656                  5.95589065551757812500
                 58.82997131347656250000                  6.06250000000000000000                  0.10237433761358261108                  5.96012544631958007812
                 74.82997131347656250000                  6.75000000000000000000                  0.79664343595504760742                  5.95335674285888671875
                 90.82997131347656250000                  6.56250000000000000000                  0.62558943033218383789                  5.93691062927246093750
                106.82997131347656250000                  5.93750000000000000000                  0.02481244876980781555                  5.91268777847290039062
                122.82997131347656250000                  4.68750000000000000000                 -1.19550144672393798828                  5.88300132751464843750
                138.82997131347656250000                  5.93750000000000000000                  0.08711464703083038330                  5.85038518905639648438
                154.82997131347656250000                  5.68750000000000000000                 -0.12987889349460601807                  5.81737899780273437500
                170.82997131347656250000                  6.43750000000000000000                  0.65118211507797241211                  5.78631782531738281250
                186.82997131347656250000                 78.56250000000000000000                 72.80335235595703125000                  5.75914764404296875000
                202.82997131347656250000                101.50000000000000000000                 95.76267242431640625000                  5.73732948303222656250
                218.82997131347656250000                 12.43750000000000000000                  6.71601486206054687500                  5.72148513793945312500
                234.82997131347656250000                  5.62500000000000000000                 -0.08689918369054794312                  5.71189928054809570312
                250.82997131347656250000                  5.56250000000000000000                 -0.14552292227745056152                  5.70802307128906250000
                266.82997131347656250000                  6.37500000000000000000                  0.66616904735565185547                  5.70883083343505859375
                282.82997131347656250000                  5.06250000000000000000                 -0.65040534734725952148                  5.71290540695190429688
                298.82997131347656250000                  6.25000000000000000000                  0.53139907121658325195                  5.71860074996948242188
                314.82997131347656250000                  6.43750000000000000000                  0.71327865123748779297                  5.72422122955322265625
                330.82997131347656250000                  5.18750000000000000000                 -0.54068738222122192383                  5.72818756103515625000
                346.82997131347656250000                  5.68750000000000000000                 -0.04168146848678588867                  5.72918128967285156250
                362.82997131347656250000                  5.43750000000000000000                 -0.28875595331192016602                  5.72625589370727539062
                378.82997131347656250000                  6.56250000000000000000                  0.84360206127166748047                  5.71889781951904296875
                394.82997131347656250000                  6.81250000000000000000                  1.10545277595520019531                  5.70704698562622070312
                410.82997131347656250000                  5.25000000000000000000                 -0.44107076525688171387                  5.69107055664062500000
                426.82997131347656250000                  5.62500000000000000000                 -0.04669950157403945923                  5.67169952392578125000
                442.82997131347656250000                  5.56250000000000000000                 -0.08743722736835479736                  5.64993715286254882812
                458.82997131347656250000                  6.43750000000000000000                  0.81054687500000000000                  5.62695312500000000000
                474.82997131347656250000                  4.37500000000000000000                 -1.22896945476531982422                  5.60396957397460937500
