4.90439242470424
5.03526482666295
5.13628570589296
5.20017438560841
5.22494006415792
5.21476355878349
5.1801070456129
5.13693425181472
5.10504588013555
5.1056723540851
5.15859679844929
5.27918250277001
5.47573049900806
5.74758054387188
6.08428894547031
6.46607722811925
6.86556578417443
7.25061420593858
7.58791669185528
7.84687679000631
8.00323328967712
8.0419387681051
7.95890024669491
7.76135981167895
7.46689345212607
7.10120502295502
6.6950565151932
6.28078022834822
5.88884912080028
5.54493829125759
5.26780575519265
5.06817653514644
4.94865741719387
4.9045667635876
4.92545545079991
4.99703382761589
5.10320848259586
5.22796573707962
5.35690389603205
