9.6282694218039
9.68401938096442
9.70440706437832
9.68866937467251
9.64007310248845
9.56594650714535
9.47719032361218
9.38727251709211
9.31078586878142
9.26171898311891
9.25164791949542
9.2880868622805
9.37323457286757
9.50331595610184
9.66864764711398
9.85446149151557
10.0424133444426
10.2126028832096
10.34584962662
10.4259251096877
10.4414400658603
10.3871303642278
10.2643704152156
10.0808548112306
9.84951014720131
9.58680945648834
9.31074341880056
9.0387424292973
8.78583619585056
8.56328559056296
8.37783556816693
8.23163415399167
8.12275920961481
8.04620912736822
7.9951586967322
7.9622636275907
7.94081599078626
7.92560114243476
7.91337305375728
