-0.33177332879173
-0.0234954621434211
0.282669616212351
0.211860207111188
-0.235604772819775
0.440780142349054
-0.320808071174485
-0.0820596550980734
-0.2170941884671
0.087457742531547
-0.542639298699376
0.0806786815540574
0.0826895432999353
0.0258217616723238
0.284623985060767
0.295774559023224
-0.0668664548884408
-0.304665535239521
-0.0440922310946716
0.0884236209783444
-0.22086137984574
0.0896300134800572
-0.168098082870842
0.068450977427025
-0.262716613384133
0.0268806640953885
-0.561382561693478
-0.0258600983583273
-0.114782000749788
0.0485872245624095
0.27829679972448
0.263079927604809
0.128758877018634
-0.249306696649035
0.128774996517331
-0.612533123863822
0.0258792163139128
-0.269627617908311
-0.000326782778296009
