1.26927332879173
1.27349546214342
1.27983038378765
1.28813979288881
1.29810477281977
1.30921985765095
1.32080807117448
1.33205965509807
1.3420941884671
1.35004225746845
1.35513929869938
1.35682131844594
1.35481045670006
1.34917823832768
1.34037601493923
1.32922544097678
1.31686645488844
1.30466553523952
1.29409223109467
1.28657637902166
1.28336137984574
1.28536998651994
1.29309808287084
1.30654902257298
1.32521661338413
1.34811933590461
1.37388256169348
1.40086009835833
1.42728200074979
1.45141277543759
1.47170320027552
1.48692007239519
1.49624112298137
1.49930669664903
1.49622500348267
1.48753312386382
1.47412078368609
1.45712761790831
1.4378267827783
