10.9142515153242
11.0541877807057
11.2199916684818
11.4062816949374
11.6061552185122
11.8115824105286
12.0139111373948
12.2044392128256
12.3750018879383
12.5185198580611
12.6294569295873
12.7041463515288
12.7409593736295
12.7403069009172
12.7044828844851
12.6373740355442
12.5440726310289
12.4304362631622
12.3026398174626
12.1667610010231
12.0284323644362
11.892484910607
11.7632684412793
11.6436182598934
11.5358355248549
11.4412826147857
11.360599143299
11.2938407910152
11.2406186197841
11.200224822385
11.1717364979336
11.1540944799839
11.1461587090074
11.1467446682887
11.154646855317
11.1686552901586
11.1875700211997
11.2102169273471
11.2354662807071
