-4.16425151532423
0.633312219294279
-0.5949916684818
-0.593781694937391
-0.106155218512177
0.938417589471371
0.42358886260515
-0.704439212825621
3.3124981120617
0.106480141938935
-0.441956929587297
0.108353648471248
0.384040626370483
-0.0528069009172061
-0.704482884485127
0.987625964455754
-0.106572631028939
-1.8054362631622
0.572360182537414
0.583238998976853
53.0965676355638
80.920015089393
10.1742315587207
0.106381740106604
-1.22333552485485
0.121217385214305
0.639400856700966
0.643659208984843
-0.365618619784145
-0.387724822385005
-0.234236497933585
0.595905520016137
-0.708658709007365
1.29075533171133
0.282853144682997
-0.106155290158569
-0.187570021199681
-0.585216927347114
-3.67296628070708
