               -133.17002868652343750000                  6.75000000000000000000                 -4.16425132751464843750                 10.91425132751464843750
               -117.17002868652343750000                 11.68750000000000000000                  0.63331222534179687500                 11.05418777465820312500
               -101.17002868652343750000                 10.62500000000000000000                 -0.59499168395996093750                 11.21999168395996093750
                -85.17002868652343750000                 10.81250000000000000000                 -0.59378170967102050781                 11.40628147125244140625
                -69.17002868652343750000                 11.50000000000000000000                 -0.10615521669387817383                 11.60615539550781250000
                -53.17002868652343750000                 12.75000000000000000000                  0.93841761350631713867                 11.81158256530761718750
                -37.17002868652343750000                 12.43750000000000000000                  0.42358887195587158203                 12.01391124725341796875
                -21.17002868652343750000                 11.50000000000000000000                 -0.70443922281265258789                 12.20443916320800781250
                 -5.17002868652343750000                 15.68750000000000000000                  3.31249809265136718750                 12.37500190734863281250
                 10.82997131347656250000                 12.62500000000000000000                  0.10648014396429061890                 12.51851940155029296875
                 26.82997131347656250000                 12.18750000000000000000                 -0.44195693731307983398                 12.62945652008056640625
                 42.82997131347656250000                 12.81250000000000000000                  0.10835365206003189087                 12.70414638519287109375
                 58.82997131347656250000                 13.12500000000000000000                  0.38404062390327453613                 12.74095916748046875000
                 74.82997131347656250000                 12.68750000000000000000                 -0.05280690267682075500                 12.74030685424804687500
                 90.82997131347656250000                 12.00000000000000000000                 -0.70448291301727294922                 12.70448303222656250000
                106.82997131347656250000                 13.62500000000000000000                  0.98762595653533935547                 12.63737392425537109375
                122.82997131347656250000                 12.43750000000000000000                 -0.10657262802124023438                 12.54407310485839843750
                138.82997131347656250000                 10.62500000000000000000                 -1.80543625354766845703                 12.43043613433837890625
                154.82997131347656250000                 12.87500000000000000000                  0.57236015796661376953                 12.30263996124267578125
                170.82997131347656250000                 12.75000000000000000000                  0.58323901891708374023                 12.16676139831542968750
                186.82997131347656250000                 65.12500000000000000000                 53.09656906127929687500                 12.02843189239501953125
                202.82997131347656250000                 92.81250000000000000000                 80.92001342773437500000                 11.89248466491699218750
                218.82997131347656250000                 21.93750000000000000000                 10.17423152923583984375                 11.76326847076416015625
                234.82997131347656250000                 11.75000000000000000000                  0.10638173669576644897                 11.64361858367919921875
                250.82997131347656250000                 10.31250000000000000000                 -1.22333550453186035156                 11.53583526611328125000
                266.82997131347656250000                 11.56250000000000000000                  0.12121738493442535400                 11.44128227233886718750
                282.82997131347656250000                 12.00000000000000000000                  0.63940083980560302734                 11.36059951782226562500
                298.82997131347656250000                 11.93750000000000000000                  0.64365923404693603516                 11.29384040832519531250
                314.82997131347656250000                 10.87500000000000000000                 -0.36561861634254455566                 11.24061870574951171875
                330.82997131347656250000                 10.81250000000000000000                 -0.38772481679916381836                 11.20022487640380859375
                346.82997131347656250000                 10.93750000000000000000                 -0.23423649370670318604                 11.17173671722412109375
                362.82997131347656250000                 11.75000000000000000000                  0.59590554237365722656                 11.15409469604492187500
                378.82997131347656250000                 10.43750000000000000000                 -0.70865869522094726562                 11.14615917205810546875
                394.82997131347656250000                 12.43750000000000000000                  1.29075539112091064453                 11.14674472808837890625
                410.82997131347656250000                 11.43750000000000000000                  0.28285315632820129395                 11.15464687347412109375
                426.82997131347656250000                 11.06250000000000000000                 -0.10615529119968414307                 11.16865539550781250000
                442.82997131347656250000                 11.00000000000000000000                 -0.18757002055644989014                 11.18756961822509765625
                458.82997131347656250000                 10.62500000000000000000                 -0.58521693944931030273                 11.21021652221679687500
                474.82997131347656250000                  7.56250000000000000000                 -3.67296624183654785156                 11.23546600341796875000
