-3.38522646160171
0.874236614952291
1.51470240756532
1.40982269600675
-0.192145485987109
-0.168201672535076
-0.332930707577221
0.24918594293842
0.638958426507832
-0.477341921857312
0.962151639814556
-0.917513468164147
-0.115582111047711
0.681873164858466
0.0393555705451263
0.271793056621005
-2.18065539437028
-0.190320111574512
0.245251459740605
-0.746919780832521
3.2720744924355
2.1154005779784
-0.717082029001826
0.961186042887409
-0.413958633359734
0.217737063498038
-0.396371422925289
0.115885200797921
1.18920430173098
-0.366494098483923
-0.115911011865141
-0.498262974148027
0.985267585740505
0.771528602355586
-0.264649737505684
0.439465990180288
-0.115582127880129
0.695961135757264
-1.12502061336939
