               -133.17002868652343750000                  4.37500000000000000000                 -3.38522648811340332031                  7.76022624969482421875
               -117.17002868652343750000                  8.62500000000000000000                  0.87423664331436157227                  7.75076341629028320312
               -101.17002868652343750000                  9.25000000000000000000                  1.51470243930816650391                  7.73529767990112304688
                -85.17002868652343750000                  9.12500000000000000000                  1.40982270240783691406                  7.71517753601074218750
                -69.17002868652343750000                  7.50000000000000000000                 -0.19214548170566558838                  7.69214534759521484375
                -53.17002868652343750000                  7.50000000000000000000                 -0.16820167005062103271                  7.66820144653320312500
                -37.17002868652343750000                  7.31250000000000000000                 -0.33293071389198303223                  7.64543056488037109375
                -21.17002868652343750000                  7.87500000000000000000                  0.24918594956398010254                  7.62581396102905273438
                 -5.17002868652343750000                  8.25000000000000000000                  0.63895845413208007812                  7.61104154586791992188
                 10.82997131347656250000                  7.12500000000000000000                 -0.47734192013740539551                  7.60234212875366210938
                 26.82997131347656250000                  8.56250000000000000000                  0.96215164661407470703                  7.60034847259521484375
                 42.82997131347656250000                  6.68750000000000000000                 -0.91751348972320556641                  7.60501337051391601562
                 58.82997131347656250000                  7.50000000000000000000                 -0.11558210849761962891                  7.61558198928833007812
                 74.82997131347656250000                  8.31250000000000000000                  0.68187314271926879883                  7.63062667846679687500
                 90.82997131347656250000                  7.68750000000000000000                  0.03935557231307029724                  7.64814424514770507812
                106.82997131347656250000                  7.93750000000000000000                  0.27179306745529174805                  7.66570711135864257812
                122.82997131347656250000                  5.50000000000000000000                 -2.18065547943115234375                  7.68065547943115234375
                138.82997131347656250000                  7.50000000000000000000                 -0.19032010436058044434                  7.69032001495361328125
                154.82997131347656250000                  7.93750000000000000000                  0.24525146186351776123                  7.69224834442138671875
                170.82997131347656250000                  6.93750000000000000000                 -0.74691975116729736328                  7.68441963195800781250
                186.82997131347656250000                 10.93750000000000000000                  3.27207446098327636719                  7.66542530059814453125
                202.82997131347656250000                  9.75000000000000000000                  2.11540055274963378906                  7.63459920883178710938
                218.82997131347656250000                  6.87500000000000000000                 -0.71708202362060546875                  7.59208202362060546875
                234.82997131347656250000                  8.50000000000000000000                  0.96118605136871337891                  7.53881406784057617188
                250.82997131347656250000                  7.06250000000000000000                 -0.41395863890647888184                  7.47645854949951171875
                266.82997131347656250000                  7.62500000000000000000                  0.21773706376552581787                  7.40726280212402343750
                282.82997131347656250000                  6.93750000000000000000                 -0.39637142419815063477                  7.33387136459350585938
                298.82997131347656250000                  7.37500000000000000000                  0.11588519811630249023                  7.25911474227905273438
                314.82997131347656250000                  8.37500000000000000000                  1.18920433521270751953                  7.18579578399658203125
                330.82997131347656250000                  6.75000000000000000000                 -0.36649408936500549316                  7.11649417877197265625
                346.82997131347656250000                  6.93750000000000000000                 -0.11591101437807083130                  7.05341100692749023438
                362.82997131347656250000                  6.50000000000000000000                 -0.49826297163963317871                  6.99826288223266601562
                378.82997131347656250000                  7.93750000000000000000                  0.98526757955551147461                  6.95223236083984375000
                394.82997131347656250000                  7.68750000000000000000                  0.77152860164642333984                  6.91597127914428710938
                410.82997131347656250000                  6.62500000000000000000                 -0.26464974880218505859                  6.88964986801147460938
                426.82997131347656250000                  7.31250000000000000000                  0.43946599960327148438                  6.87303400039672851562
                442.82997131347656250000                  6.75000000000000000000                 -0.11558213084936141968                  6.86558198928833007812
                458.82997131347656250000                  7.56250000000000000000                  0.69596111774444580078                  6.86653900146484375000
                474.82997131347656250000                  5.75000000000000000000                 -1.12502062320709228516                  6.87502050399780273438
