19.5839849660388
19.6250994968188
19.6522763422021
19.6639928188123
19.658513426657
19.6339662926849
19.5885257630498
19.5206969646231
19.4296766988557
19.3157441105326
19.1806182364616
19.0277116071716
18.8622123739975
18.6909431110446
18.5219715226923
18.3639835976578
18.2254682520875
18.113798029284
18.0343166988772
17.9895563784993
17.9787009008475
17.9973877203393
18.0379046838446
18.0897760784795
18.1407042978261
18.1777551369745
18.1886638188424
18.1631087653025
18.0938060686574
17.9772993469886
17.8143580320523
17.6099458468506
17.3727731399524
17.1144946222867
16.848651702981
16.589481751185
16.3507233139699
16.1445371305811
15.9806403438071
