-7.70898496603885
-0.187599496818759
-0.214776342202139
-2.41399281881232
1.46648657334304
-0.821466292684896
0.66147423695018
-0.645696964623141
3.3828233011443
-1.50324411053259
3.63188176353844
-0.215211607171568
0.137787626002503
0.871556888955382
1.2905284773077
-0.238983597657782
1.71203174791247
-1.98879802928404
2.34068330112279
-0.302056378499302
53.0837990991525
75.8151122796607
8.46209531615535
-0.214776078479456
0.67179570217391
0.0722448630255101
0.623836181157579
1.27439123469752
0.468693931342564
-0.414799346988616
0.685641967947696
-0.609945846850579
-1.18527313995235
1.13550537771327
0.213848297018952
-0.214481751184966
2.7742766860301
-1.14453713058114
-1.10564034380708
