               -133.17002868652343750000                 11.87500000000000000000                 -7.70898485183715820312                 19.58398437500000000000
               -117.17002868652343750000                 19.43750000000000000000                 -0.18759949505329132080                 19.62509918212890625000
               -101.17002868652343750000                 19.43750000000000000000                 -0.21477633714675903320                 19.65227699279785156250
                -85.17002868652343750000                 17.25000000000000000000                 -2.41399288177490234375                 19.66399192810058593750
                -69.17002868652343750000                 21.12500000000000000000                  1.46648657321929931641                 19.65851402282714843750
                -53.17002868652343750000                 18.81250000000000000000                 -0.82146626710891723633                 19.63396644592285156250
                -37.17002868652343750000                 20.25000000000000000000                  0.66147422790527343750                 19.58852577209472656250
                -21.17002868652343750000                 18.87500000000000000000                 -0.64569693803787231445                 19.52069664001464843750
                 -5.17002868652343750000                 22.81250000000000000000                  3.38282322883605957031                 19.42967605590820312500
                 10.82997131347656250000                 17.81250000000000000000                 -1.50324416160583496094                 19.31574440002441406250
                 26.82997131347656250000                 22.81250000000000000000                  3.63188171386718750000                 19.18061828613281250000
                 42.82997131347656250000                 18.81250000000000000000                 -0.21521160006523132324                 19.02771186828613281250
                 58.82997131347656250000                 19.00000000000000000000                  0.13778762519359588623                 18.86221313476562500000
                 74.82997131347656250000                 19.56250000000000000000                  0.87155687808990478516                 18.69094276428222656250
                 90.82997131347656250000                 19.81250000000000000000                  1.29052853584289550781                 18.52197074890136718750
                106.82997131347656250000                 18.12500000000000000000                 -0.23898360133171081543                 18.36398315429687500000
                122.82997131347656250000                 19.93750000000000000000                  1.71203172206878662109                 18.22546768188476562500
                138.82997131347656250000                 16.12500000000000000000                 -1.98879802227020263672                 18.11379814147949218750
                154.82997131347656250000                 20.37500000000000000000                  2.34068322181701660156                 18.03431701660156250000
                170.82997131347656250000                 17.68750000000000000000                 -0.30205637216567993164                 17.98955726623535156250
                186.82997131347656250000                 71.06250000000000000000                 53.08379745483398437500                 17.97870063781738281250
                202.82997131347656250000                 93.81250000000000000000                 75.81510925292968750000                 17.99738693237304687500
                218.82997131347656250000                 26.50000000000000000000                  8.46209526062011718750                 18.03790473937988281250
                234.82997131347656250000                 17.87500000000000000000                 -0.21477608382701873779                 18.08977699279785156250
                250.82997131347656250000                 18.81250000000000000000                  0.67179572582244873047                 18.14070510864257812500
                266.82997131347656250000                 18.25000000000000000000                  0.07224486023187637329                 18.17775535583496093750
                282.82997131347656250000                 18.81250000000000000000                  0.62383615970611572266                 18.18866348266601562500
                298.82997131347656250000                 19.43750000000000000000                  1.27439129352569580078                 18.16310882568359375000
                314.82997131347656250000                 18.56250000000000000000                  0.46869394183158874512                 18.09380531311035156250
                330.82997131347656250000                 17.56250000000000000000                 -0.41479933261871337891                 17.97729873657226562500
                346.82997131347656250000                 18.50000000000000000000                  0.68564194440841674805                 17.81435775756835937500
                362.82997131347656250000                 17.00000000000000000000                 -0.60994583368301391602                 17.60994529724121093750
                378.82997131347656250000                 16.18750000000000000000                 -1.18527317047119140625                 17.37277221679687500000
                394.82997131347656250000                 18.25000000000000000000                  1.13550531864166259766                 17.11449432373046875000
                410.82997131347656250000                 17.06250000000000000000                  0.21384829282760620117                 16.84865188598632812500
                426.82997131347656250000                 16.37500000000000000000                 -0.21448175609111785889                 16.58948135375976562500
                442.82997131347656250000                 19.12500000000000000000                  2.77427673339843750000                 16.35072326660156250000
                458.82997131347656250000                 15.00000000000000000000                 -1.14453709125518798828                 16.14453697204589843750
                474.82997131347656250000                 14.87500000000000000000                 -1.10564029216766357422                 15.98064041137695312500
