               -133.17002868652343750000                  5.31250000000000000000                 -4.15362071990966796875                  9.46612071990966796875
               -117.17002868652343750000                  9.25000000000000000000                 -0.31672155857086181641                  9.56672191619873046875
               -101.17002868652343750000                 10.93750000000000000000                  1.25531423091888427734                  9.68218612670898437500
                -85.17002868652343750000                  9.43750000000000000000                 -0.37187835574150085449                  9.80937862396240234375
                -69.17002868652343750000                 10.06250000000000000000                  0.11801925301551818848                  9.94448089599609375000
                -53.17002868652343750000                 10.81250000000000000000                  0.72935962677001953125                 10.08314037322998046875
                -37.17002868652343750000                 11.25000000000000000000                  1.02935004234313964844                 10.22064971923828125000
                -21.17002868652343750000                 10.25000000000000000000                 -0.10214908421039581299                 10.35214900970458984375
                 -5.17002868652343750000                 14.18750000000000000000                  3.71465778350830078125                 10.47284221649169921875
                 10.82997131347656250000                 10.37500000000000000000                 -0.20322771370410919189                 10.57822799682617187500
                 26.82997131347656250000                  9.75000000000000000000                 -0.91433000564575195312                 10.66432952880859375000
                 42.82997131347656250000                 10.62500000000000000000                 -0.10292565822601318359                 10.72792530059814453125
                 58.82997131347656250000                 12.31250000000000000000                  1.54575002193450927734                 10.76675033569335937500
                 74.82997131347656250000                 11.00000000000000000000                  0.22033184766769409180                 10.77966785430908203125
                 90.82997131347656250000                 11.62500000000000000000                  0.85820722579956054688                 10.76679229736328125000
                106.82997131347656250000                 10.06250000000000000000                 -0.66703003644943237305                 10.72953033447265625000
                122.82997131347656250000                 11.12500000000000000000                  0.45446044206619262695                 10.67053985595703125000
                138.82997131347656250000                  9.62500000000000000000                 -0.96859925985336303711                 10.59359931945800781250
                154.82997131347656250000                 10.81250000000000000000                  0.30912458896636962891                 10.50337505340576171875
                170.82997131347656250000                 10.18750000000000000000                 -0.21760916709899902344                 10.40510940551757812500
                186.82997131347656250000                 77.87500000000000000000                 67.57076263427734375000                 10.30424118041992187500
                202.82997131347656250000                103.37500000000000000000                 93.16905212402343750000                 10.20594501495361328125
                218.82997131347656250000                 17.18750000000000000000                  7.07246732711791992188                 10.11503314971923828125
                234.82997131347656250000                 12.06250000000000000000                  2.02750062942504882812                 10.03499984741210937500
                250.82997131347656250000                  9.06250000000000000000                 -0.90586322546005249023                  9.96836280822753906250
                266.82997131347656250000                  9.68750000000000000000                 -0.22871403396129608154                  9.91621398925781250000
                282.82997131347656250000                 10.18750000000000000000                  0.30924388766288757324                  9.87825584411621093750
                298.82997131347656250000                  9.75000000000000000000                 -0.10292573273181915283                  9.85292530059814453125
                314.82997131347656250000                 10.87500000000000000000                  1.03736889362335205078                  9.83763122558593750000
                330.82997131347656250000                  8.25000000000000000000                 -1.57908713817596435547                  9.82908725738525390625
                346.82997131347656250000                  9.75000000000000000000                 -0.07370733469724655151                  9.82370758056640625000
                362.82997131347656250000                  9.81250000000000000000                 -0.00550815742462873459                  9.81800842285156250000
                378.82997131347656250000                 10.93750000000000000000                  1.12851881980895996094                  9.80898094177246093750
                394.82997131347656250000                  8.50000000000000000000                 -1.29439222812652587891                  9.79439258575439453125
                410.82997131347656250000                 10.56250000000000000000                  0.78952121734619140625                  9.77297878265380859375
                426.82997131347656250000                 10.06250000000000000000                  0.31797268986701965332                  9.74452686309814453125
                442.82997131347656250000                  9.81250000000000000000                  0.10267014056444168091                  9.70983028411865234375
                458.82997131347656250000                  9.12500000000000000000                 -0.54553306102752685547                  9.67053318023681640625
                474.82997131347656250000                  8.18750000000000000000                 -1.44140374660491943359                  9.62890338897705078125
