7.69775496222211
8.40820509498603
9.11239850879311
9.7725722727165
10.3554909377304
10.8358319135753
11.1987691716517
11.4413795166622
11.5726366340915
11.6119439046343
11.5863613263375
11.5268735123282
11.4641934147315
11.4246744862045
11.4268971432724
11.4794019931478
11.5798752386271
11.7158767234212
11.8669726042205
12.0079297138543
12.1124804786907
12.157099039497
12.1242501964948
12.0046765920151
11.7984557196311
11.514756545938
11.1704213987364
10.7876604351952
10.3912497165222
10.0056578381127
9.65249144668933
9.34855974314513
9.10473328434253
8.92563752385914
8.81009958707808
8.75217535815735
8.74253284620146
8.769958399187
8.82277879218961
