               -133.17002868652343750000                  4.00000000000000000000                 -1.11616432666778564453                  5.11616420745849609375
               -117.17002868652343750000                  5.25000000000000000000                  0.12537690997123718262                  5.12462329864501953125
               -101.17002868652343750000                  5.62500000000000000000                  0.49404662847518920898                  5.13095331192016601562
                -85.17002868652343750000                  5.18750000000000000000                  0.05283185467123985291                  5.13466835021972656250
                -69.17002868652343750000                  5.12500000000000000000                 -0.01174223236739635468                  5.13674211502075195312
                -53.17002868652343750000                  6.25000000000000000000                  1.11014664173126220703                  5.13985347747802734375
                -37.17002868652343750000                  6.25000000000000000000                  1.10160386562347412109                  5.14839601516723632812
                -21.17002868652343750000                  5.56250000000000000000                  0.39427888393402099609                  5.16822099685668945312
                 -5.17002868652343750000                  5.56250000000000000000                  0.35641691088676452637                  5.20608329772949218750
                 10.82997131347656250000                  5.50000000000000000000                  0.23116753995418548584                  5.26883268356323242188
                 26.82997131347656250000                  4.62500000000000000000                 -0.73742496967315673828                  5.36242485046386718750
                 42.82997131347656250000                  5.68750000000000000000                  0.19662944972515106201                  5.49087047576904296875
                 58.82997131347656250000                  6.06250000000000000000                  0.40723228454589843750                  5.65526771545410156250
                 74.82997131347656250000                  4.93750000000000000000                 -0.91557961702346801758                  5.85307979583740234375
                 90.82997131347656250000                  6.37500000000000000000                  0.29721057415008544922                  6.07778930664062500000
                106.82997131347656250000                  5.31250000000000000000                 -1.00653231143951416016                  6.31903219223022460938
                122.82997131347656250000                  6.31250000000000000000                 -0.25073927640914916992                  6.56323909759521484375
                138.82997131347656250000                  5.68750000000000000000                 -1.10725498199462890625                  6.79475498199462890625
                154.82997131347656250000                  6.06250000000000000000                 -0.93481582403182983398                  6.99731588363647460938
                170.82997131347656250000                  4.68750000000000000000                 -2.46821641921997070312                  7.15571641921997070312
                186.82997131347656250000                 49.31250000000000000000                 42.05504989624023437500                  7.25745153427124023438
                202.82997131347656250000                 60.43750000000000000000                 53.14338302612304687500                  7.29411697387695312500
                218.82997131347656250000                  8.37500000000000000000                  1.11262571811676025391                  7.26237440109252929688
                234.82997131347656250000                  6.81250000000000000000                 -0.35185712575912475586                  7.16435718536376953125
                250.82997131347656250000                  6.18750000000000000000                 -0.81995099782943725586                  7.00745105743408203125
                266.82997131347656250000                  5.00000000000000000000                 -1.80349278450012207031                  6.80349302291870117188
                282.82997131347656250000                  5.56250000000000000000                 -1.00499749183654785156                  6.56749725341796875000
                298.82997131347656250000                  5.93750000000000000000                 -0.37858968973159790039                  6.31608963012695312500
                314.82997131347656250000                  5.68750000000000000000                 -0.37834981083869934082                  6.06584978103637695312
                330.82997131347656250000                  6.18750000000000000000                  0.35571908950805664062                  5.83178091049194335938
                346.82997131347656250000                  6.31250000000000000000                  0.68642508983612060547                  5.62607479095458984375
                362.82997131347656250000                  6.00000000000000000000                  0.54270070791244506836                  5.45729923248291015625
                378.82997131347656250000                  6.43750000000000000000                  1.10744178295135498047                  5.33005809783935546875
                394.82997131347656250000                  4.93750000000000000000                 -0.30761322379112243652                  5.24511337280273437500
                410.82997131347656250000                  5.25000000000000000000                  0.05011033639311790466                  5.19988965988159179688
                426.82997131347656250000                  4.81250000000000000000                 -0.37675353884696960449                  5.18925333023071289062
                442.82997131347656250000                  5.75000000000000000000                  0.54357361793518066406                  5.20642662048339843750
                458.82997131347656250000                  5.68750000000000000000                  0.44359254837036132812                  5.24390745162963867188
                474.82997131347656250000                  4.18750000000000000000                 -1.10679483413696289062                  5.29429483413696289062
