5.11616429875759
5.12462308964322
5.13095338279905
5.13466814692539
5.13674223249294
5.13985332368866
5.14839618788213
5.16822112090355
5.20608309077636
5.26883245439052
5.36242499203612
5.49087055419643
5.65526772019261
5.85307962930784
6.07778941477077
6.31903225607245
6.56323928633693
6.79475498845277
6.99731584393953
7.15571648451719
7.25745176618579
7.29411678509668
7.26237433585865
7.16435711286401
7.00745097289452
6.80349279755723
6.56749743598677
6.31608968149932
6.0658498135894
5.83178091785713
5.62607492518458
5.45729928655098
5.33005818358261
5.24511322076114
5.19988966455537
5.18925355358581
5.20642639981734
5.24390746242791
5.29429481064685
