29.5002566640879
29.7340786115643
29.970058768473
30.202555684511
30.4267462391823
30.6389775611283
30.8369575608559
31.0197520261681
31.1875825005831
31.3414474885352
31.4826154870144
31.6120578016578
31.7298989801825
31.8349615031845
31.9244694734865
31.9939555308216
32.0373894609786
32.0475199505586
32.016396509336
31.9360197999731
31.7990573073809
31.5993763657427
31.333602557529
30.9998378700489
30.5998513572298
30.1383620090941
29.6232132311055
29.065168404801
28.4775207321421
27.8755391152127
27.2757806875845
26.6953083677108
26.1508582926164
25.6580067413799
25.2303884578482
24.8790173450088
24.6117556992949
24.4329692284742
24.3433923357011
