-11.2502566640879
0.140921388435743
1.34244123152705
0.297444315488985
-1.92674623918234
0.298522438871714
0.225542439144053
1.98024797383193
0.249917499416888
0.0335525114647837
0.0798845129855792
-0.799557801657837
1.20760101981745
-1.58496150318448
-2.48696947348652
0.506044469178409
0.775110539021391
-0.297519950558573
0.421103490663988
-1.06101979997312
35.2634426926191
52.9006236342573
7.66639744247098
-0.499837870048882
-3.5373513572298
0.299137990905859
0.689286768894458
0.622331595198993
1.39747926785786
-1.5630391152127
-1.4632806875845
-0.820308367710787
0.786641707383627
0.279493258620146
1.08211154215184
-0.879017345008815
-0.299255699294896
0.254530771525751
-1.4683923357011
