               -133.17002868652343750000                 18.25000000000000000000                -11.25025653839111328125                 29.50025749206542968750
               -117.17002868652343750000                 29.87500000000000000000                  0.14092138409614562988                 29.73407936096191406250
               -101.17002868652343750000                 31.31250000000000000000                  1.34244120121002197266                 29.97005844116210937500
                -85.17002868652343750000                 30.50000000000000000000                  0.29744431376457214355                 30.20255661010742187500
                -69.17002868652343750000                 28.50000000000000000000                 -1.92674624919891357422                 30.42674636840820312500
                -53.17002868652343750000                 30.93750000000000000000                  0.29852244257926940918                 30.63897705078125000000
                -37.17002868652343750000                 31.06250000000000000000                  0.22554244101047515869                 30.83695793151855468750
                -21.17002868652343750000                 33.00000000000000000000                  1.98024797439575195312                 31.01975250244140625000
                 -5.17002868652343750000                 31.43750000000000000000                  0.24991749227046966553                 31.18758201599121093750
                 10.82997131347656250000                 31.37500000000000000000                  0.03355251252651214600                 31.34144783020019531250
                 26.82997131347656250000                 31.56250000000000000000                  0.07988451421260833740                 31.48261642456054687500
                 42.82997131347656250000                 30.81250000000000000000                 -0.79955780506134033203                 31.61205863952636718750
                 58.82997131347656250000                 32.93750000000000000000                  1.20760107040405273438                 31.72989845275878906250
                 74.82997131347656250000                 30.25000000000000000000                 -1.58496153354644775391                 31.83496093750000000000
                 90.82997131347656250000                 29.43750000000000000000                 -2.48696947097778320312                 31.92446899414062500000
                106.82997131347656250000                 32.50000000000000000000                  0.50604444742202758789                 31.99395561218261718750
                122.82997131347656250000                 32.81250000000000000000                  0.77511054277420043945                 32.03738784790039062500
                138.82997131347656250000                 31.75000000000000000000                 -0.29751995205879211426                 32.04751968383789062500
                154.82997131347656250000                 32.43750000000000000000                  0.42110347747802734375                 32.01639556884765625000
                170.82997131347656250000                 30.87500000000000000000                 -1.06101977825164794922                 31.93601989746093750000
                186.82997131347656250000                 67.06250000000000000000                 35.26344299316406250000                 31.79905700683593750000
                202.82997131347656250000                 84.50000000000000000000                 52.90062332153320312500                 31.59937667846679687500
                218.82997131347656250000                 39.00000000000000000000                  7.66639757156372070312                 31.33360290527343750000
                234.82997131347656250000                 30.50000000000000000000                 -0.49983787536621093750                 30.99983787536621093750
                250.82997131347656250000                 27.06250000000000000000                 -3.53735136985778808594                 30.59985160827636718750
                266.82997131347656250000                 30.43750000000000000000                  0.29913797974586486816                 30.13836288452148437500
                282.82997131347656250000                 30.31250000000000000000                  0.68928676843643188477                 29.62321281433105468750
                298.82997131347656250000                 29.68750000000000000000                  0.62233161926269531250                 29.06516838073730468750
                314.82997131347656250000                 29.87500000000000000000                  1.39747929573059082031                 28.47751998901367187500
                330.82997131347656250000                 26.31250000000000000000                 -1.56303906440734863281                 27.87553977966308593750
                346.82997131347656250000                 25.81250000000000000000                 -1.46328067779541015625                 27.27578163146972656250
                362.82997131347656250000                 25.87500000000000000000                 -0.82030838727951049805                 26.69530868530273437500
                378.82997131347656250000                 26.93750000000000000000                  0.78664171695709228516                 26.15085792541503906250
                394.82997131347656250000                 25.93750000000000000000                  0.27949327230453491211                 25.65800666809082031250
                410.82997131347656250000                 26.31250000000000000000                  1.08211159706115722656                 25.23038864135742187500
                426.82997131347656250000                 24.00000000000000000000                 -0.87901735305786132812                 24.87901687622070312500
                442.82997131347656250000                 24.31250000000000000000                 -0.29925569891929626465                 24.61175537109375000000
                458.82997131347656250000                 24.68750000000000000000                  0.25453075766563415527                 24.43297004699707031250
                474.82997131347656250000                 22.87500000000000000000                 -1.46839237213134765625                 24.34339141845703125000
