11.2620559703114
11.3121711521758
11.3592394580794
11.399481787176
11.4291020430026
11.4446970797978
11.4436796207597
11.4246577432083
11.3877134469352
11.3345308992318
11.26834186057
11.1936795617506
11.1159595145654
11.0409320779659
10.974072606171
10.9199868955901
10.8819100736921
10.8613656052615
10.8580293522051
10.8698150229592
10.8931664759303
10.9235296698911
10.9558316042359
10.9852176143597
11.007428715097
11.0192994319675
11.019006000248
11.0061541393526
10.9816962978572
10.9477056425187
10.9070497964681
10.8630152726768
10.8189334428656
10.7778517735589
10.7422819562934
10.714041963967
10.6941944997372
10.6830718852446
10.6803685911814
