-5.51205597031136
-2.18717115217581
-0.0467394580793901
-0.024481787176045
-1.11660204300258
-0.00719707979780182
0.11882037924029
-0.862157743208321
1.73728655306483
0.415469100768227
1.04415813942996
0.118820438249378
0.634040485434596
-0.35343207796587
-0.286572606170953
-0.294986895590121
-0.25691007369209
-0.173865605261515
0.829470647794929
0.630184977040788
68.7943335240697
101.013970330109
7.4191683957641
0.577282385640281
-0.632428715096953
-0.0192994319674664
1.85599399975201
0.118845860647374
-0.169196297857159
-1.0102056425187
-0.094549796468149
-0.0505152726767779
0.118566557134383
0.972148226441146
-1.80478195629338
-0.714041963967029
0.243305500262823
0.879428114755379
-2.24286859118136
