8.36868909634808
8.87581400363041
9.37384760443996
9.83721294009132
10.2452114206019
10.5843329728002
10.8497683452452
11.0458703790605
11.185441174692
11.2878810532923
11.3764005290444
11.4746426911139
11.6031660436165
11.7762779298825
11.9996762009862
12.2692532697995
12.5712555826688
12.8837966178726
13.1795231968268
13.4290650889068
13.6047843611207
13.6843021690221
13.6533224692344
13.5073863859384
13.2523573294297
12.9036267164143
12.4842116368004
12.0220603600006
11.5469684965803
11.0875285124823
10.6684908548152
10.3088195287488
10.0205991010219
9.80881708258124
9.6719270216797
9.60300965960858
9.59130097457267
9.62384783551462
9.68707855058245
