32.7780392684765
32.804199421121
32.8479389005858
32.9084522238276
32.9836061863094
33.0700505738573
33.1634687564957
33.2589459180608
33.351415194148
33.436129463236
33.5091012551823
33.5674563485719
33.6096578464872
33.6355751590644
33.6463935634634
33.6443814280688
33.6325503760183
33.614255880716
33.5927904383721
33.5710183495145
33.5510914126395
33.5343830502852
33.5208635132921
33.5102704225487
33.5011240628332
33.4914956467918
33.4791407958841
33.4617579641712
33.4372361664438
33.4038736652379
33.3605542580933
33.3068721078247
33.243199465702
33.1706944085057
33.0912483623533
33.0073762299547
32.9220556410277
32.8385260904343
32.7600630040121
