-13.9030392684765
-0.179199421120991
-0.410438900585788
-1.7209522238276
2.39139381369061
0.179949426142699
-0.288468756495682
-0.508945918060839
2.836084805852
0.501370536764014
-0.446601255182308
1.87004365142808
2.32784215351277
-0.823075159064366
0.22860643653663
-1.58188142806876
0.179949623981692
-1.05175588071602
-1.09279043837215
0.553981650485511
290.823908587361
375.903116949715
28.8541364867079
3.30222957745134
-1.18862406283322
-0.116495646791769
1.02085920411588
-0.77425796417122
-0.874736166443761
0.533626334762069
2.20194574190668
-3.18187210782471
-0.180699465702013
-1.9831944085057
0.658751637646674
2.80512377004534
1.4529443589723
-0.401026090434286
-4.57256300401214
