               -133.17002868652343750000                 18.87500000000000000000                -13.90303897857666015625                 32.77803802490234375000
               -117.17002868652343750000                 32.62500000000000000000                 -0.17919942736625671387                 32.80419921875000000000
               -101.17002868652343750000                 32.43750000000000000000                 -0.41043889522552490234                 32.84793853759765625000
                -85.17002868652343750000                 31.18750000000000000000                 -1.72095227241516113281                 32.90845108032226562500
                -69.17002868652343750000                 35.37500000000000000000                  2.39139389991760253906                 32.98360443115234375000
                -53.17002868652343750000                 33.25000000000000000000                  0.17994943261146545410                 33.07004928588867187500
                -37.17002868652343750000                 32.87500000000000000000                 -0.28846874833106994629                 33.16346740722656250000
                -21.17002868652343750000                 32.75000000000000000000                 -0.50894594192504882812                 33.25894546508789062500
                 -5.17002868652343750000                 36.18750000000000000000                  2.83608484268188476562                 33.35141372680664062500
                 10.82997131347656250000                 33.93750000000000000000                  0.50137054920196533203                 33.43613052368164062500
                 26.82997131347656250000                 33.06250000000000000000                 -0.44660124182701110840                 33.50910186767578125000
                 42.82997131347656250000                 35.43750000000000000000                  1.87004363536834716797                 33.56745529174804687500
                 58.82997131347656250000                 35.93750000000000000000                  2.32784223556518554688                 33.60965728759765625000
                 74.82997131347656250000                 32.81250000000000000000                 -0.82307517528533935547                 33.63557434082031250000
                 90.82997131347656250000                 33.87500000000000000000                  0.22860643267631530762                 33.64639282226562500000
                106.82997131347656250000                 32.06250000000000000000                 -1.58188140392303466797                 33.64438247680664062500
                122.82997131347656250000                 33.81250000000000000000                  0.17994962632656097412                 33.63254928588867187500
                138.82997131347656250000                 32.56250000000000000000                 -1.05175590515136718750                 33.61425399780273437500
                154.82997131347656250000                 32.50000000000000000000                 -1.09279048442840576172                 33.59278869628906250000
                170.82997131347656250000                 34.12500000000000000000                  0.55398166179656982422                 33.57101821899414062500
                186.82997131347656250000                324.37500000000000000000                290.82391357421875000000                 33.55109024047851562500
                202.82997131347656250000                409.43750000000000000000                375.90310668945312500000                 33.53438186645507812500
                218.82997131347656250000                 62.37500000000000000000                 28.85413742065429687500                 33.52086257934570312500
                234.82997131347656250000                 36.81250000000000000000                  3.30222964286804199219                 33.51026916503906250000
                250.82997131347656250000                 32.31250000000000000000                 -1.18862402439117431641                 33.50112533569335937500
                266.82997131347656250000                 33.37500000000000000000                 -0.11649564653635025024                 33.49149703979492187500
                282.82997131347656250000                 34.50000000000000000000                  1.02085924148559570312                 33.47914123535156250000
                298.82997131347656250000                 32.68750000000000000000                 -0.77425795793533325195                 33.46175765991210937500
                314.82997131347656250000                 32.56250000000000000000                 -0.87473618984222412109                 33.43723678588867187500
                330.82997131347656250000                 33.93750000000000000000                  0.53362631797790527344                 33.40387344360351562500
                346.82997131347656250000                 35.56250000000000000000                  2.20194578170776367188                 33.36055374145507812500
                362.82997131347656250000                 30.12500000000000000000                 -3.18187212944030761719                 33.30687332153320312500
                378.82997131347656250000                 33.06250000000000000000                 -0.18069946765899658203                 33.24319839477539062500
                394.82997131347656250000                 31.18750000000000000000                 -1.98319435119628906250                 33.17069625854492187500
                410.82997131347656250000                 33.75000000000000000000                  0.65875166654586791992                 33.09124755859375000000
                426.82997131347656250000                 35.81250000000000000000                  2.80512380599975585938                 33.00737762451171875000
                442.82997131347656250000                 34.37500000000000000000                  1.45294439792633056641                 32.92205429077148437500
                458.82997131347656250000                 32.43750000000000000000                 -0.40102609992027282715                 32.83852767944335937500
                474.82997131347656250000                 28.18750000000000000000                 -4.57256317138671875000                 32.76006317138671875000
