26.4174072145463
26.8112622265507
27.1882402575853
27.5242944441397
27.806517669719
28.036642359668
28.232833834956
28.4292521651802
28.6731236144654
29.0194089706308
29.523536235864
30.233020686022
31.1790637374805
32.3693480644473
33.783192891137
35.3699906144539
37.0514364941197
38.7275411981482
40.2858600197079
41.6128728116238
42.6060909705903
43.1853172319238
43.3015716899315
42.9425133437972
42.1336804023961
40.9354631269913
39.4363126942315
37.7431833049998
35.9705273334593
34.2292724963569
32.6171026614116
31.2110739410964
30.0631871311477
29.1990826736218
28.6196006013401
28.304616526828
28.2183634884296
28.3153893521365
28.5463667467629
