-9.94745842058228
2.45717982625075
1.53060656460369
-0.537963713152006
-1.87085984754782
0.597937814105485
-0.189879276285303
-0.792175285563054
1.67087643423018
0.0790412472961926
0.874298769921214
-1.87683361549816
1.70408192143957
0.994846015653014
-0.189885365250731
-0.911074948440703
0.95723561287743
0.0404615724144008
-1.34900460887161
-0.649291391962361
88.8259413446496
137.075024226275
19.1581252770094
1.01010518710839
0.190272461002362
-0.929847122371577
0.0210927212489764
-0.710599148530335
-0.128523327213482
-0.861094749778498
-0.22399202694687
1.21734753493038
0.585197065432897
0.189492270271909
0.340290127120785
-0.0897432162001266
-1.10279910500317
-0.13834189973765
-2.69797996532262
