               -133.17002868652343750000                 16.06250000000000000000                 -9.94745826721191406250                 26.00995826721191406250
               -117.17002868652343750000                 28.56250000000000000000                  2.45717978477478027344                 26.10531997680664062500
               -101.17002868652343750000                 27.75000000000000000000                  1.53060650825500488281                 26.21939277648925781250
                -85.17002868652343750000                 25.81250000000000000000                 -0.53796368837356567383                 26.35046386718750000000
                -69.17002868652343750000                 24.62500000000000000000                 -1.87085986137390136719                 26.49585914611816406250
                -53.17002868652343750000                 27.25000000000000000000                  0.59793782234191894531                 26.65206146240234375000
                -37.17002868652343750000                 26.62500000000000000000                 -0.18987928330898284912                 26.81487846374511718750
                -21.17002868652343750000                 26.18750000000000000000                 -0.79217529296875000000                 26.97967529296875000000
                 -5.17002868652343750000                 28.81250000000000000000                  1.67087638378143310547                 27.14162445068359375000
                 10.82997131347656250000                 27.37500000000000000000                  0.07904125005006790161                 27.29595947265625000000
                 26.82997131347656250000                 28.31250000000000000000                  0.87429875135421752930                 27.43820190429687500000
                 42.82997131347656250000                 25.68750000000000000000                 -1.87683355808258056641                 27.56433296203613281250
                 58.82997131347656250000                 29.37500000000000000000                  1.70408189296722412109                 27.67091751098632812500
                 74.82997131347656250000                 28.75000000000000000000                  0.99484598636627197266                 27.75515365600585937500
                 90.82997131347656250000                 27.62500000000000000000                 -0.18988536298274993896                 27.81488609313964843750
                106.82997131347656250000                 26.93750000000000000000                 -0.91107493638992309570                 27.84857559204101562500
                122.82997131347656250000                 28.81250000000000000000                  0.95723563432693481445                 27.85526466369628906250
                138.82997131347656250000                 27.87500000000000000000                  0.04046157374978065491                 27.83453750610351562500
                154.82997131347656250000                 26.43750000000000000000                 -1.34900462627410888672                 27.78650474548339843750
                170.82997131347656250000                 27.06250000000000000000                 -0.64929139614105224609                 27.71179199218750000000
                186.82997131347656250000                116.43750000000000000000                 88.82594299316406250000                 27.61155891418457031250
                202.82997131347656250000                164.56250000000000000000                137.07502746582031250000                 27.48747634887695312500
                218.82997131347656250000                 46.50000000000000000000                 19.15812492370605468750                 27.34187507629394531250
                234.82997131347656250000                 28.18750000000000000000                  1.01010513305664062500                 27.17739486694335937500
                250.82997131347656250000                 27.18750000000000000000                  0.19027246534824371338                 26.99722671508789062500
                266.82997131347656250000                 25.87500000000000000000                 -0.92984712123870849609                 26.80484771728515625000
                282.82997131347656250000                 26.62500000000000000000                  0.02109272032976150513                 26.60390663146972656250
                298.82997131347656250000                 25.68750000000000000000                 -0.71059912443161010742                 26.39809989929199218750
                314.82997131347656250000                 26.06250000000000000000                 -0.12852331995964050293                 26.19102287292480468750
                330.82997131347656250000                 25.12500000000000000000                 -0.86109477281570434570                 25.98609542846679687500
                346.82997131347656250000                 25.56250000000000000000                 -0.22399201989173889160                 25.78649139404296875000
                362.82997131347656250000                 26.81250000000000000000                  1.21734750270843505859                 25.59515190124511718750
                378.82997131347656250000                 26.00000000000000000000                  0.58519709110260009766                 25.41480255126953125000
                394.82997131347656250000                 25.43750000000000000000                  0.18949227035045623779                 25.24800682067871093750
                410.82997131347656250000                 25.43750000000000000000                  0.34029012918472290039                 25.09720993041992187500
                426.82997131347656250000                 24.87500000000000000000                 -0.08974321931600570679                 24.96474266052246093750
                442.82997131347656250000                 23.75000000000000000000                 -1.10279905796051025391                 24.85279846191406250000
                458.82997131347656250000                 24.62500000000000000000                 -0.13834190368652343750                 24.76334190368652343750
                474.82997131347656250000                 22.00000000000000000000                 -2.69797992706298828125                 24.69798088073730468750
