25.3716032283631
25.629987394988
25.856044576564
26.0373644378817
26.1672957516888
26.2462971479019
26.282527871319
26.291505007211
26.2947583697142
26.3175428841393
26.3858052958828
26.5227281632537
26.7452688578727
27.0611561828594
27.4667891543333
27.9463970019261
28.4726727317106
29.0089018974452
29.5124000620108
29.9388787697635
30.2472127340231
30.4040065351274
30.3873724167306
30.1894321634061
29.8172306766413
29.291968974928
28.6466942774345
27.9227876957227
27.1657345710816
26.4207285905525
25.7286428427178
25.1228079094733
24.6268898652844
24.2539877700654
24.0069004088043
23.8793711406793
23.8580251993255
23.924673005715
24.0586635197777
