1.06370598492689
1.07769957909032
1.08899505241615
1.09660669155121
1.09982870742817
1.09832647966876
1.09219148622804
1.08195063047802
1.06852631639128
1.05315011951119
1.03723928899134
1.02225060244364
1.0095294350294
1.00017274484048
0.994922856384751
0.994104701501337
0.997613188951284
1.00495052927291
1.01530667197072
1.02767050492097
1.0409559072261
1.0541256015015
1.06629709776006
1.0768185484847
1.08530740629943
1.09165054153499
1.09597001826837
1.09856320935718
1.09982873610532
1.10019053794207
1.10003124708176
1.09964331477894
1.09920259734777
1.09876506624528
1.09828364658207
1.09763946680196
1.09668035329847
1.09525930507341
1.09326677103104
