2.21179883215284
2.30559694707326
2.3862687646313
2.44799881599031
2.48657151657969
2.49995106007189
2.4886417048934
2.45575937367606
2.40678072475194
2.34897991261845
2.29060974333804
2.23992537669266
2.20417782492932
2.18871547014616
2.19632161583901
2.22688515926815
2.27745395983811
2.34266368270828
2.41547809864323
2.48812965426468
2.5531197871815
2.60413211746878
2.63672939204198
2.64874362868776
2.64032126645278
2.61364181072948
2.5723793945984
2.52101313276293
2.46410837787157
2.40568525521625
2.34876557479992
2.29515031790829
2.24543543098763
2.19923213073473
2.15552657757979
2.11309729522717
2.07090853961916
2.02841217604175
1.98571519966917
