-1.14929883215284
0.0694030529267406
-0.1987687646313
0.114501184009695
0.950928483420306
0.187548939928114
0.198858295106602
-0.518259373676063
0.28071927524806
-0.161479912618445
1.08439025666196
-0.30242537669266
-0.0166778249293209
-0.0637154701461569
-0.571321615839014
0.085614840731854
-0.277453959838115
0.0323363172917248
-0.22797809864323
0.19937034573532
8.4468802128185
8.27086788253122
0.738270607958017
0.663756371312236
-0.327821266452784
0.198858189270517
-0.884879394598397
-0.396013132762935
-0.401608377871572
-0.655685255216246
0.588734425200084
0.579849682091714
0.0670645690123743
-0.19923213073473
0.156973422420208
0.761902704772828
-0.195908539619157
0.0340878239582487
-0.423215199669174
