               -133.17002868652343750000                 13.75000000000000000000                -11.56942367553710937500                 25.31942367553710937500
               -117.17002868652343750000                 24.18750000000000000000                 -1.33689510822296142578                 25.52439498901367187500
               -101.17002868652343750000                 26.25000000000000000000                  0.53694564104080200195                 25.71305465698242187500
                -85.17002868652343750000                 26.18750000000000000000                  0.31228974461555480957                 25.87520980834960937500
                -69.17002868652343750000                 27.37500000000000000000                  1.37260901927947998047                 26.00239181518554687500
                -53.17002868652343750000                 26.31250000000000000000                  0.22377753257751464844                 26.08872222900390625000
                -37.17002868652343750000                 25.25000000000000000000                 -0.88158959150314331055                 26.13158988952636718750
                -21.17002868652343750000                 26.12500000000000000000                 -0.00698567926883697510                 26.13198661804199218750
                 -5.17002868652343750000                 25.25000000000000000000                 -0.84449088573455810547                 26.09449005126953125000
                 10.82997131347656250000                 26.43750000000000000000                  0.41064053773880004883                 26.02685928344726562500
                 26.82997131347656250000                 27.68750000000000000000                  1.74825274944305419922                 25.93924713134765625000
                 42.82997131347656250000                 27.50000000000000000000                  1.65684437751770019531                 25.84315490722656250000
                 58.82997131347656250000                 26.06250000000000000000                  0.31229001283645629883                 25.75020980834960937500
                 74.82997131347656250000                 24.37500000000000000000                 -1.29591107368469238281                 25.67091178894042968750
                 90.82997131347656250000                 24.50000000000000000000                 -1.11351001262664794922                 25.61351013183593750000
                106.82997131347656250000                 25.68750000000000000000                  0.10436104983091354370                 25.58313941955566406250
                122.82997131347656250000                 24.31250000000000000000                 -1.26879847049713134766                 25.58129882812500000000
                138.82997131347656250000                 25.43750000000000000000                 -0.16825842857360839844                 25.60575866699218750000
                154.82997131347656250000                 26.68750000000000000000                  1.03662788867950439453                 25.65087127685546875000
                170.82997131347656250000                 23.68750000000000000000                 -2.02075362205505371094                 25.70825386047363281250
                186.82997131347656250000                 35.81250000000000000000                 10.04477787017822265625                 25.76772117614746093750
                202.82997131347656250000                 32.25000000000000000000                  6.43160867691040039062                 25.81839179992675781250
                218.82997131347656250000                 24.00000000000000000000                 -1.84977090358734130859                 25.84977149963378906250
                234.82997131347656250000                 27.12500000000000000000                  1.27224588394165039062                 25.85275459289550781250
                250.82997131347656250000                 26.06250000000000000000                  0.24210330843925476074                 25.82039642333984375000
                266.82997131347656250000                 25.43750000000000000000                 -0.31092587113380432129                 25.74842643737792968750
                282.82997131347656250000                 25.93750000000000000000                  0.30204188823699951172                 25.63545799255371093750
                298.82997131347656250000                 25.75000000000000000000                  0.26705533266067504883                 25.48294448852539062500
                314.82997131347656250000                 24.43750000000000000000                 -0.85739052295684814453                 25.29489135742187500000
                330.82997131347656250000                 26.75000000000000000000                  1.67258822917938232422                 25.07741165161132812500
                346.82997131347656250000                 23.31250000000000000000                 -1.52569818496704101562                 24.83819770812988281250
                362.82997131347656250000                 24.50000000000000000000                 -0.08594512939453125000                 24.58594512939453125000
                378.82997131347656250000                 24.50000000000000000000                  0.17019949853420257568                 24.32979965209960937500
                394.82997131347656250000                 26.00000000000000000000                  1.92113924026489257812                 24.07886123657226562500
                410.82997131347656250000                 25.81250000000000000000                  1.97076916694641113281                 23.84173011779785156250
                426.82997131347656250000                 23.31250000000000000000                 -0.31365373730659484863                 23.62615394592285156250
                442.82997131347656250000                 22.25000000000000000000                 -1.18870782852172851562                 23.43870735168457031250
                458.82997131347656250000                 24.68750000000000000000                  1.40292906761169433594                 23.28457069396972656250
                474.82997131347656250000                 20.75000000000000000000                 -2.41735053062438964844                 23.16735076904296875000
