-0.530510436807142
0.117509467631589
-0.164875568169961
-0.0594331772304406
0.563346770790433
0.143750628489555
0.0575274394470573
-0.0716855306779243
0.37782134198226
-0.161244071222014
-0.257060469692377
-0.165470066221437
0.170753637299832
-0.252453883163338
-0.0624877663123833
0.0526458365410076
-0.0932159895820404
-0.809688685687169
-0.217833828397514
-0.250770659650805
10.1581887399909
11.7624738892451
0.251837559135802
-0.997864803369897
0.0753192800816831
-0.405368088699026
-0.00504975491792403
-0.0392798436958353
0.176406236806402
0.139390945362437
0.347770568074113
-0.324482897357441
-0.190000989897864
0.25187580775346
-0.435101657343686
0.56315622879906
-0.0641842044814831
0.121886812498854
-0.252453899091682
