               -133.17002868652343750000                  0.93750000000000000000                 -0.53051042556762695312                  1.46801042556762695312
               -117.17002868652343750000                  1.68750000000000000000                  0.11750946938991546631                  1.56999051570892333984
               -101.17002868652343750000                  1.50000000000000000000                 -0.16487556695938110352                  1.66487562656402587891
                -85.17002868652343750000                  1.68750000000000000000                 -0.05943317711353302002                  1.74693322181701660156
                -69.17002868652343750000                  2.37500000000000000000                  0.56334674358367919922                  1.81165325641632080078
                -53.17002868652343750000                  2.00000000000000000000                  0.14375062286853790283                  1.85624933242797851562
                -37.17002868652343750000                  1.93750000000000000000                  0.05752743780612945557                  1.87997257709503173828
                -21.17002868652343750000                  1.81250000000000000000                 -0.07168553024530410767                  1.88418555259704589844
                 -5.17002868652343750000                  2.25000000000000000000                  0.37782135605812072754                  1.87217867374420166016
                 10.82997131347656250000                  1.68750000000000000000                 -0.16124406456947326660                  1.84874403476715087891
                 26.82997131347656250000                  1.56250000000000000000                 -0.25706046819686889648                  1.81956052780151367188
                 42.82997131347656250000                  1.62500000000000000000                 -0.16547006368637084961                  1.79047012329101562500
                 58.82997131347656250000                  1.93750000000000000000                  0.17075364291667938232                  1.76674640178680419922
                 74.82997131347656250000                  1.50000000000000000000                 -0.25245389342308044434                  1.75245392322540283203
                 90.82997131347656250000                  1.68750000000000000000                 -0.06248776614665985107                  1.74998772144317626953
                106.82997131347656250000                  1.81250000000000000000                  0.05264583602547645569                  1.75985419750213623047
                122.82997131347656250000                  1.68750000000000000000                 -0.09321598708629608154                  1.78071594238281250000
                138.82997131347656250000                  1.00000000000000000000                 -0.80968868732452392578                  1.80968868732452392578
                154.82997131347656250000                  1.62500000000000000000                 -0.21783383190631866455                  1.84283387660980224609
                170.82997131347656250000                  1.62500000000000000000                 -0.25077065825462341309                  1.87577068805694580078
                186.82997131347656250000                 12.06250000000000000000                 10.15818881988525390625                  1.90431129932403564453
                202.82997131347656250000                 13.68750000000000000000                 11.76247406005859375000                  1.92502605915069580078
                218.82997131347656250000                  2.18750000000000000000                  0.25183755159378051758                  1.93566238880157470703
                234.82997131347656250000                  0.93750000000000000000                 -0.99786478281021118164                  1.93536484241485595703
                250.82997131347656250000                  2.00000000000000000000                  0.07531928271055221558                  1.92468070983886718750
                266.82997131347656250000                  1.50000000000000000000                 -0.40536808967590332031                  1.90536808967590332031
                282.82997131347656250000                  1.87500000000000000000                 -0.00504975486546754837                  1.88004970550537109375
                298.82997131347656250000                  1.81250000000000000000                 -0.03927984461188316345                  1.85177981853485107422
                314.82997131347656250000                  2.00000000000000000000                  0.17640623450279235840                  1.82359373569488525391
                330.82997131347656250000                  1.93750000000000000000                  0.13939094543457031250                  1.79810905456542968750
                346.82997131347656250000                  2.12500000000000000000                  0.34777057170867919922                  1.77722942829132080078
                362.82997131347656250000                  1.43750000000000000000                 -0.32448288798332214355                  1.76198291778564453125
                378.82997131347656250000                  1.56250000000000000000                 -0.19000099599361419678                  1.75250101089477539062
                394.82997131347656250000                  2.00000000000000000000                  0.25187581777572631836                  1.74812424182891845703
                410.82997131347656250000                  1.31250000000000000000                 -0.43510165810585021973                  1.74760162830352783203
                426.82997131347656250000                  2.31250000000000000000                  0.56315624713897705078                  1.74934375286102294922
                442.82997131347656250000                  1.68750000000000000000                 -0.06418420374393463135                  1.75168418884277343750
                458.82997131347656250000                  1.87500000000000000000                  0.12188681215047836304                  1.75311315059661865234
                474.82997131347656250000                  1.50000000000000000000                 -0.25245389342308044434                  1.75245392322540283203
