1.46801043680714
1.56999053236841
1.66487556816996
1.74693317723044
1.81165322920957
1.85624937151044
1.87997256055294
1.88418553067792
1.87217865801774
1.84874407122201
1.81956046969238
1.79047006622144
1.76674636270017
1.75245388316334
1.74998776631238
1.75985416345899
1.78071598958204
1.80968868568717
1.84283382839751
1.8757706596508
1.90431126000905
1.92502611075492
1.9356624408642
1.9353648033699
1.92468071991832
1.90536808869903
1.88004975491792
1.85177984369584
1.8235937631936
1.79810905463756
1.77722943192589
1.76198289735744
1.75250098989786
1.74812419224654
1.74760165734369
1.74934377120094
1.75168420448148
1.75311318750115
1.75245389909168
