2.70522316335606
2.72794841217815
2.75079660303566
2.77298104925134
2.79384254182589
2.81289487176885
2.82984588151615
2.84459160552068
2.8571851017054
2.86778542304089
2.87659519528833
2.88379695418236
2.88949848013076
2.89369584793508
2.896260043764
2.8969492633372
2.89544499081388
2.89140628797508
2.88453394488242
2.87463465055018
2.86167532679229
2.84580764219492
2.82743784399478
2.80709684135553
2.78551655436519
2.76351290396689
2.74192590507021
2.7215452843212
2.70304277021797
2.68691950653242
2.67347470500361
2.66279849640294
2.65478846195867
2.64918607523126
2.64562675521613
2.6436957891627
2.64298219889977
2.64312364947451
2.64383748425477
