-1.14272316335606
-0.102948412178146
0.436703396964335
0.102018950748661
-0.0438425418258888
0.562105128231151
-0.0173458815161474
-0.0320916055206784
0.0803148982945978
-0.117785423040892
-0.689095195288331
-0.133796954182361
0.173001519869243
0.0438041520649168
0.541239956236002
0.0405507366627988
-0.582944990813881
0.108593712024921
-0.447033944882421
0.437865349449822
17.6383246732077
23.7791923578051
0.297562156005216
0.0679031586444694
-0.348016554365187
-0.701012903966894
0.133074094929787
0.340954715678795
-0.640542770217972
0.000580493467577714
-0.360974705003615
-0.600298496402937
0.407711538041327
-0.0241860752312566
0.666873244783867
0.0438042108373011
-0.455482198899772
0.106876350525491
-0.456337484254768
