0.874246699452038
0.866529260679455
0.858841147281163
0.851632750307507
0.84543311546614
0.840814377961066
0.838346717858878
0.838548316373732
0.841835707560597
0.848480076715461
0.858574427128622
0.872015231380605
0.888500427608977
0.907543706838431
0.928503262345276
0.950621782674027
0.973073620157693
0.995014800085344
1.01563179288551
1.03418561932303
1.0500487280732
1.06273301186975
1.0719081834524
1.07741043778284
1.07924185688923
1.07756138421623
1.07266844653726
1.064980479148
1.05500575121488
1.04331301252245
1.03049959077289
1.01715964401351
1.003854289627
0.991085261206322
0.979273564503399
0.968744302441569
0.959718422681691
0.952311634255592
0.946540185294415
