               -133.17002868652343750000                  0.43750000000000000000                 -0.39811617136001586914                  0.83561617136001586914
               -117.17002868652343750000                  1.31250000000000000000                  0.47125118970870971680                  0.84124881029129028320
               -101.17002868652343750000                  0.87500000000000000000                  0.02536012232303619385                  0.84963989257812500000
                -85.17002868652343750000                  0.75000000000000000000                 -0.11051366478204727173                  0.86051368713378906250
                -69.17002868652343750000                  0.81250000000000000000                 -0.06100443750619888306                  0.87350445985794067383
                -53.17002868652343750000                  0.93750000000000000000                  0.04930164292454719543                  0.88819837570190429688
                -37.17002868652343750000                  0.93750000000000000000                  0.03332056105136871338                  0.90417945384979248047
                -21.17002868652343750000                  0.81250000000000000000                 -0.10857279598712921143                  0.92107278108596801758
                 -5.17002868652343750000                  0.62500000000000000000                 -0.31357833743095397949                  0.93857830762863159180
                 10.82997131347656250000                  1.06250000000000000000                  0.10601080209016799927                  0.95648920536041259766
                 26.82997131347656250000                  1.00000000000000000000                  0.02530837617814540863                  0.97469162940979003906
                 42.82997131347656250000                  1.18750000000000000000                  0.19435465335845947266                  0.99314534664154052734
                 58.82997131347656250000                  1.18750000000000000000                  0.17565238475799560547                  1.01184761524200439453
                 74.82997131347656250000                  0.62500000000000000000                 -0.40578627586364746094                  1.03078627586364746094
                 90.82997131347656250000                  1.06250000000000000000                  0.01261010952293872833                  1.04988992214202880859
                106.82997131347656250000                  0.87500000000000000000                 -0.19398373365402221680                  1.06898379325866699219
                122.82997131347656250000                  1.06250000000000000000                 -0.02525976859033107758                  1.08775973320007324219
                138.82997131347656250000                  1.06250000000000000000                 -0.04326692968606948853                  1.10576689243316650391
                154.82997131347656250000                  1.25000000000000000000                  0.12757493555545806885                  1.12242507934570312500
                170.82997131347656250000                  1.06250000000000000000                 -0.07456190884113311768                  1.13706195354461669922
                186.82997131347656250000                  1.68750000000000000000                  0.53853082656860351562                  1.14896917343139648438
                202.82997131347656250000                  1.37500000000000000000                  0.21752899885177612305                  1.15747094154357910156
                218.82997131347656250000                  1.43750000000000000000                  0.27550470829010009766                  1.16199529170989990234
                234.82997131347656250000                  1.18750000000000000000                  0.02536015957593917847                  1.16213989257812500000
                250.82997131347656250000                  1.00000000000000000000                 -0.15772368013858795166                  1.15772366523742675781
                266.82997131347656250000                  0.93750000000000000000                 -0.21131820976734161377                  1.14881825447082519531
                282.82997131347656250000                  1.18750000000000000000                  0.05174573138356208801                  1.13575422763824462891
                298.82997131347656250000                  0.43750000000000000000                 -0.68160468339920043945                  1.11910474300384521484
                314.82997131347656250000                  1.12500000000000000000                  0.02535501308739185333                  1.09964501857757568359
                330.82997131347656250000                  0.87500000000000000000                 -0.20329648256301879883                  1.07829654216766357422
                346.82997131347656250000                  1.25000000000000000000                  0.19394125044345855713                  1.05605876445770263672
                362.82997131347656250000                  1.18750000000000000000                  0.15356239676475524902                  1.03393757343292236328
                378.82997131347656250000                  1.12500000000000000000                  0.11212389916181564331                  1.01287615299224853516
                394.82997131347656250000                  0.93750000000000000000                 -0.05619390308856964111                  0.99369388818740844727
                410.82997131347656250000                  0.93750000000000000000                 -0.03954023867845535278                  0.97704023122787475586
                426.82997131347656250000                  0.81250000000000000000                 -0.15086311101913452148                  0.96336311101913452148
                442.82997131347656250000                  1.00000000000000000000                  0.04710356146097183228                  0.95289641618728637695
                458.82997131347656250000                  0.87500000000000000000                 -0.07066451758146286011                  0.94566452503204345703
                474.82997131347656250000                  1.18750000000000000000                  0.24599772691726684570                  0.94150227308273315430
