0.83561616933887
0.84124880836698
0.849639876923195
0.860513665746973
0.873504438835541
0.888198357099257
0.904179439326716
0.921072794736811
0.938578323223596
0.956489197039799
0.974691624287411
0.993145351655103
1.01184761962401
1.03078627212036
1.04988989069599
1.06898374066053
1.08775976866447
1.10576693006739
1.12242506517158
1.13706190570469
1.14896919933761
1.15747099393983
1.16199529392277
1.16213984052238
1.15772367731065
1.14881821104497
1.13575426816597
1.11910470393509
1.09964498655074
1.07829648833104
1.05605874447319
1.03393760928006
1.01287609970045
0.993693904553525
0.977040237877286
0.963363118135347
0.952896438990181
0.945664515944786
0.941502276722603
