5.65686361003354
5.6532751402584
5.64701793475082
5.63919730115024
5.63105267642065
5.62379959612553
5.6184528303545
5.61565276720452
5.61551970598221
5.61755984157521
5.62064210987705
5.62305706379254
5.62265850923673
5.61707718670772
5.60398503960891
5.58138025419131
5.54785867127136
5.50283719104656
5.44669955406022
5.38084379002078
5.30762245646765
5.23015209937247
5.15220320215631
5.07761416355585
5.01023558916923
4.95346848388921
4.91001380177127
4.88166658424801
4.86920094121678
4.87235334689114
4.8899004699025
4.91981765870959
4.95949642415049
5.00599458586765
5.05629150782314
5.10752290486648
5.15717451048794
5.20322060225761
5.24420096599906
