               -133.17002868652343750000                  3.37500000000000000000                 -2.28186368942260742188                  5.65686368942260742188
               -117.17002868652343750000                  4.75000000000000000000                 -0.90327513217926025391                  5.65327501296997070312
               -101.17002868652343750000                  5.81250000000000000000                  0.16548205912113189697                  5.64701795578002929688
                -85.17002868652343750000                  5.56250000000000000000                 -0.07669730484485626221                  5.63919734954833984375
                -69.17002868652343750000                  5.68750000000000000000                  0.05644732341170310974                  5.63105249404907226562
                -53.17002868652343750000                  5.93750000000000000000                  0.31370040774345397949                  5.62379980087280273438
                -37.17002868652343750000                  5.81250000000000000000                  0.19404716789722442627                  5.61845302581787109375
                -21.17002868652343750000                  4.93750000000000000000                 -0.67815274000167846680                  5.61565256118774414062
                 -5.17002868652343750000                  5.56250000000000000000                 -0.05301970615983009338                  5.61551952362060546875
                 10.82997131347656250000                  4.93750000000000000000                 -0.68005985021591186523                  5.61755990982055664062
                 26.82997131347656250000                  4.93750000000000000000                 -0.68314212560653686523                  5.62064218521118164062
                 42.82997131347656250000                  4.93750000000000000000                 -0.68555706739425659180                  5.62305688858032226562
                 58.82997131347656250000                  5.93750000000000000000                  0.31484147906303405762                  5.62265872955322265625
                 74.82997131347656250000                  6.06250000000000000000                  0.44542279839515686035                  5.61707735061645507812
                 90.82997131347656250000                  5.18750000000000000000                 -0.41648504137992858887                  5.60398483276367187500
                106.82997131347656250000                  6.12500000000000000000                  0.54361975193023681641                  5.58138036727905273438
                122.82997131347656250000                  5.56250000000000000000                  0.01464132871478796005                  5.54785871505737304688
                138.82997131347656250000                  6.25000000000000000000                  0.74716281890869140625                  5.50283718109130859375
                154.82997131347656250000                  5.68750000000000000000                  0.24080044031143188477                  5.44669961929321289062
                170.82997131347656250000                  5.43750000000000000000                  0.05665621161460876465                  5.38084363937377929688
                186.82997131347656250000                 61.62500000000000000000                 56.31737899780273437500                  5.30762243270874023438
                202.82997131347656250000                 81.37500000000000000000                 76.14485168457031250000                  5.23015213012695312500
                218.82997131347656250000                 10.62500000000000000000                  5.47279691696166992188                  5.15220308303833007812
                234.82997131347656250000                  6.25000000000000000000                  1.17238581180572509766                  5.07761430740356445312
                250.82997131347656250000                  5.06250000000000000000                  0.05226441100239753723                  5.01023578643798828125
                266.82997131347656250000                  4.43750000000000000000                 -0.51596850156784057617                  4.95346832275390625000
                282.82997131347656250000                  5.00000000000000000000                  0.08998619765043258667                  4.91001367568969726562
                298.82997131347656250000                  4.81250000000000000000                 -0.06916658580303192139                  4.88166666030883789062
                314.82997131347656250000                  4.81250000000000000000                 -0.05670094117522239685                  4.86920070648193359375
                330.82997131347656250000                  4.31250000000000000000                 -0.55985337495803833008                  4.87235355377197265625
                346.82997131347656250000                  4.87500000000000000000                 -0.01490047015249729156                  4.88990068435668945312
                362.82997131347656250000                  5.37500000000000000000                  0.45518234372138977051                  4.91981744766235351562
                378.82997131347656250000                  4.75000000000000000000                 -0.20949642360210418701                  4.95949649810791015625
                394.82997131347656250000                  5.25000000000000000000                  0.24400541186332702637                  5.00599479675292968750
                410.82997131347656250000                  5.00000000000000000000                 -0.05629150941967964172                  5.05629158020019531250
                426.82997131347656250000                  6.18750000000000000000                  1.07997715473175048828                  5.10752296447753906250
                442.82997131347656250000                  5.43750000000000000000                  0.28032550215721130371                  5.15717458724975585938
                458.82997131347656250000                  4.93750000000000000000                 -0.26572060585021972656                  5.20322036743164062500
                474.82997131347656250000                  5.18750000000000000000                 -0.05670096725225448608                  5.24420118331909179688
