-12.8950057551619
-0.88855683602452
1.94535893464572
2.48965847718469
0.625805849878539
-0.516576155486394
1.37762155014649
-1.19095010450914
6.83916172672144
0.278121281488161
0.122786095062249
-0.0678231202173301
-0.922140483877829
-0.568313485442172
-1.0716214105782
2.56546349288892
0.278121246180365
3.18900536417159
1.29561387507601
-0.529729425874983
66.4602485279212
96.7629995757784
12.3141606549685
1.05011711495682
-0.278893243835984
-1.10879772299359
-1.4367477152006
0.678540024212648
0.116211925735037
-0.119955988729437
-0.277349120466045
1.14476125650268
0.832181801689952
2.2805470168218
-0.892088192434919
-1.44480818508137
2.11190410074628
-0.920383864914513
-3.1770184437981
