27.1154005508749
27.736214618686
28.2998952883044
28.7798447820287
29.1574786375772
29.4242493618217
29.5824973035584
29.644941121845
29.6328072800401
29.5728010274797
29.4933082562483
29.4203559846147
29.3739219638587
29.3651547806578
29.3949433678896
29.4540739792424
29.5249634323034
29.5847005070045
29.6089074347619
29.575790814776
29.4697142308923
29.2837031933976
29.0204755374114
28.6918459455355
28.3166361830906
27.9174813065122
27.5171089368214
27.1347495737936
26.7832970663594
26.4676889624161
26.184746714073
25.9244504181838
25.6723721291637
25.4128012953487
25.1319975683637
24.8210130258691
24.4776300719035
24.1071375242687
23.7218787191724
