-2.45362061552395
-0.232018212216472
0.100493967061572
0.797340273158388
-0.637522569281969
0.612663924134302
0.364718184106724
-1.00221529834883
1.5156238313805
-0.0785636626603488
-0.282271251876045
-0.781278676344958
0.175297599157638
1.27499331604726
-0.0454771690299101
-0.100157848495145
-1.2037513134843
0.641017744593358
-1.56892584159326
0.288194010429799
82.0217266847888
120.566369729897
11.6696448139938
1.01754969669932
-0.390796518727158
-0.617870802799489
-0.100333088947616
-0.0241505385004608
0.237703994363706
0.625000061313069
-0.235027244676878
0.222053297650402
0.0601389208343051
-0.532571175944332
0.131344180096376
-0.0739609747611967
0.0999970955915082
0.0886990572586468
-1.29766337873572
