               -133.17002868652343750000                  3.31250000000000000000                 -2.45362067222595214844                  5.76612043380737304688
               -117.17002868652343750000                  5.62500000000000000000                 -0.23201821744441986084                  5.85701799392700195312
               -101.17002868652343750000                  6.06250000000000000000                  0.10049396753311157227                  5.96200609207153320312
                -85.17002868652343750000                  6.87500000000000000000                  0.79734027385711669922                  6.07765960693359375000
                -69.17002868652343750000                  5.56250000000000000000                 -0.63752257823944091797                  6.20002269744873046875
                -53.17002868652343750000                  6.93750000000000000000                  0.61266392469406127930                  6.32483625411987304688
                -37.17002868652343750000                  6.81250000000000000000                  0.36471819877624511719                  6.44778203964233398438
                -21.17002868652343750000                  5.56250000000000000000                 -1.00221526622772216797                  6.56471538543701171875
                 -5.17002868652343750000                  8.18750000000000000000                  1.51562380790710449219                  6.67187595367431640625
                 10.82997131347656250000                  6.68750000000000000000                 -0.07856366038322448730                  6.76606369018554687500
                 26.82997131347656250000                  6.56250000000000000000                 -0.28227126598358154297                  6.84477138519287109375
                 42.82997131347656250000                  6.12500000000000000000                 -0.78127866983413696289                  6.90627861022949218750
                 58.82997131347656250000                  7.12500000000000000000                  0.17529760301113128662                  6.94970226287841796875
                 74.82997131347656250000                  8.25000000000000000000                  1.27499330043792724609                  6.97500658035278320312
                 90.82997131347656250000                  6.93750000000000000000                 -0.04547717049717903137                  6.98297739028930664062
                106.82997131347656250000                  6.87500000000000000000                 -0.10015784949064254761                  6.97515773773193359375
                122.82997131347656250000                  5.75000000000000000000                 -1.20375132560729980469                  6.95375108718872070312
                138.82997131347656250000                  7.56250000000000000000                  0.64101773500442504883                  6.92148208618164062500
                154.82997131347656250000                  5.31250000000000000000                 -1.56892585754394531250                  6.88142585754394531250
                170.82997131347656250000                  7.12500000000000000000                  0.28819400072097778320                  6.83680582046508789062
                186.82997131347656250000                 88.81250000000000000000                 82.02172851562500000000                  6.79077339172363281250
                202.82997131347656250000                127.31250000000000000000                120.56636810302734375000                  6.74613046646118164062
                218.82997131347656250000                 18.37500000000000000000                 11.66964435577392578125                  6.70535516738891601562
                234.82997131347656250000                  7.68750000000000000000                  1.01754975318908691406                  6.66995048522949218750
                250.82997131347656250000                  6.25000000000000000000                 -0.39079651236534118652                  6.64079666137695312500
                266.82997131347656250000                  6.00000000000000000000                 -0.61787080764770507812                  6.61787080764770507812
                282.82997131347656250000                  6.50000000000000000000                 -0.10033308714628219604                  6.60033321380615234375
                298.82997131347656250000                  6.56250000000000000000                 -0.02415053918957710266                  6.58665037155151367188
                314.82997131347656250000                  6.81250000000000000000                  0.23770399391651153564                  6.57479619979858398438
                330.82997131347656250000                  7.18750000000000000000                  0.62500005960464477539                  6.56250000000000000000
                346.82997131347656250000                  6.31250000000000000000                 -0.23502723872661590576                  6.54752731323242187500
                362.82997131347656250000                  6.75000000000000000000                  0.22205330431461334229                  6.52794647216796875000
                378.82997131347656250000                  6.56250000000000000000                  0.06013892218470573425                  6.50236129760742187500
                394.82997131347656250000                  5.93750000000000000000                 -0.53257119655609130859                  6.47007131576538085938
                410.82997131347656250000                  6.56250000000000000000                  0.13134418427944183350                  6.43115568161010742188
                426.82997131347656250000                  6.31250000000000000000                 -0.07396097481250762939                  6.38646078109741210938
                442.82997131347656250000                  6.43750000000000000000                  0.09999709576368331909                  6.33750295639038085938
                458.82997131347656250000                  6.37500000000000000000                  0.08869905769824981689                  6.28630113601684570312
                474.82997131347656250000                  4.93750000000000000000                 -1.29766333103179931641                  6.23516321182250976562
