5.62522471950623
5.73831015825007
5.83066901670971
5.89434534000514
5.92573331764623
5.92688253015814
5.90616686703112
5.87809690469621
5.86215749636988
5.88069224938773
5.95601538761719
6.10708339564474
6.3461753651162
6.67608637124701
7.08831502329047
7.56261989525026
8.0681404021138
8.56605105435888
9.01348008465908
9.36821504591088
9.59357689784159
9.66279744169824
9.56229345071737
9.29338625958574
8.87224204406871
8.32806692283874
7.69983848114307
7.03205069219582
6.37006263065675
5.75565888531439
5.22335484947025
4.79783247337036
4.49270184080322
4.3105856295844
4.24434925171286
4.27917340911481
4.39510083573595
4.56968601336219
4.78042617949079
