13.2302607139226
13.0840418502567
12.9254223515734
12.7603147414694
12.5957421568218
12.4395855884962
12.3002434801467
12.1862118323526
12.1056011930303
12.0656159676963
12.0720301453012
12.1287002665681
12.2371596744117
12.3963364950012
12.6024307564144
12.8489737879127
13.1270767308629
13.4258566247859
13.7330106072836
14.0354938494096
14.3202470935354
14.574816155024
14.7885112427266
14.9519563872477
15.0585067335295
15.1040093184883
15.0870115264788
15.0087263605713
14.8728735850974
14.6854191592613
14.454235296738
14.1887010190072
13.8992598586949
13.5969489391855
13.2929130375163
12.9979187180644
12.7218867049414
12.4734642061371
12.2596614543523
