               -133.17002868652343750000                  6.43750000000000000000
               -117.17002868652343750000                 13.37500000000000000000
               -101.17002868652343750000                 10.43750000000000000000
                -85.17002868652343750000                 12.56250000000000000000
                -69.17002868652343750000                 11.25000000000000000000
                -53.17002868652343750000                 12.25000000000000000000
                -37.17002868652343750000                 13.37500000000000000000
                -21.17002868652343750000                 12.62500000000000000000
                 -5.17002868652343750000                 14.18750000000000000000
                 10.82997131347656250000                 11.68750000000000000000
                 26.82997131347656250000                 11.06250000000000000000
                 42.82997131347656250000                 11.93750000000000000000
                 58.82997131347656250000                 10.56250000000000000000
                 74.82997131347656250000                 14.56250000000000000000
                 90.82997131347656250000                 11.43750000000000000000
                106.82997131347656250000                 13.87500000000000000000
                122.82997131347656250000                 12.93750000000000000000
                138.82997131347656250000                 12.68750000000000000000
                154.82997131347656250000                 14.31250000000000000000
                170.82997131347656250000                 14.93750000000000000000
                186.82997131347656250000                 44.68750000000000000000
                202.82997131347656250000                 58.06250000000000000000
                218.82997131347656250000                 22.68750000000000000000
                234.82997131347656250000                 17.06250000000000000000
                250.82997131347656250000                 13.93750000000000000000
                266.82997131347656250000                 15.18750000000000000000
                282.82997131347656250000                 15.31250000000000000000
                298.82997131347656250000                 14.43750000000000000000
                314.82997131347656250000                 16.00000000000000000000
                330.82997131347656250000                 14.87500000000000000000
                346.82997131347656250000                 12.06250000000000000000
                362.82997131347656250000                 12.12500000000000000000
                378.82997131347656250000                 14.18750000000000000000
                394.82997131347656250000                 15.25000000000000000000
                410.82997131347656250000                 13.25000000000000000000
                426.82997131347656250000                 13.18750000000000000000
                442.82997131347656250000                 12.56250000000000000000
                458.82997131347656250000                 12.12500000000000000000
                474.82997131347656250000                  9.81250000000000000000
