-6.79276071392262
0.2909581497433
-2.48792235157341
-0.197814741469386
-1.34574215682179
-0.189585588496179
1.07475651985329
0.438788167647381
2.08189880696966
-0.378115967696258
-1.00953014530125
-0.191200266568092
-1.67465967441166
2.16616350499882
-1.16493075641436
1.02602621208727
-0.189576730862939
-0.738356624785871
0.579489392716438
0.902006150590385
30.3672529064646
43.487683844976
7.8989887572734
2.11054361275226
-1.12100673352946
0.0834906815116518
0.225488473521221
-0.571226360571304
1.1271264149026
0.189580840738717
-2.391735296738
-2.06370101900719
0.288240141305051
1.65305106081451
-0.0429130375162874
0.189581281935565
-0.159386704941399
-0.348464206137097
-2.44716145435235
