               -133.17002868652343750000                  6.43750000000000000000                 -6.79276084899902343750                 13.23026084899902343750
               -117.17002868652343750000                 13.37500000000000000000                  0.29095813632011413574                 13.08404159545898437500
               -101.17002868652343750000                 10.43750000000000000000                 -2.48792243003845214844                 12.92542266845703125000
                -85.17002868652343750000                 12.56250000000000000000                 -0.19781474769115447998                 12.76031494140625000000
                -69.17002868652343750000                 11.25000000000000000000                 -1.34574210643768310547                 12.59574222564697265625
                -53.17002868652343750000                 12.25000000000000000000                 -0.18958558142185211182                 12.43958568572998046875
                -37.17002868652343750000                 13.37500000000000000000                  1.07475650310516357422                 12.30024337768554687500
                -21.17002868652343750000                 12.62500000000000000000                  0.43878817558288574219                 12.18621158599853515625
                 -5.17002868652343750000                 14.18750000000000000000                  2.08189868927001953125                 12.10560131072998046875
                 10.82997131347656250000                 11.68750000000000000000                 -0.37811598181724548340                 12.06561565399169921875
                 26.82997131347656250000                 11.06250000000000000000                 -1.00953018665313720703                 12.07203006744384765625
                 42.82997131347656250000                 11.93750000000000000000                 -0.19120027124881744385                 12.12870025634765625000
                 58.82997131347656250000                 10.56250000000000000000                 -1.67465972900390625000                 12.23715972900390625000
                 74.82997131347656250000                 14.56250000000000000000                  2.16616344451904296875                 12.39633655548095703125
                 90.82997131347656250000                 11.43750000000000000000                 -1.16493070125579833984                 12.60243034362792968750
                106.82997131347656250000                 13.87500000000000000000                  1.02602624893188476562                 12.84897422790527343750
                122.82997131347656250000                 12.93750000000000000000                 -0.18957673013210296631                 13.12707710266113281250
                138.82997131347656250000                 12.68750000000000000000                 -0.73835664987564086914                 13.42585659027099609375
                154.82997131347656250000                 14.31250000000000000000                  0.57948940992355346680                 13.73301029205322265625
                170.82997131347656250000                 14.93750000000000000000                  0.90200614929199218750                 14.03549385070800781250
                186.82997131347656250000                 44.68750000000000000000                 30.36725234985351562500                 14.32024669647216796875
                202.82997131347656250000                 58.06250000000000000000                 43.48768234252929687500                 14.57481575012207031250
                218.82997131347656250000                 22.68750000000000000000                  7.89898872375488281250                 14.78851127624511718750
                234.82997131347656250000                 17.06250000000000000000                  2.11054372787475585938                 14.95195674896240234375
                250.82997131347656250000                 13.93750000000000000000                 -1.12100672721862792969                 15.05850696563720703125
                266.82997131347656250000                 15.18750000000000000000                  0.08349068462848663330                 15.10400962829589843750
                282.82997131347656250000                 15.31250000000000000000                  0.22548846900463104248                 15.08701133728027343750
                298.82997131347656250000                 14.43750000000000000000                 -0.57122635841369628906                 15.00872611999511718750
                314.82997131347656250000                 16.00000000000000000000                  1.12712645530700683594                 14.87287330627441406250
                330.82997131347656250000                 14.87500000000000000000                  0.18958084285259246826                 14.68541908264160156250
                346.82997131347656250000                 12.06250000000000000000                 -2.39173531532287597656                 14.45423507690429687500
                362.82997131347656250000                 12.12500000000000000000                 -2.06370091438293457031                 14.18870067596435546875
                378.82997131347656250000                 14.18750000000000000000                  0.28824013471603393555                 13.89925956726074218750
                394.82997131347656250000                 15.25000000000000000000                  1.65305101871490478516                 13.59694862365722656250
                410.82997131347656250000                 13.25000000000000000000                 -0.04291303828358650208                 13.29291343688964843750
                426.82997131347656250000                 13.18750000000000000000                  0.18958127498626708984                 12.99791908264160156250
                442.82997131347656250000                 12.56250000000000000000                 -0.15938670933246612549                 12.72188663482666015625
                458.82997131347656250000                 12.12500000000000000000                 -0.34846422076225280762                 12.47346401214599609375
                474.82997131347656250000                  9.81250000000000000000                 -2.44716143608093261719                 12.25966167449951171875
