10.98357065013
11.2366889774591
11.468805895914
11.6638158070694
11.8105714985632
11.9047432675957
11.9499281151555
11.9577698524846
11.9469758178889
11.9412720475313
11.966502907355
12.0472264384972
12.2032570637774
12.4466428015576
12.779524702566
13.1932143429414
13.6686561238182
14.1782407150853
14.6887364616804
15.1649398848667
15.5735422656338
15.88668405804
16.0847263188714
16.1578979068632
16.1066559921838
15.9407944414372
15.6775166052521
15.3388264167325
14.9486640131629
14.5302112185457
14.1037233625526
13.6851238824101
13.2854516129507
12.9111050363936
12.5647079512703
12.2463450241373
11.954891848834
11.689190503902
11.4488873378531
