28.4163243478014
29.0435752523778
29.6753491059581
30.2813370334291
30.8346396034091
31.3142230713424
31.7066744931005
32.0070187843525
32.2184929402555
32.3513253419308
32.4207160965172
32.4443323028051
32.4396993157835
32.4218735726044
32.4017236255365
32.3850344981561
32.3725066694101
32.3605708985554
32.3428104236638
32.3116950888529
32.2603014126304
32.1837212783551
32.0799414535361
31.9500890712348
31.798061732759
31.6296715290428
31.4515104310414
31.2697780199679
31.0892985909211
30.9128996625988
30.7412415461742
30.5730956106624
30.4059852534434
30.2370431407106
30.0639100498824
29.8855067197565
29.7025459792311
29.5177085335746
29.3354699330076
