4.41072096223596
4.48412503348035
4.56888693174355
4.66189117204676
4.75938403074239
4.85719903454633
4.95103034754342
5.03673297469316
5.11062481302986
5.169763991422
5.21217592648805
5.23700809236317
5.24459637894264
5.23643456347559
5.21504711172322
5.18377440925171
5.14648773213026
5.10725800352505
5.07000700390693
5.03817176899543
5.01441221523556
5.00048639632782
4.99662958306894
5.00250351240192
5.01629666909975
5.03539172509526
5.05653043199562
5.07613589102942
5.09066350689354
5.09694635550672
5.09250083225182
5.07576228332921
5.04622761151977
5.00449187087173
4.95217748445056
4.89176651036388
4.82635683215418
4.75937089619528
4.69424966809314
