-1.91072096223596
-0.359125033480345
0.306113068256449
0.0256088279532403
0.240615969257612
-1.10719903454633
-0.0760303475434174
0.775767025306836
-0.54812481302986
0.330236008578003
-0.212175926488046
0.200491907636829
0.380403621057361
0.076065436524412
0.0349528882767789
-0.308774409251714
0.0410122678697435
0.017741996474947
0.804992996093069
-0.475671768995427
67.7980877847644
98.6870136036722
5.06587041693106
0.872496487598078
-0.203796669099747
0.0271082749047364
-0.494030431995618
-0.0761358910294181
-0.0281635068935433
0.778053644493278
-0.280000832251821
0.799237716670791
0.266272388480231
1.24550812912827
-0.0771774844505551
1.17073348963612
-0.201356832154175
-0.196870896195285
-0.06924966809314
