               -133.17002868652343750000                  2.50000000000000000000                 -1.91072094440460205078                  4.41072082519531250000
               -117.17002868652343750000                  4.12500000000000000000                 -0.35912504792213439941                  4.48412513732910156250
               -101.17002868652343750000                  4.87500000000000000000                  0.30611306428909301758                  4.56888675689697265625
                -85.17002868652343750000                  4.68750000000000000000                  0.02560882829129695892                  4.66189098358154296875
                -69.17002868652343750000                  5.00000000000000000000                  0.24061596393585205078                  4.75938415527343750000
                -53.17002868652343750000                  3.75000000000000000000                 -1.10719907283782958984                  4.85719919204711914062
                -37.17002868652343750000                  4.87500000000000000000                 -0.07603035122156143188                  4.95103025436401367188
                -21.17002868652343750000                  5.81250000000000000000                  0.77576702833175659180                  5.03673315048217773438
                 -5.17002868652343750000                  4.56250000000000000000                 -0.54812479019165039062                  5.11062479019165039062
                 10.82997131347656250000                  5.50000000000000000000                  0.33023601770401000977                  5.16976404190063476562
                 26.82997131347656250000                  5.00000000000000000000                 -0.21217592060565948486                  5.21217584609985351562
                 42.82997131347656250000                  5.43750000000000000000                  0.20049190521240234375                  5.23700809478759765625
                 58.82997131347656250000                  5.62500000000000000000                  0.38040360808372497559                  5.24459648132324218750
                 74.82997131347656250000                  5.31250000000000000000                  0.07606543600559234619                  5.23643445968627929688
                 90.82997131347656250000                  5.25000000000000000000                  0.03495289012789726257                  5.21504688262939453125
                106.82997131347656250000                  4.87500000000000000000                 -0.30877441167831420898                  5.18377447128295898438
                122.82997131347656250000                  5.18750000000000000000                  0.04101226851344108582                  5.14648771286010742188
                138.82997131347656250000                  5.12500000000000000000                  0.01774199679493904114                  5.10725784301757812500
                154.82997131347656250000                  5.87500000000000000000                  0.80499297380447387695                  5.07000684738159179688
                170.82997131347656250000                  4.56250000000000000000                 -0.47567176818847656250                  5.03817176818847656250
                186.82997131347656250000                 72.81250000000000000000                 67.79808807373046875000                  5.01441240310668945312
                202.82997131347656250000                103.68750000000000000000                 98.68701171875000000000                  5.00048637390136718750
                218.82997131347656250000                 10.06250000000000000000                  5.06587028503417968750                  4.99662971496582031250
                234.82997131347656250000                  5.87500000000000000000                  0.87249648571014404297                  5.00250339508056640625
                250.82997131347656250000                  4.81250000000000000000                 -0.20379666984081268311                  5.01629686355590820312
                266.82997131347656250000                  5.06250000000000000000                  0.02710827440023422241                  5.03539180755615234375
                282.82997131347656250000                  4.56250000000000000000                 -0.49403044581413269043                  5.05653047561645507812
                298.82997131347656250000                  5.00000000000000000000                 -0.07613588869571685791                  5.07613611221313476562
                314.82997131347656250000                  5.06250000000000000000                 -0.02816350758075714111                  5.09066343307495117188
                330.82997131347656250000                  5.87500000000000000000                  0.77805364131927490234                  5.09694623947143554688
                346.82997131347656250000                  4.81250000000000000000                 -0.28000083565711975098                  5.09250068664550781250
                362.82997131347656250000                  5.87500000000000000000                  0.79923772811889648438                  5.07576227188110351562
                378.82997131347656250000                  5.31250000000000000000                  0.26627239584922790527                  5.04622745513916015625
                394.82997131347656250000                  6.25000000000000000000                  1.24550807476043701172                  5.00449180603027343750
                410.82997131347656250000                  4.87500000000000000000                 -0.07717748731374740601                  4.95217752456665039062
                426.82997131347656250000                  6.06250000000000000000                  1.17073345184326171875                  4.89176654815673828125
                442.82997131347656250000                  4.62500000000000000000                 -0.20135682821273803711                  4.82635688781738281250
                458.82997131347656250000                  4.56250000000000000000                 -0.19687089323997497559                  4.75937080383300781250
                474.82997131347656250000                  4.62500000000000000000                 -0.06924966722726821899                  4.69424962997436523438
