-0.755839569118169
0.0350174148069762
0.144133978218333
-0.0518234094886161
-0.239131875370971
0.207814728869587
0.53888043501552
0.128130225015484
0.0363554562941697
-0.05131396622796
0.17478272195835
0.52409207037228
-0.193862756237848
-0.669187906282765
-0.0913558729005508
-0.149004975000416
-0.154825282327308
-0.48304429288262
0.49298680072004
0.275617855746018
7.742657746548
10.8970829164064
0.241814395952144
-0.220661009265369
-0.175873188170511
0.314936884167461
0.252274490460544
0.135913114548137
-0.0350173944344758
-0.386893308102741
-0.483930448269077
-0.390509294885601
0.516489669612585
0.422825927870625
-0.110495073628311
0.040346183386978
-0.250485620240089
0.32901801001664
-0.158817480758497
