               -133.17002868652343750000                  1.06250000000000000000                 -0.75583958625793457031                  1.81833958625793457031
               -117.17002868652343750000                  1.87500000000000000000                  0.03501741588115692139                  1.83998262882232666016
               -101.17002868652343750000                  2.00000000000000000000                  0.14413398504257202148                  1.85586607456207275391
                -85.17002868652343750000                  1.81250000000000000000                 -0.05182341113686561584                  1.86432337760925292969
                -69.17002868652343750000                  1.62500000000000000000                 -0.23913188278675079346                  1.86413192749023437500
                -53.17002868652343750000                  2.06250000000000000000                  0.20781472325325012207                  1.85468530654907226562
                -37.17002868652343750000                  2.37500000000000000000                  0.53888040781021118164                  1.83611953258514404297
                -21.17002868652343750000                  1.93750000000000000000                  0.12813022732734680176                  1.80936980247497558594
                 -5.17002868652343750000                  1.81250000000000000000                  0.03635545447468757629                  1.77614450454711914062
                 10.82997131347656250000                  1.68750000000000000000                 -0.05131396651268005371                  1.73881399631500244141
                 26.82997131347656250000                  1.87500000000000000000                  0.17478272318840026855                  1.70021724700927734375
                 42.82997131347656250000                  2.18750000000000000000                  0.52409207820892333984                  1.66340792179107666016
                 58.82997131347656250000                  1.43750000000000000000                 -0.19386275112628936768                  1.63136279582977294922
                 74.82997131347656250000                  0.93750000000000000000                 -0.66918790340423583984                  1.60668790340423583984
                 90.82997131347656250000                  1.50000000000000000000                 -0.09135587513446807861                  1.59135591983795166016
                106.82997131347656250000                  1.43750000000000000000                 -0.14900498092174530029                  1.58650493621826171875
                122.82997131347656250000                  1.43750000000000000000                 -0.15482528507709503174                  1.59232532978057861328
                138.82997131347656250000                  1.12500000000000000000                 -0.48304429650306701660                  1.60804426670074462891
                154.82997131347656250000                  2.12500000000000000000                  0.49298679828643798828                  1.63201320171356201172
                170.82997131347656250000                  1.93750000000000000000                  0.27561786770820617676                  1.66188216209411621094
                186.82997131347656250000                  9.43750000000000000000                  7.74265766143798828125                  1.69484221935272216797
                202.82997131347656250000                 12.62500000000000000000                 10.89708328247070312500                  1.72791707515716552734
                218.82997131347656250000                  2.00000000000000000000                  0.24181438982486724854                  1.75818562507629394531
                234.82997131347656250000                  1.56250000000000000000                 -0.22066101431846618652                  1.78316104412078857422
                250.82997131347656250000                  1.62500000000000000000                 -0.17587319016456604004                  1.80087316036224365234
                266.82997131347656250000                  2.12500000000000000000                  0.31493687629699707031                  1.81006312370300292969
                282.82997131347656250000                  2.06250000000000000000                  0.25227448344230651855                  1.81022548675537109375
                298.82997131347656250000                  1.93750000000000000000                  0.13591311872005462646                  1.80158686637878417969
                314.82997131347656250000                  1.75000000000000000000                 -0.03501739352941513062                  1.78501737117767333984
                330.82997131347656250000                  1.37500000000000000000                 -0.38689330220222473145                  1.76189327239990234375
                346.82997131347656250000                  1.25000000000000000000                 -0.48393043875694274902                  1.73393046855926513672
                362.82997131347656250000                  1.31250000000000000000                 -0.39050930738449096680                  1.70300924777984619141
                378.82997131347656250000                  2.18750000000000000000                  0.51648968458175659180                  1.67101037502288818359
                394.82997131347656250000                  2.06250000000000000000                  0.42282593250274658203                  1.63967406749725341797
                410.82997131347656250000                  1.50000000000000000000                 -0.11049507558345794678                  1.61049509048461914062
                426.82997131347656250000                  1.62500000000000000000                  0.04034618288278579712                  1.58465385437011718750
                442.82997131347656250000                  1.31250000000000000000                 -0.25048562884330749512                  1.56298565864562988281
                458.82997131347656250000                  1.87500000000000000000                  0.32901799678802490234                  1.54598200321197509766
                474.82997131347656250000                  1.37500000000000000000                 -0.15881748497486114502                  1.53381752967834472656
