1.60669269014549
1.68079415357877
1.74732547362895
1.80158628184758
1.83983623385136
1.85976071083967
1.86080488029706
1.84432009369681
1.81348750045287
1.77301203294982
1.72861179828778
1.68635864962776
1.65195032032972
1.63000862918616
1.62349898967335
1.63335292173898
1.65834894529581
1.69527179969831
1.73933070088715
1.78478041348218
1.82566011342519
1.85654890592343
1.87323592729991
1.87321717987464
1.85595812956937
1.82289612826476
1.77719420399642
1.72329180144107
1.66632358103428
1.6114909636453
1.5634714335589
1.52593859695244
1.50124445783121
1.4902884306007
1.49256986264239
1.50639657200626
1.52920438715168
1.55793373299101
1.58940918069771
