30.9695681772869
31.1733712320457
31.3092194911637
31.3713504314448
31.3624510942428
31.2938286687489
31.1844607325907
31.0589684034615
30.9447178001008
30.8683980691835
30.8525232750616
30.9123418075422
31.0536010477133
31.2715087053319
31.5510691205972
31.8687765591971
32.1954482620714
32.4998095248573
32.7523294441585
32.9287685731953
33.0129456611891
32.9983530943676
32.888429764342
32.6955062518323
32.4386362107847
32.1406869476765
31.8251560816052
31.5131964137775
31.221268424856
30.9597134598641
30.7323754544766
30.5372252752556
30.3677892712351
30.2150764849171
30.0696513082911
29.9235126862171
29.7715086660166
29.6121191228927
29.4475583534775
