-13.0320681772869
1.70162876795428
1.06578050883627
2.00364956855521
0.387548905757203
1.70617133125106
0.440539267409278
-0.996468403461503
1.11778219989922
-2.49339806918353
-0.540023275061642
0.21265819245783
1.82139895228673
-1.7090087053319
-0.363569120597163
-0.868776559197119
-0.69544826207143
-0.124809524857312
-2.12732944415849
-0.616268573195264
66.9870543388109
78.2516469056324
2.86157023565797
-1.69550625183232
-2.87613621078474
-1.82818694767654
-1.7001560816052
0.111803586222461
-1.22126842485604
2.35278654013594
0.455124545523432
0.0252747247443921
-0.555289271235118
-2.09007648491711
1.74284869170886
0.638987313782913
-1.70900866601662
2.45038087710731
-4.88505835347752
