1.50215863930144
1.60477692243374
1.70895112750793
1.80826453283198
1.8963022509613
1.96726397090065
2.01655997657208
2.04131546191173
2.04071398676799
2.01612762026837
1.97100715815075
1.91053727657812
1.84109384369362
1.76956864865266
1.70264582389027
1.6461209330342
1.60434684603511
1.57987123703466
1.57330208323906
1.58340471442913
1.60740218395797
1.64142502783654
1.68104057032625
1.72178763015268
1.75964947268762
1.79141393849348
1.81489133350014
1.82898381734668
1.83362084827653
1.82959081373937
1.81830767748645
1.80155308765202
1.78122991237961
1.75915442748849
1.73690355944373
1.71572277546102
1.69649105704298
1.67973290398854
1.66566383460651
