-0.502158639301436
0.582723077566256
0.103548872492067
-0.24576453283198
-0.271302250961304
0.220236029099348
-0.266559976572079
-0.103815461911732
0.271786013232009
-0.0786276202683687
-0.0960071581507462
0.33946272342188
-0.153593843693624
-0.582068648652661
0.172354176109732
-0.2711209330342
0.145653153964894
0.170128762965336
0.239197916760936
-0.520904714429132
11.205097816042
13.0460749721635
0.256459429673751
-0.096787630152684
-0.384649472687616
0.271086061506521
-0.0648913335001371
-0.0164838173466757
-0.271120848276527
-0.0170908137393746
0.24419232251355
-0.239053087652022
-0.156229912379611
-0.134154427488492
0.200596440556271
0.221777224538984
-0.133991057042981
0.195267096011464
-0.103163834606513
