               -133.17002868652343750000                  1.00000000000000000000                 -0.50215864181518554688                  1.50215864181518554688
               -117.17002868652343750000                  2.18750000000000000000                  0.58272308111190795898                  1.60477697849273681641
               -101.17002868652343750000                  1.81250000000000000000                  0.10354886949062347412                  1.70895111560821533203
                -85.17002868652343750000                  1.56250000000000000000                 -0.24576453864574432373                  1.80826449394226074219
                -69.17002868652343750000                  1.62500000000000000000                 -0.27130225300788879395                  1.89630222320556640625
                -53.17002868652343750000                  2.18750000000000000000                  0.22023603320121765137                  1.96726393699645996094
                -37.17002868652343750000                  1.75000000000000000000                 -0.26655998826026916504                  2.01656007766723632812
                -21.17002868652343750000                  1.93750000000000000000                 -0.10381545871496200562                  2.04131555557250976562
                 -5.17002868652343750000                  2.31250000000000000000                  0.27178600430488586426                  2.04071402549743652344
                 10.82997131347656250000                  1.93750000000000000000                 -0.07862762361764907837                  2.01612758636474609375
                 26.82997131347656250000                  1.87500000000000000000                 -0.09600716084241867065                  1.97100710868835449219
                 42.82997131347656250000                  2.25000000000000000000                  0.33946272730827331543                  1.91053724288940429688
                 58.82997131347656250000                  1.68750000000000000000                 -0.15359383821487426758                  1.84109389781951904297
                 74.82997131347656250000                  1.18750000000000000000                 -0.58206862211227416992                  1.76956868171691894531
                 90.82997131347656250000                  1.87500000000000000000                  0.17235417664051055908                  1.70264577865600585938
                106.82997131347656250000                  1.37500000000000000000                 -0.27112093567848205566                  1.64612090587615966797
                122.82997131347656250000                  1.75000000000000000000                  0.14565315842628479004                  1.60434687137603759766
                138.82997131347656250000                  1.75000000000000000000                  0.17012876272201538086                  1.57987117767333984375
                154.82997131347656250000                  1.81250000000000000000                  0.23919790983200073242                  1.57330203056335449219
                170.82997131347656250000                  1.06250000000000000000                 -0.52090471982955932617                  1.58340466022491455078
                186.82997131347656250000                 12.81250000000000000000                 11.20509815216064453125                  1.60740220546722412109
                202.82997131347656250000                 14.68750000000000000000                 13.04607486724853515625                  1.64142501354217529297
                218.82997131347656250000                  1.93750000000000000000                  0.25645941495895385742                  1.68104052543640136719
                234.82997131347656250000                  1.62500000000000000000                 -0.09678763151168823242                  1.72178757190704345703
                250.82997131347656250000                  1.37500000000000000000                 -0.38464948534965515137                  1.75964951515197753906
                266.82997131347656250000                  2.06250000000000000000                  0.27108606696128845215                  1.79141390323638916016
                282.82997131347656250000                  1.75000000000000000000                 -0.06489133089780807495                  1.81489133834838867188
                298.82997131347656250000                  1.81250000000000000000                 -0.01648381724953651428                  1.82898378372192382812
                314.82997131347656250000                  1.56250000000000000000                 -0.27112084627151489258                  1.83362090587615966797
                330.82997131347656250000                  1.81250000000000000000                 -0.01709081418812274933                  1.82959079742431640625
                346.82997131347656250000                  2.06250000000000000000                  0.24419231712818145752                  1.81830763816833496094
                362.82997131347656250000                  1.56250000000000000000                 -0.23905308544635772705                  1.80155313014984130859
                378.82997131347656250000                  1.62500000000000000000                 -0.15622991323471069336                  1.78122985363006591797
                394.82997131347656250000                  1.62500000000000000000                 -0.13415442407131195068                  1.75915443897247314453
                410.82997131347656250000                  1.93750000000000000000                  0.20059643685817718506                  1.73690354824066162109
                426.82997131347656250000                  1.93750000000000000000                  0.22177723050117492676                  1.71572279930114746094
                442.82997131347656250000                  1.56250000000000000000                 -0.13399106264114379883                  1.69649100303649902344
                458.82997131347656250000                  1.87500000000000000000                  0.19526709616184234619                  1.67973291873931884766
                474.82997131347656250000                  1.56250000000000000000                 -0.10316383093595504761                  1.66566383838653564453
