1.33565393309268
1.33433871600989
1.32819326314502
1.31708300479303
1.30125943193399
1.28137465026325
1.25845756180535
1.2338522572663
1.20912385057916
1.18594102109475
1.16594731994623
1.15063441292514
1.14122972034652
1.13860853546615
1.14323710439738
1.15514898339755
1.17395298404896
1.19886783923741
1.22877684236218
1.26229530853303
1.29784463696252
1.33372859103396
1.36820954674787
1.39958424464457
1.42625948814333
1.44682798735716
1.46014320166273
1.46538995681941
1.46214540941557
1.45042329907654
1.43069398010139
1.40387383013316
1.37128031928377
1.33455294475713
1.29554474431736
1.25619337935863
1.21838401498961
1.18381779207008
1.15389926870014
