               -133.17002868652343750000                  2.31250000000000000000                 -3.11108851432800292969                  5.42358875274658203125
               -117.17002868652343750000                  5.00000000000000000000                 -0.42017394304275512695                  5.42017412185668945312
               -101.17002868652343750000                  6.62500000000000000000                  1.20737826824188232422                  5.41762161254882812500
                -85.17002868652343750000                  5.06250000000000000000                 -0.35350239276885986328                  5.41600227355957031250
                -69.17002868652343750000                  5.50000000000000000000                  0.08481652289628982544                  5.41518354415893554688
                -53.17002868652343750000                  4.25000000000000000000                 -1.16483855247497558594                  5.41483879089355468750
                -37.17002868652343750000                  5.18750000000000000000                 -0.22698688507080078125                  5.41448688507080078125
                -21.17002868652343750000                  6.06250000000000000000                  0.64894121885299682617                  5.41355895996093750000
                 -5.17002868652343750000                  6.62500000000000000000                  1.21352005004882812500                  5.41147994995117187500
                 10.82997131347656250000                  3.87500000000000000000                 -1.53276348114013671875                  5.40776348114013671875
                 26.82997131347656250000                  5.93750000000000000000                  0.53540259599685668945                  5.40209722518920898438
                 42.82997131347656250000                  5.75000000000000000000                  0.35558375716209411621                  5.39441633224487304688
                 58.82997131347656250000                  5.06250000000000000000                 -0.32244518399238586426                  5.38494539260864257812
                 74.82997131347656250000                  5.12500000000000000000                 -0.24921107292175292969                  5.37421131134033203125
                 90.82997131347656250000                  5.56250000000000000000                  0.19948391616344451904                  5.36301612854003906250
                106.82997131347656250000                  5.43750000000000000000                  0.08512458950281143188                  5.35237550735473632812
                122.82997131347656250000                  4.87500000000000000000                 -0.46842408180236816406                  5.34342384338378906250
                138.82997131347656250000                  4.87500000000000000000                 -0.46230110526084899902                  5.33730125427246093750
                154.82997131347656250000                  5.25000000000000000000                 -0.08502192050218582153                  5.33502197265625000000
                170.82997131347656250000                  6.31250000000000000000                  0.97514843940734863281                  5.33735132217407226562
                186.82997131347656250000                 84.81250000000000000000                 79.46781158447265625000                  5.34469175338745117188
                202.82997131347656250000                112.93750000000000000000                107.58046722412109375000                  5.35703039169311523438
                218.82997131347656250000                 14.75000000000000000000                  9.37629032135009765625                  5.37370967864990234375
                234.82997131347656250000                  5.93750000000000000000                  0.54370993375778198242                  5.39379024505615234375
                250.82997131347656250000                  4.56250000000000000000                 -0.85322922468185424805                  5.41572904586791992188
                266.82997131347656250000                  5.37500000000000000000                 -0.06266433000564575195                  5.43766450881958007812
                282.82997131347656250000                  5.31250000000000000000                 -0.14501713216304779053                  5.45751714706420898438
                298.82997131347656250000                  5.43750000000000000000                 -0.03567004576325416565                  5.47317028045654296875
                314.82997131347656250000                  6.06250000000000000000                  0.57984042167663574219                  5.48265981674194335938
                330.82997131347656250000                  5.18750000000000000000                 -0.29686775803565979004                  5.48436784744262695312
                346.82997131347656250000                  6.25000000000000000000                  0.77280944585800170898                  5.47719049453735351562
                362.82997131347656250000                  5.81250000000000000000                  0.35183635354042053223                  5.46066379547119140625
                378.82997131347656250000                  6.43750000000000000000                  1.00247001647949218750                  5.43502998352050781250
                394.82997131347656250000                  5.06250000000000000000                 -0.33873978257179260254                  5.40123987197875976562
                410.82997131347656250000                  5.06250000000000000000                 -0.29838079214096069336                  5.36088085174560546875
                426.82997131347656250000                  6.00000000000000000000                  0.68395262956619262695                  5.31604719161987304688
                442.82997131347656250000                  4.93750000000000000000                 -0.33166107535362243652                  5.26916122436523437500
                458.82997131347656250000                  5.50000000000000000000                  0.27723619341850280762                  5.22276401519775390625
                474.82997131347656250000                  3.75000000000000000000                 -1.42930614948272705078                  5.17930603027343750000
