      -309.17003       0.0000000
      -293.17003       0.0000000
      -277.17003       0.0000000
      -261.17003       0.0000000
      -245.17003       0.0000000
      -229.17003       0.0000000
      -213.17003       0.0000000
      -197.17003       0.0000000
      -181.17003       0.0000000
      -165.17003       0.0000000
      -149.17003       0.0000000
      -133.17003       4.4375000
      -117.17003       10.375000
      -101.17003       9.7500000
      -85.170029       9.8750000
      -69.170029       9.5625000
      -53.170029       10.062500
      -37.170029       9.9375000
      -21.170029       9.5000000
      -5.1700287       12.937500
       10.829971       10.187500
       26.829971       10.562500
       42.829971       8.9375000
       58.829971       8.6250000
       74.829971       9.5000000
       90.829971       9.5000000
       106.82997       8.5000000
       122.82997       9.1250000
       138.82997       10.187500
       154.82997       9.0000000
       170.82997       10.750000
       186.82997       75.250000
       202.82997       108.93750
       218.82997       22.562500
       234.82997       9.8125000
       250.82997       9.5000000
       266.82997       9.5000000
       282.82997       9.1875000
       298.82997       9.6250000
       314.82997       11.062500
       330.82997       8.6875000
       346.82997       10.750000
       362.82997       10.375000
       378.82997       9.0625000
       394.82997       9.4375000
       410.82997       9.6875000
       426.82997       9.9375000
       442.82997       9.2500000
       458.82997       9.3125000
       474.82997       7.2500000
       490.82997       0.0000000
       506.82997       0.0000000
       522.82997       0.0000000
       538.82997       0.0000000
       554.82997       0.0000000
       570.82997       0.0000000
       586.82997       0.0000000
       602.82997       0.0000000
       618.82997       0.0000000
       634.82997       0.0000000
       650.82997       0.0000000
       666.82997       0.0000000
       682.82997       0.0000000
       691.45000       0.0000000
