      -309.17003       0.0000000
      -293.17003       0.0000000
      -277.17003       0.0000000
      -261.17003       0.0000000
      -245.17003       0.0000000
      -229.17003       0.0000000
      -213.17003       0.0000000
      -197.17003       0.0000000
      -181.17003       0.0000000
      -165.17003       0.0000000
      -149.17003       0.0000000
      -133.17003       2.1875000
      -117.17003       3.8125000
      -101.17003       5.1875000
      -85.170029       3.2500000
      -69.170029       4.1875000
      -53.170029       4.3750000
      -37.170029       3.5625000
      -21.170029       3.2500000
      -5.1700287       3.1250000
       10.829971       3.2500000
       26.829971       3.6250000
       42.829971       3.5625000
       58.829971       4.0000000
       74.829971       3.8750000
       90.829971       3.0625000
       106.82997       3.1250000
       122.82997       4.0000000
       138.82997       4.2500000
       154.82997       4.9375000
       170.82997       4.1875000
       186.82997       18.187500
       202.82997       21.562500
       218.82997       7.3125000
       234.82997       4.6875000
       250.82997       3.3750000
       266.82997       3.5000000
       282.82997       3.8750000
       298.82997       4.0625000
       314.82997       4.2500000
       330.82997       3.8750000
       346.82997       4.1875000
       362.82997       3.8750000
       378.82997       4.8125000
       394.82997       3.5625000
       410.82997       4.1875000
       426.82997       3.8750000
       442.82997       4.4375000
       458.82997       4.3125000
       474.82997       2.5000000
       490.82997       0.0000000
       506.82997       0.0000000
       522.82997       0.0000000
       538.82997       0.0000000
       554.82997       0.0000000
       570.82997       0.0000000
       586.82997       0.0000000
       602.82997       0.0000000
       618.82997       0.0000000
       634.82997       0.0000000
       650.82997       0.0000000
       666.82997       0.0000000
       682.82997       0.0000000
       691.45000       0.0000000
