      -309.17003       0.0000000
      -293.17003       0.0000000
      -277.17003       0.0000000
      -261.17003       0.0000000
      -245.17003       0.0000000
      -229.17003       0.0000000
      -213.17003       0.0000000
      -197.17003       0.0000000
      -181.17003       0.0000000
      -165.17003       0.0000000
      -149.17003       0.0000000
      -133.17003       6.4375000
      -117.17003       13.375000
      -101.17003       10.437500
      -85.170029       12.562500
      -69.170029       11.250000
      -53.170029       12.250000
      -37.170029       13.375000
      -21.170029       12.625000
      -5.1700287       14.187500
       10.829971       11.687500
       26.829971       11.062500
       42.829971       11.937500
       58.829971       10.562500
       74.829971       14.562500
       90.829971       11.437500
       106.82997       13.875000
       122.82997       12.937500
       138.82997       12.687500
       154.82997       14.312500
       170.82997       14.937500
       186.82997       44.687500
       202.82997       58.062500
       218.82997       22.687500
       234.82997       17.062500
       250.82997       13.937500
       266.82997       15.187500
       282.82997       15.312500
       298.82997       14.437500
       314.82997       16.000000
       330.82997       14.875000
       346.82997       12.062500
       362.82997       12.125000
       378.82997       14.187500
       394.82997       15.250000
       410.82997       13.250000
       426.82997       13.187500
       442.82997       12.562500
       458.82997       12.125000
       474.82997       9.8125000
       490.82997       0.0000000
       506.82997       0.0000000
       522.82997       0.0000000
       538.82997       0.0000000
       554.82997       0.0000000
       570.82997       0.0000000
       586.82997       0.0000000
       602.82997       0.0000000
       618.82997       0.0000000
       634.82997       0.0000000
       650.82997       0.0000000
       666.82997       0.0000000
       682.82997       0.0000000
       691.45000       0.0000000
