      -309.17003       0.0000000
      -293.17003       0.0000000
      -277.17003       0.0000000
      -261.17003       0.0000000
      -245.17003       0.0000000
      -229.17003       0.0000000
      -213.17003       0.0000000
      -197.17003       0.0000000
      -181.17003       0.0000000
      -165.17003       0.0000000
      -149.17003       0.0000000
      -133.17003       6.1875000
      -117.17003       10.812500
      -101.17003       8.8750000
      -85.170029       10.750000
      -69.170029       11.062500
      -53.170029       8.5000000
      -37.170029       8.8750000
      -21.170029       11.187500
      -5.1700287       13.375000
       10.829971       9.4375000
       26.829971       11.375000
       42.829971       10.250000
       58.829971       10.937500
       74.829971       10.437500
       90.829971       10.250000
       106.82997       10.750000
       122.82997       9.8750000
       138.82997       10.875000
       154.82997       9.8125000
       170.82997       9.5000000
       186.82997       93.812500
       202.82997       137.56250
       218.82997       23.562500
       234.82997       13.625000
       250.82997       11.062500
       266.82997       9.5625000
       282.82997       10.062500
       298.82997       10.062500
       314.82997       12.062500
       330.82997       12.000000
       346.82997       11.062500
       362.82997       9.8750000
       378.82997       11.375000
       394.82997       11.812500
       410.82997       10.625000
       426.82997       9.8125000
       442.82997       10.750000
       458.82997       8.8750000
       474.82997       8.5625000
       490.82997       0.0000000
       506.82997       0.0000000
       522.82997       0.0000000
       538.82997       0.0000000
       554.82997       0.0000000
       570.82997       0.0000000
       586.82997       0.0000000
       602.82997       0.0000000
       618.82997       0.0000000
       634.82997       0.0000000
       650.82997       0.0000000
       666.82997       0.0000000
       682.82997       0.0000000
       691.45000       0.0000000
