      -309.17003       0.0000000
      -293.17003       0.0000000
      -277.17003       0.0000000
      -261.17003       0.0000000
      -245.17003       0.0000000
      -229.17003       0.0000000
      -213.17003       0.0000000
      -197.17003       0.0000000
      -181.17003       0.0000000
      -165.17003       0.0000000
      -149.17003       0.0000000
      -133.17003       17.562500
      -117.17003       29.250000
      -101.17003       28.312500
      -85.170029       27.187500
      -69.170029       28.875000
      -53.170029       27.250000
      -37.170029       31.875000
      -21.170029       25.812500
      -5.1700287       33.937500
       10.829971       30.562500
       26.829971       26.125000
       42.829971       28.812500
       58.829971       27.312500
       74.829971       30.062500
       90.829971       28.000000
       106.82997       28.625000
       122.82997       27.375000
       138.82997       26.312500
       154.82997       30.812500
       170.82997       27.437500
       186.82997       114.25000
       202.82997       175.00000
       218.82997       48.875000
       234.82997       30.062500
       250.82997       26.687500
       266.82997       25.437500
       282.82997       25.312500
       298.82997       25.312500
       314.82997       24.437500
       330.82997       26.187500
       346.82997       28.062500
       362.82997       27.562500
       378.82997       27.062500
       394.82997       25.812500
       410.82997       25.000000
       426.82997       22.875000
       442.82997       21.937500
       458.82997       24.750000
       474.82997       20.187500
       490.82997       0.0000000
       506.82997       0.0000000
       522.82997       0.0000000
       538.82997       0.0000000
       554.82997       0.0000000
       570.82997       0.0000000
       586.82997       0.0000000
       602.82997       0.0000000
       618.82997       0.0000000
       634.82997       0.0000000
       650.82997       0.0000000
       666.82997       0.0000000
       682.82997       0.0000000
       691.45000       0.0000000
