      -309.17003       0.0000000
      -293.17003       0.0000000
      -277.17003       0.0000000
      -261.17003       0.0000000
      -245.17003       0.0000000
      -229.17003       0.0000000
      -213.17003       0.0000000
      -197.17003       0.0000000
      -181.17003       0.0000000
      -165.17003       0.0000000
      -149.17003       0.0000000
      -133.17003       14.937500
      -117.17003       26.062500
      -101.17003       25.937500
      -85.170029       26.500000
      -69.170029       24.375000
      -53.170029       24.437500
      -37.170029       24.875000
      -21.170029       26.187500
      -5.1700287       30.375000
       10.829971       25.687500
       26.829971       25.187500
       42.829971       24.937500
       58.829971       24.687500
       74.829971       26.375000
       90.829971       25.875000
       106.82997       26.562500
       122.82997       25.062500
       138.82997       28.125000
       154.82997       26.562500
       170.82997       24.562500
       186.82997       107.18750
       202.82997       158.31250
       218.82997       43.812500
       234.82997       27.562500
       250.82997       24.562500
       266.82997       24.250000
       282.82997       24.937500
       298.82997       23.937500
       314.82997       22.125000
       330.82997       22.375000
       346.82997       25.250000
       362.82997       26.500000
       378.82997       24.937500
       394.82997       22.687500
       410.82997       22.625000
       426.82997       22.437500
       442.82997       21.312500
       458.82997       22.312500
       474.82997       17.375000
       490.82997       0.0000000
       506.82997       0.0000000
       522.82997       0.0000000
       538.82997       0.0000000
       554.82997       0.0000000
       570.82997       0.0000000
       586.82997       0.0000000
       602.82997       0.0000000
       618.82997       0.0000000
       634.82997       0.0000000
       650.82997       0.0000000
       666.82997       0.0000000
       682.82997       0.0000000
       691.45000       0.0000000
