      -309.17003       0.0000000
      -293.17003       0.0000000
      -277.17003       0.0000000
      -261.17003       0.0000000
      -245.17003       0.0000000
      -229.17003       0.0000000
      -213.17003       0.0000000
      -197.17003       0.0000000
      -181.17003       0.0000000
      -165.17003       0.0000000
      -149.17003       0.0000000
      -133.17003       15.062500
      -117.17003       23.062500
      -101.17003       25.875000
      -85.170029       28.500000
      -69.170029       24.250000
      -53.170029       27.437500
      -37.170029       26.687500
      -21.170029       26.125000
      -5.1700287       30.625000
       10.829971       25.687500
       26.829971       27.250000
       42.829971       25.437500
       58.829971       26.750000
       74.829971       27.937500
       90.829971       25.000000
       106.82997       26.062500
       122.82997       25.437500
       138.82997       27.312500
       154.82997       30.875000
       170.82997       27.562500
       186.82997       87.750000
       202.82997       125.87500
       218.82997       46.125000
       234.82997       28.750000
       250.82997       27.125000
       266.82997       26.562500
       282.82997       24.500000
       298.82997       29.437500
       314.82997       27.937500
       330.82997       27.625000
       346.82997       28.437500
       362.82997       25.750000
       378.82997       26.125000
       394.82997       24.750000
       410.82997       25.875000
       426.82997       22.937500
       442.82997       23.000000
       458.82997       23.312500
       474.82997       20.187500
       490.82997       0.0000000
       506.82997       0.0000000
       522.82997       0.0000000
       538.82997       0.0000000
       554.82997       0.0000000
       570.82997       0.0000000
       586.82997       0.0000000
       602.82997       0.0000000
       618.82997       0.0000000
       634.82997       0.0000000
       650.82997       0.0000000
       666.82997       0.0000000
       682.82997       0.0000000
       691.45000       0.0000000
