      -309.17003       0.0000000
      -293.17003       0.0000000
      -277.17003       0.0000000
      -261.17003       0.0000000
      -245.17003       0.0000000
      -229.17003       0.0000000
      -213.17003       0.0000000
      -197.17003       0.0000000
      -181.17003       0.0000000
      -165.17003       0.0000000
      -149.17003       0.0000000
      -133.17003       14.062500
      -117.17003       24.250000
      -101.17003       25.250000
      -85.170029       25.000000
      -69.170029       23.937500
      -53.170029       24.375000
      -37.170029       22.250000
      -21.170029       24.500000
      -5.1700287       27.250000
       10.829971       24.000000
       26.829971       26.312500
       42.829971       22.062500
       58.829971       25.187500
       74.829971       25.062500
       90.829971       22.687500
       106.82997       23.875000
       122.82997       24.250000
       138.82997       22.312500
       154.82997       26.187500
       170.82997       25.125000
       186.82997       102.25000
       202.82997       146.12500
       218.82997       43.500000
       234.82997       27.812500
       250.82997       23.687500
       266.82997       22.125000
       282.82997       21.750000
       298.82997       20.187500
       314.82997       22.875000
       330.82997       21.687500
       346.82997       24.250000
       362.82997       20.250000
       378.82997       22.250000
       394.82997       23.500000
       410.82997       21.562500
       426.82997       19.625000
       442.82997       20.750000
       458.82997       19.375000
       474.82997       16.500000
       490.82997       0.0000000
       506.82997       0.0000000
       522.82997       0.0000000
       538.82997       0.0000000
       554.82997       0.0000000
       570.82997       0.0000000
       586.82997       0.0000000
       602.82997       0.0000000
       618.82997       0.0000000
       634.82997       0.0000000
       650.82997       0.0000000
       666.82997       0.0000000
       682.82997       0.0000000
       691.45000       0.0000000
