      -309.17003       0.0000000
      -293.17003       0.0000000
      -277.17003       0.0000000
      -261.17003       0.0000000
      -245.17003       0.0000000
      -229.17003       0.0000000
      -213.17003       0.0000000
      -197.17003       0.0000000
      -181.17003       0.0000000
      -165.17003       0.0000000
      -149.17003       0.0000000
      -133.17003       5.5625000
      -117.17003       11.000000
      -101.17003       9.0000000
      -85.170029       8.0000000
      -69.170029       10.000000
      -53.170029       9.5000000
      -37.170029       9.0000000
      -21.170029       8.8750000
      -5.1700287       10.375000
       10.829971       10.500000
       26.829971       11.187500
       42.829971       10.937500
       58.829971       10.250000
       74.829971       9.5000000
       90.829971       11.125000
       106.82997       10.375000
       122.82997       9.3750000
       138.82997       9.0625000
       154.82997       10.875000
       170.82997       10.250000
       186.82997       74.250000
       202.82997       113.37500
       218.82997       21.437500
       234.82997       11.250000
       250.82997       10.625000
       266.82997       10.250000
       282.82997       9.3125000
       298.82997       8.5625000
       314.82997       9.6875000
       330.82997       10.250000
       346.82997       10.125000
       362.82997       10.500000
       378.82997       10.062500
       394.82997       9.4375000
       410.82997       9.5625000
       426.82997       8.4375000
       442.82997       7.3750000
       458.82997       8.4375000
       474.82997       7.4375000
       490.82997       0.0000000
       506.82997       0.0000000
       522.82997       0.0000000
       538.82997       0.0000000
       554.82997       0.0000000
       570.82997       0.0000000
       586.82997       0.0000000
       602.82997       0.0000000
       618.82997       0.0000000
       634.82997       0.0000000
       650.82997       0.0000000
       666.82997       0.0000000
       682.82997       0.0000000
       691.45000       0.0000000
