      -309.17003       0.0000000
      -293.17003       0.0000000
      -277.17003       0.0000000
      -261.17003       0.0000000
      -245.17003       0.0000000
      -229.17003       0.0000000
      -213.17003       0.0000000
      -197.17003       0.0000000
      -181.17003       0.0000000
      -165.17003       0.0000000
      -149.17003       0.0000000
      -133.17003       4.2500000
      -117.17003       6.1250000
      -101.17003       7.3125000
      -85.170029       7.2500000
      -69.170029       6.7500000
      -53.170029       7.8750000
      -37.170029       5.0625000
      -21.170029       6.7500000
      -5.1700287       8.1250000
       10.829971       6.4375000
       26.829971       6.7500000
       42.829971       7.4375000
       58.829971       6.6875000
       74.829971       6.5000000
       90.829971       7.4375000
       106.82997       7.5625000
       122.82997       8.7500000
       138.82997       6.1250000
       154.82997       7.2500000
       170.82997       6.5625000
       186.82997       91.125000
       202.82997       122.18750
       218.82997       17.562500
       234.82997       7.5625000
       250.82997       8.2500000
       266.82997       7.1875000
       282.82997       6.0000000
       298.82997       7.6250000
       314.82997       7.5625000
       330.82997       7.1875000
       346.82997       6.7500000
       362.82997       7.5000000
       378.82997       6.2500000
       394.82997       7.1875000
       410.82997       7.1250000
       426.82997       6.2500000
       442.82997       6.1250000
       458.82997       6.3750000
       474.82997       5.1875000
       490.82997       0.0000000
       506.82997       0.0000000
       522.82997       0.0000000
       538.82997       0.0000000
       554.82997       0.0000000
       570.82997       0.0000000
       586.82997       0.0000000
       602.82997       0.0000000
       618.82997       0.0000000
       634.82997       0.0000000
       650.82997       0.0000000
       666.82997       0.0000000
       682.82997       0.0000000
       691.45000       0.0000000
