      -309.17003       0.0000000
      -293.17003       0.0000000
      -277.17003       0.0000000
      -261.17003       0.0000000
      -245.17003       0.0000000
      -229.17003       0.0000000
      -213.17003       0.0000000
      -197.17003       0.0000000
      -181.17003       0.0000000
      -165.17003       0.0000000
      -149.17003       0.0000000
      -133.17003       13.500000
      -117.17003       27.250000
      -101.17003       22.937500
      -85.170029       24.937500
      -69.170029       25.812500
      -53.170029       28.312500
      -37.170029       25.812500
      -21.170029       25.937500
      -5.1700287       29.000000
       10.829971       25.375000
       26.829971       26.812500
       42.829971       27.187500
       58.829971       26.812500
       74.829971       27.687500
       90.829971       26.625000
       106.82997       26.187500
       122.82997       26.812500
       138.82997       27.312500
       154.82997       28.375000
       170.82997       26.500000
       186.82997       89.500000
       202.82997       124.31250
       218.82997       45.812500
       234.82997       31.187500
       250.82997       29.562500
       266.82997       30.187500
       282.82997       27.250000
       298.82997       25.500000
       314.82997       26.937500
       330.82997       26.500000
       346.82997       26.375000
       362.82997       25.687500
       378.82997       26.750000
       394.82997       25.500000
       410.82997       24.687500
       426.82997       25.437500
       442.82997       24.062500
       458.82997       24.312500
       474.82997       17.812500
       490.82997       0.0000000
       506.82997       0.0000000
       522.82997       0.0000000
       538.82997       0.0000000
       554.82997       0.0000000
       570.82997       0.0000000
       586.82997       0.0000000
       602.82997       0.0000000
       618.82997       0.0000000
       634.82997       0.0000000
       650.82997       0.0000000
       666.82997       0.0000000
       682.82997       0.0000000
       691.45000       0.0000000
