      -309.17003       0.0000000
      -293.17003       0.0000000
      -277.17003       0.0000000
      -261.17003       0.0000000
      -245.17003       0.0000000
      -229.17003       0.0000000
      -213.17003       0.0000000
      -197.17003       0.0000000
      -181.17003       0.0000000
      -165.17003       0.0000000
      -149.17003       0.0000000
      -133.17003       14.750000
      -117.17003       26.500000
      -101.17003       25.875000
      -85.170029       25.875000
      -69.170029       25.000000
      -53.170029       23.500000
      -37.170029       28.812500
      -21.170029       25.562500
      -5.1700287       29.062500
       10.829971       24.312500
       26.829971       24.312500
       42.829971       24.312500
       58.829971       21.750000
       74.829971       25.375000
       90.829971       26.937500
       106.82997       25.625000
       122.82997       24.250000
       138.82997       26.437500
       154.82997       25.625000
       170.82997       25.125000
       186.82997       104.00000
       202.82997       157.93750
       218.82997       46.312500
       234.82997       29.687500
       250.82997       25.812500
       266.82997       21.562500
       282.82997       25.312500
       298.82997       23.625000
       314.82997       26.062500
       330.82997       22.500000
       346.82997       24.187500
       362.82997       22.437500
       378.82997       21.312500
       394.82997       21.875000
       410.82997       21.875000
       426.82997       19.500000
       442.82997       21.250000
       458.82997       21.375000
       474.82997       17.500000
       490.82997       0.0000000
       506.82997       0.0000000
       522.82997       0.0000000
       538.82997       0.0000000
       554.82997       0.0000000
       570.82997       0.0000000
       586.82997       0.0000000
       602.82997       0.0000000
       618.82997       0.0000000
       634.82997       0.0000000
       650.82997       0.0000000
       666.82997       0.0000000
       682.82997       0.0000000
       691.45000       0.0000000
