      -309.17003       0.0000000
      -293.17003       0.0000000
      -277.17003       0.0000000
      -261.17003       0.0000000
      -245.17003       0.0000000
      -229.17003       0.0000000
      -213.17003       0.0000000
      -197.17003       0.0000000
      -181.17003       0.0000000
      -165.17003       0.0000000
      -149.17003       0.0000000
      -133.17003       6.0625000
      -117.17003       8.0625000
      -101.17003       10.437500
      -85.170029       9.8125000
      -69.170029       9.6250000
      -53.170029       9.1250000
      -37.170029       9.2500000
      -21.170029       9.1875000
      -5.1700287       12.375000
       10.829971       10.125000
       26.829971       9.9375000
       42.829971       11.375000
       58.829971       9.8125000
       74.829971       9.5625000
       90.829971       9.9375000
       106.82997       9.9375000
       122.82997       9.9375000
       138.82997       9.3125000
       154.82997       9.5625000
       170.82997       10.062500
       186.82997       84.812500
       202.82997       119.75000
       218.82997       21.625000
       234.82997       9.7500000
       250.82997       10.000000
       266.82997       8.7500000
       282.82997       9.3125000
       298.82997       9.9375000
       314.82997       9.1250000
       330.82997       11.125000
       346.82997       10.687500
       362.82997       9.5000000
       378.82997       8.8125000
       394.82997       10.062500
       410.82997       9.1875000
       426.82997       8.1875000
       442.82997       8.5000000
       458.82997       8.5000000
       474.82997       8.0625000
       490.82997       0.0000000
       506.82997       0.0000000
       522.82997       0.0000000
       538.82997       0.0000000
       554.82997       0.0000000
       570.82997       0.0000000
       586.82997       0.0000000
       602.82997       0.0000000
       618.82997       0.0000000
       634.82997       0.0000000
       650.82997       0.0000000
       666.82997       0.0000000
       682.82997       0.0000000
       691.45000       0.0000000
