      -309.17003       0.0000000
      -293.17003       0.0000000
      -277.17003       0.0000000
      -261.17003       0.0000000
      -245.17003       0.0000000
      -229.17003       0.0000000
      -213.17003       0.0000000
      -197.17003       0.0000000
      -181.17003       0.0000000
      -165.17003       0.0000000
      -149.17003       0.0000000
      -133.17003       4.9375000
      -117.17003       7.8750000
      -101.17003       9.4375000
      -85.170029       7.6250000
      -69.170029       8.3125000
      -53.170029       9.1250000
      -37.170029       7.9375000
      -21.170029       8.0000000
      -5.1700287       10.562500
       10.829971       8.3125000
       26.829971       8.5000000
       42.829971       9.3125000
       58.829971       8.0000000
       74.829971       8.4375000
       90.829971       8.3125000
       106.82997       7.7500000
       122.82997       8.3750000
       138.82997       9.1250000
       154.82997       8.0000000
       170.82997       8.8125000
       186.82997       94.250000
       202.82997       129.12500
       218.82997       19.125000
       234.82997       9.5000000
       250.82997       9.6250000
       266.82997       7.6250000
       282.82997       8.8125000
       298.82997       8.9375000
       314.82997       7.8125000
       330.82997       9.5000000
       346.82997       8.8750000
       362.82997       8.3750000
       378.82997       9.2500000
       394.82997       8.1875000
       410.82997       8.1250000
       426.82997       7.4375000
       442.82997       7.8125000
       458.82997       8.5000000
       474.82997       6.3750000
       490.82997       0.0000000
       506.82997       0.0000000
       522.82997       0.0000000
       538.82997       0.0000000
       554.82997       0.0000000
       570.82997       0.0000000
       586.82997       0.0000000
       602.82997       0.0000000
       618.82997       0.0000000
       634.82997       0.0000000
       650.82997       0.0000000
       666.82997       0.0000000
       682.82997       0.0000000
       691.45000       0.0000000
