      -309.17003       0.0000000
      -293.17003       0.0000000
      -277.17003       0.0000000
      -261.17003       0.0000000
      -245.17003       0.0000000
      -229.17003       0.0000000
      -213.17003       0.0000000
      -197.17003       0.0000000
      -181.17003       0.0000000
      -165.17003       0.0000000
      -149.17003       0.0000000
      -133.17003       1.2500000
      -117.17003       2.1875000
      -101.17003       3.0000000
      -85.170029       2.3750000
      -69.170029       1.8750000
      -53.170029       2.3125000
      -37.170029       2.0625000
      -21.170029       1.3750000
      -5.1700287       2.2500000
       10.829971       2.1250000
       26.829971       1.7500000
       42.829971       1.5625000
       58.829971       2.0625000
       74.829971       1.6250000
       90.829971       2.0625000
       106.82997       2.1250000
       122.82997       1.8125000
       138.82997       1.6875000
       154.82997       2.7500000
       170.82997       1.9375000
       186.82997       18.750000
       202.82997       18.812500
       218.82997       2.8125000
       234.82997       2.3750000
       250.82997       1.9375000
       266.82997       2.1875000
       282.82997       2.2500000
       298.82997       1.9375000
       314.82997       1.8750000
       330.82997       2.3125000
       346.82997       1.8125000
       362.82997       1.7500000
       378.82997       1.8125000
       394.82997       2.1250000
       410.82997       1.6875000
       426.82997       2.0625000
       442.82997       2.1250000
       458.82997       1.8125000
       474.82997       1.8750000
       490.82997       0.0000000
       506.82997       0.0000000
       522.82997       0.0000000
       538.82997       0.0000000
       554.82997       0.0000000
       570.82997       0.0000000
       586.82997       0.0000000
       602.82997       0.0000000
       618.82997       0.0000000
       634.82997       0.0000000
       650.82997       0.0000000
       666.82997       0.0000000
       682.82997       0.0000000
       691.45000       0.0000000
