      -309.17003       0.0000000
      -293.17003       0.0000000
      -277.17003       0.0000000
      -261.17003       0.0000000
      -245.17003       0.0000000
      -229.17003       0.0000000
      -213.17003       0.0000000
      -197.17003       0.0000000
      -181.17003       0.0000000
      -165.17003       0.0000000
      -149.17003       0.0000000
      -133.17003       5.0000000
      -117.17003       8.0625000
      -101.17003       8.8750000
      -85.170029       10.562500
      -69.170029       9.5000000
      -53.170029       11.062500
      -37.170029       10.250000
      -21.170029       9.3125000
      -5.1700287       12.625000
       10.829971       11.250000
       26.829971       9.8750000
       42.829971       10.000000
       58.829971       9.5000000
       74.829971       10.562500
       90.829971       9.4375000
       106.82997       10.750000
       122.82997       10.562500
       138.82997       11.437500
       154.82997       9.1250000
       170.82997       11.187500
       186.82997       91.250000
       202.82997       128.93750
       218.82997       21.812500
       234.82997       12.562500
       250.82997       8.7500000
       266.82997       10.375000
       282.82997       10.125000
       298.82997       9.5625000
       314.82997       10.812500
       330.82997       10.750000
       346.82997       9.6250000
       362.82997       9.9375000
       378.82997       10.125000
       394.82997       7.9375000
       410.82997       8.5000000
       426.82997       8.2500000
       442.82997       7.6250000
       458.82997       8.5625000
       474.82997       8.1875000
       490.82997       0.0000000
       506.82997       0.0000000
       522.82997       0.0000000
       538.82997       0.0000000
       554.82997       0.0000000
       570.82997       0.0000000
       586.82997       0.0000000
       602.82997       0.0000000
       618.82997       0.0000000
       634.82997       0.0000000
       650.82997       0.0000000
       666.82997       0.0000000
       682.82997       0.0000000
       691.45000       0.0000000
