      -309.17003       0.0000000
      -293.17003       0.0000000
      -277.17003       0.0000000
      -261.17003       0.0000000
      -245.17003       0.0000000
      -229.17003       0.0000000
      -213.17003       0.0000000
      -197.17003       0.0000000
      -181.17003       0.0000000
      -165.17003       0.0000000
      -149.17003       0.0000000
      -133.17003       6.1875000
      -117.17003       11.937500
      -101.17003       11.750000
      -85.170029       11.812500
      -69.170029       12.000000
      -53.170029       11.437500
      -37.170029       12.562500
      -21.170029       12.750000
      -5.1700287       14.562500
       10.829971       12.687500
       26.829971       12.687500
       42.829971       12.250000
       58.829971       12.437500
       74.829971       11.687500
       90.829971       13.000000
       106.82997       11.750000
       122.82997       12.500000
       138.82997       13.062500
       154.82997       13.187500
       170.82997       11.250000
       186.82997       74.687500
       202.82997       112.06250
       218.82997       23.625000
       234.82997       14.062500
       250.82997       11.937500
       266.82997       12.312500
       282.82997       10.625000
       298.82997       11.312500
       314.82997       12.375000
       330.82997       12.687500
       346.82997       12.375000
       362.82997       11.250000
       378.82997       12.750000
       394.82997       11.687500
       410.82997       10.500000
       426.82997       11.250000
       442.82997       11.000000
       458.82997       10.750000
       474.82997       10.125000
       490.82997       0.0000000
       506.82997       0.0000000
       522.82997       0.0000000
       538.82997       0.0000000
       554.82997       0.0000000
       570.82997       0.0000000
       586.82997       0.0000000
       602.82997       0.0000000
       618.82997       0.0000000
       634.82997       0.0000000
       650.82997       0.0000000
       666.82997       0.0000000
       682.82997       0.0000000
       691.45000       0.0000000
