      -309.17003       0.0000000
      -293.17003       0.0000000
      -277.17003       0.0000000
      -261.17003       0.0000000
      -245.17003       0.0000000
      -229.17003       0.0000000
      -213.17003       0.0000000
      -197.17003       0.0000000
      -181.17003       0.0000000
      -165.17003       0.0000000
      -149.17003       0.0000000
      -133.17003       5.1875000
      -117.17003       10.125000
      -101.17003       11.125000
      -85.170029       10.062500
      -69.170029       9.9375000
      -53.170029       10.937500
      -37.170029       10.437500
      -21.170029       11.562500
      -5.1700287       13.812500
       10.829971       12.625000
       26.829971       11.187500
       42.829971       11.250000
       58.829971       11.062500
       74.829971       11.125000
       90.829971       12.125000
       106.82997       12.187500
       122.82997       10.937500
       138.82997       10.437500
       154.82997       10.812500
       170.82997       12.437500
       186.82997       73.250000
       202.82997       107.25000
       218.82997       22.750000
       234.82997       11.250000
       250.82997       10.437500
       266.82997       11.812500
       282.82997       9.3750000
       298.82997       11.062500
       314.82997       10.375000
       330.82997       11.000000
       346.82997       10.000000
       362.82997       11.437500
       378.82997       9.7500000
       394.82997       11.000000
       410.82997       10.437500
       426.82997       9.9375000
       442.82997       9.0000000
       458.82997       10.500000
       474.82997       8.8750000
       490.82997       0.0000000
       506.82997       0.0000000
       522.82997       0.0000000
       538.82997       0.0000000
       554.82997       0.0000000
       570.82997       0.0000000
       586.82997       0.0000000
       602.82997       0.0000000
       618.82997       0.0000000
       634.82997       0.0000000
       650.82997       0.0000000
       666.82997       0.0000000
       682.82997       0.0000000
       691.45000       0.0000000
