      -309.17003       0.0000000
      -293.17003       0.0000000
      -277.17003       0.0000000
      -261.17003       0.0000000
      -245.17003       0.0000000
      -229.17003       0.0000000
      -213.17003       0.0000000
      -197.17003       0.0000000
      -181.17003       0.0000000
      -165.17003       0.0000000
      -149.17003       0.0000000
      -133.17003       5.5625000
      -117.17003       9.8750000
      -101.17003       10.687500
      -85.170029       10.500000
      -69.170029       10.250000
      -53.170029       11.000000
      -37.170029       10.562500
      -21.170029       10.000000
      -5.1700287       12.687500
       10.829971       10.625000
       26.829971       10.125000
       42.829971       11.687500
       58.829971       9.0625000
       74.829971       10.625000
       90.829971       10.562500
       106.82997       10.250000
       122.82997       9.7500000
       138.82997       9.9375000
       154.82997       11.187500
       170.82997       10.937500
       186.82997       91.937500
       202.82997       129.56250
       218.82997       23.000000
       234.82997       12.000000
       250.82997       11.312500
       266.82997       10.437500
       282.82997       9.9375000
       298.82997       10.750000
       314.82997       11.500000
       330.82997       9.6875000
       346.82997       11.687500
       362.82997       10.062500
       378.82997       9.6875000
       394.82997       11.750000
       410.82997       11.062500
       426.82997       10.125000
       442.82997       9.5625000
       458.82997       9.2500000
       474.82997       8.6875000
       490.82997       0.0000000
       506.82997       0.0000000
       522.82997       0.0000000
       538.82997       0.0000000
       554.82997       0.0000000
       570.82997       0.0000000
       586.82997       0.0000000
       602.82997       0.0000000
       618.82997       0.0000000
       634.82997       0.0000000
       650.82997       0.0000000
       666.82997       0.0000000
       682.82997       0.0000000
       691.45000       0.0000000
