      -309.17003       0.0000000
      -293.17003       0.0000000
      -277.17003       0.0000000
      -261.17003       0.0000000
      -245.17003       0.0000000
      -229.17003       0.0000000
      -213.17003       0.0000000
      -197.17003       0.0000000
      -181.17003       0.0000000
      -165.17003       0.0000000
      -149.17003       0.0000000
      -133.17003       5.3125000
      -117.17003       9.3750000
      -101.17003       9.6875000
      -85.170029       10.500000
      -69.170029       9.3125000
      -53.170029       9.8750000
      -37.170029       11.375000
      -21.170029       10.687500
      -5.1700287       11.625000
       10.829971       11.062500
       26.829971       9.8750000
       42.829971       9.8750000
       58.829971       10.437500
       74.829971       9.6875000
       90.829971       9.3125000
       106.82997       12.562500
       122.82997       10.562500
       138.82997       9.1250000
       154.82997       9.0625000
       170.82997       11.312500
       186.82997       88.187500
       202.82997       127.00000
       218.82997       23.000000
       234.82997       12.625000
       250.82997       10.687500
       266.82997       10.250000
       282.82997       10.812500
       298.82997       9.9375000
       314.82997       10.875000
       330.82997       10.562500
       346.82997       9.9375000
       362.82997       11.250000
       378.82997       9.3125000
       394.82997       9.8750000
       410.82997       9.7500000
       426.82997       11.875000
       442.82997       9.8750000
       458.82997       9.4375000
       474.82997       8.7500000
       490.82997       0.0000000
       506.82997       0.0000000
       522.82997       0.0000000
       538.82997       0.0000000
       554.82997       0.0000000
       570.82997       0.0000000
       586.82997       0.0000000
       602.82997       0.0000000
       618.82997       0.0000000
       634.82997       0.0000000
       650.82997       0.0000000
       666.82997       0.0000000
       682.82997       0.0000000
       691.45000       0.0000000
