      -309.17003       0.0000000
      -293.17003       0.0000000
      -277.17003       0.0000000
      -261.17003       0.0000000
      -245.17003       0.0000000
      -229.17003       0.0000000
      -213.17003       0.0000000
      -197.17003       0.0000000
      -181.17003       0.0000000
      -165.17003       0.0000000
      -149.17003       0.0000000
      -133.17003       17.375000
      -117.17003       29.812500
      -101.17003       28.500000
      -85.170029       29.187500
      -69.170029       30.812500
      -53.170029       31.125000
      -37.170029       30.250000
      -21.170029       29.875000
      -5.1700287       34.125000
       10.829971       28.312500
       26.829971       31.000000
       42.829971       29.062500
       58.829971       32.312500
       74.829971       30.375000
       90.829971       33.000000
       106.82997       29.687500
       122.82997       31.125000
       138.82997       31.125000
       154.82997       31.687500
       170.82997       28.625000
       186.82997       111.25000
       202.82997       167.56250
       218.82997       50.437500
       234.82997       32.687500
       250.82997       31.500000
       266.82997       29.812500
       282.82997       31.250000
       298.82997       26.375000
       314.82997       25.812500
       330.82997       28.562500
       346.82997       32.125000
       362.82997       28.937500
       378.82997       28.562500
       394.82997       28.312500
       410.82997       24.687500
       426.82997       29.687500
       442.82997       25.937500
       458.82997       25.187500
       474.82997       21.062500
       490.82997       0.0000000
       506.82997       0.0000000
       522.82997       0.0000000
       538.82997       0.0000000
       554.82997       0.0000000
       570.82997       0.0000000
       586.82997       0.0000000
       602.82997       0.0000000
       618.82997       0.0000000
       634.82997       0.0000000
       650.82997       0.0000000
       666.82997       0.0000000
       682.82997       0.0000000
       691.45000       0.0000000
