      -309.17003       0.0000000
      -293.17003       0.0000000
      -277.17003       0.0000000
      -261.17003       0.0000000
      -245.17003       0.0000000
      -229.17003       0.0000000
      -213.17003       0.0000000
      -197.17003       0.0000000
      -181.17003       0.0000000
      -165.17003       0.0000000
      -149.17003       0.0000000
      -133.17003       1.5000000
      -117.17003       2.7500000
      -101.17003       3.0000000
      -85.170029       3.3125000
      -69.170029       2.4375000
      -53.170029       2.8125000
      -37.170029       2.5625000
      -21.170029       2.9375000
      -5.1700287       2.8125000
       10.829971       2.1875000
       26.829971       3.3125000
       42.829971       2.8125000
       58.829971       3.2500000
       74.829971       2.9375000
       90.829971       3.0625000
       106.82997       2.5625000
       122.82997       2.7500000
       138.82997       3.1875000
       154.82997       2.4375000
       170.82997       2.2500000
       186.82997       10.250000
       202.82997       10.812500
       218.82997       3.1250000
       234.82997       2.6875000
       250.82997       2.6250000
       266.82997       3.1875000
       282.82997       2.3125000
       298.82997       3.4375000
       314.82997       3.1875000
       330.82997       2.7500000
       346.82997       2.3750000
       362.82997       2.3750000
       378.82997       2.5000000
       394.82997       2.3125000
       410.82997       2.1875000
       426.82997       2.5000000
       442.82997       1.9375000
       458.82997       2.8125000
       474.82997       2.0000000
       490.82997       0.0000000
       506.82997       0.0000000
       522.82997       0.0000000
       538.82997       0.0000000
       554.82997       0.0000000
       570.82997       0.0000000
       586.82997       0.0000000
       602.82997       0.0000000
       618.82997       0.0000000
       634.82997       0.0000000
       650.82997       0.0000000
       666.82997       0.0000000
       682.82997       0.0000000
       691.45000       0.0000000
