      -309.17003       0.0000000
      -293.17003       0.0000000
      -277.17003       0.0000000
      -261.17003       0.0000000
      -245.17003       0.0000000
      -229.17003       0.0000000
      -213.17003       0.0000000
      -197.17003       0.0000000
      -181.17003       0.0000000
      -165.17003       0.0000000
      -149.17003       0.0000000
      -133.17003       7.5625000
      -117.17003       14.312500
      -101.17003       13.187500
      -85.170029       15.562500
      -69.170029       14.875000
      -53.170029       14.187500
      -37.170029       14.437500
      -21.170029       15.250000
      -5.1700287       17.250000
       10.829971       14.312500
       26.829971       18.062500
       42.829971       16.125000
       58.829971       14.500000
       74.829971       15.875000
       90.829971       16.562500
       106.82997       14.187500
       122.82997       15.750000
       138.82997       16.750000
       154.82997       15.250000
       170.82997       16.187500
       186.82997       50.000000
       202.82997       74.437500
       218.82997       30.312500
       234.82997       18.937500
       250.82997       18.562500
       266.82997       18.375000
       282.82997       17.187500
       298.82997       15.625000
       314.82997       16.875000
       330.82997       16.687500
       346.82997       16.812500
       362.82997       16.937500
       378.82997       14.062500
       394.82997       15.187500
       410.82997       15.562500
       426.82997       13.875000
       442.82997       15.500000
       458.82997       14.125000
       474.82997       11.687500
       490.82997       0.0000000
       506.82997       0.0000000
       522.82997       0.0000000
       538.82997       0.0000000
       554.82997       0.0000000
       570.82997       0.0000000
       586.82997       0.0000000
       602.82997       0.0000000
       618.82997       0.0000000
       634.82997       0.0000000
       650.82997       0.0000000
       666.82997       0.0000000
       682.82997       0.0000000
       691.45000       0.0000000
