      -309.17003       0.0000000
      -293.17003       0.0000000
      -277.17003       0.0000000
      -261.17003       0.0000000
      -245.17003       0.0000000
      -229.17003       0.0000000
      -213.17003       0.0000000
      -197.17003       0.0000000
      -181.17003       0.0000000
      -165.17003       0.0000000
      -149.17003       0.0000000
      -133.17003       15.625000
      -117.17003       27.500000
      -101.17003       27.187500
      -85.170029       28.312500
      -69.170029       26.687500
      -53.170029       25.750000
      -37.170029       27.562500
      -21.170029       25.687500
      -5.1700287       30.500000
       10.829971       25.875000
       26.829971       26.062500
       42.829971       26.500000
       58.829971       26.625000
       74.829971       27.250000
       90.829971       26.437500
       106.82997       30.000000
       122.82997       29.125000
       138.82997       24.312500
       154.82997       26.750000
       170.82997       27.875000
       186.82997       95.062500
       202.82997       146.93750
       218.82997       45.750000
       234.82997       30.812500
       250.82997       25.812500
       266.82997       25.562500
       282.82997       25.187500
       298.82997       27.375000
       314.82997       26.312500
       330.82997       25.687500
       346.82997       26.562500
       362.82997       25.250000
       378.82997       25.250000
       394.82997       25.250000
       410.82997       24.062500
       426.82997       24.187500
       442.82997       22.750000
       458.82997       23.625000
       474.82997       21.000000
       490.82997       0.0000000
       506.82997       0.0000000
       522.82997       0.0000000
       538.82997       0.0000000
       554.82997       0.0000000
       570.82997       0.0000000
       586.82997       0.0000000
       602.82997       0.0000000
       618.82997       0.0000000
       634.82997       0.0000000
       650.82997       0.0000000
       666.82997       0.0000000
       682.82997       0.0000000
       691.45000       0.0000000
