      -309.17003       0.0000000
      -293.17003       0.0000000
      -277.17003       0.0000000
      -261.17003       0.0000000
      -245.17003       0.0000000
      -229.17003       0.0000000
      -213.17003       0.0000000
      -197.17003       0.0000000
      -181.17003       0.0000000
      -165.17003       0.0000000
      -149.17003       0.0000000
      -133.17003       16.000000
      -117.17003       27.500000
      -101.17003       27.000000
      -85.170029       29.250000
      -69.170029       27.062500
      -53.170029       27.125000
      -37.170029       28.187500
      -21.170029       27.375000
      -5.1700287       33.625000
       10.829971       24.875000
       26.829971       29.375000
       42.829971       28.000000
       58.829971       27.250000
       74.829971       25.375000
       90.829971       26.750000
       106.82997       31.562500
       122.82997       28.687500
       138.82997       27.500000
       154.82997       26.062500
       170.82997       26.812500
       186.82997       109.81250
       202.82997       161.06250
       218.82997       48.687500
       234.82997       29.125000
       250.82997       26.312500
       266.82997       27.062500
       282.82997       26.375000
       298.82997       26.625000
       314.82997       24.687500
       330.82997       26.000000
       346.82997       25.250000
       362.82997       24.562500
       378.82997       26.625000
       394.82997       27.812500
       410.82997       24.562500
       426.82997       22.000000
       442.82997       23.812500
       458.82997       22.500000
       474.82997       19.500000
       490.82997       0.0000000
       506.82997       0.0000000
       522.82997       0.0000000
       538.82997       0.0000000
       554.82997       0.0000000
       570.82997       0.0000000
       586.82997       0.0000000
       602.82997       0.0000000
       618.82997       0.0000000
       634.82997       0.0000000
       650.82997       0.0000000
       666.82997       0.0000000
       682.82997       0.0000000
       691.45000       0.0000000
