      -309.17003       0.0000000
      -293.17003       0.0000000
      -277.17003       0.0000000
      -261.17003       0.0000000
      -245.17003       0.0000000
      -229.17003       0.0000000
      -213.17003       0.0000000
      -197.17003       0.0000000
      -181.17003       0.0000000
      -165.17003       0.0000000
      -149.17003       0.0000000
      -133.17003       15.312500
      -117.17003       25.250000
      -101.17003       22.875000
      -85.170029       23.250000
      -69.170029       23.125000
      -53.170029       23.562500
      -37.170029       24.562500
      -21.170029       25.187500
      -5.1700287       24.750000
       10.829971       23.812500
       26.829971       23.125000
       42.829971       24.062500
       58.829971       24.187500
       74.829971       24.625000
       90.829971       24.125000
       106.82997       27.000000
       122.82997       24.437500
       138.82997       25.875000
       154.82997       27.312500
       170.82997       27.312500
       186.82997       77.000000
       202.82997       118.75000
       218.82997       43.687500
       234.82997       30.062500
       250.82997       26.125000
       266.82997       26.062500
       282.82997       27.812500
       298.82997       26.937500
       314.82997       26.937500
       330.82997       26.500000
       346.82997       26.187500
       362.82997       25.875000
       378.82997       24.562500
       394.82997       25.750000
       410.82997       25.562500
       426.82997       23.437500
       442.82997       23.125000
       458.82997       22.625000
       474.82997       19.375000
       490.82997       0.0000000
       506.82997       0.0000000
       522.82997       0.0000000
       538.82997       0.0000000
       554.82997       0.0000000
       570.82997       0.0000000
       586.82997       0.0000000
       602.82997       0.0000000
       618.82997       0.0000000
       634.82997       0.0000000
       650.82997       0.0000000
       666.82997       0.0000000
       682.82997       0.0000000
       691.45000       0.0000000
