      -309.17003       0.0000000
      -293.17003       0.0000000
      -277.17003       0.0000000
      -261.17003       0.0000000
      -245.17003       0.0000000
      -229.17003       0.0000000
      -213.17003       0.0000000
      -197.17003       0.0000000
      -181.17003       0.0000000
      -165.17003       0.0000000
      -149.17003       0.0000000
      -133.17003       8.4375000
      -117.17003       14.687500
      -101.17003       13.625000
      -85.170029       15.750000
      -69.170029       16.375000
      -53.170029       12.562500
      -37.170029       16.750000
      -21.170029       15.562500
      -5.1700287       17.437500
       10.829971       15.625000
       26.829971       14.937500
       42.829971       16.187500
       58.829971       13.750000
       74.829971       17.125000
       90.829971       16.250000
       106.82997       15.250000
       122.82997       16.187500
       138.82997       15.375000
       154.82997       17.000000
       170.82997       15.437500
       186.82997       80.750000
       202.82997       117.43750
       218.82997       28.187500
       234.82997       17.000000
       250.82997       15.625000
       266.82997       17.000000
       282.82997       14.562500
       298.82997       12.187500
       314.82997       15.437500
       330.82997       15.500000
       346.82997       15.187500
       362.82997       15.312500
       378.82997       14.187500
       394.82997       15.375000
       410.82997       15.875000
       426.82997       13.937500
       442.82997       15.125000
       458.82997       14.437500
       474.82997       11.687500
       490.82997       0.0000000
       506.82997       0.0000000
       522.82997       0.0000000
       538.82997       0.0000000
       554.82997       0.0000000
       570.82997       0.0000000
       586.82997       0.0000000
       602.82997       0.0000000
       618.82997       0.0000000
       634.82997       0.0000000
       650.82997       0.0000000
       666.82997       0.0000000
       682.82997       0.0000000
       691.45000       0.0000000
