      -309.17003       0.0000000
      -293.17003       0.0000000
      -277.17003       0.0000000
      -261.17003       0.0000000
      -245.17003       0.0000000
      -229.17003       0.0000000
      -213.17003       0.0000000
      -197.17003       0.0000000
      -181.17003       0.0000000
      -165.17003       0.0000000
      -149.17003       0.0000000
      -133.17003       5.8750000
      -117.17003       11.125000
      -101.17003       11.062500
      -85.170029       10.125000
      -69.170029       11.750000
      -53.170029       11.562500
      -37.170029       10.562500
      -21.170029       11.500000
      -5.1700287       13.375000
       10.829971       12.312500
       26.829971       11.312500
       42.829971       12.125000
       58.829971       10.562500
       74.829971       12.437500
       90.829971       11.500000
       106.82997       11.062500
       122.82997       12.000000
       138.82997       12.125000
       154.82997       11.062500
       170.82997       10.937500
       186.82997       78.812500
       202.82997       116.50000
       218.82997       23.500000
       234.82997       13.562500
       250.82997       13.000000
       266.82997       10.062500
       282.82997       12.000000
       298.82997       11.250000
       314.82997       11.000000
       330.82997       11.687500
       346.82997       12.375000
       362.82997       12.187500
       378.82997       12.125000
       394.82997       10.937500
       410.82997       10.875000
       426.82997       9.9375000
       442.82997       11.125000
       458.82997       10.875000
       474.82997       8.5000000
       490.82997       0.0000000
       506.82997       0.0000000
       522.82997       0.0000000
       538.82997       0.0000000
       554.82997       0.0000000
       570.82997       0.0000000
       586.82997       0.0000000
       602.82997       0.0000000
       618.82997       0.0000000
       634.82997       0.0000000
       650.82997       0.0000000
       666.82997       0.0000000
       682.82997       0.0000000
       691.45000       0.0000000
