      -309.17003       0.0000000
      -293.17003       0.0000000
      -277.17003       0.0000000
      -261.17003       0.0000000
      -245.17003       0.0000000
      -229.17003       0.0000000
      -213.17003       0.0000000
      -197.17003       0.0000000
      -181.17003       0.0000000
      -165.17003       0.0000000
      -149.17003       0.0000000
      -133.17003       23.812500
      -117.17003       38.937500
      -101.17003       39.125000
      -85.170029       39.500000
      -69.170029       38.562500
      -53.170029       40.187500
      -37.170029       38.812500
      -21.170029       39.562500
      -5.1700287       42.625000
       10.829971       39.750000
       26.829971       38.062500
       42.829971       36.250000
       58.829971       37.312500
       74.829971       38.500000
       90.829971       37.375000
       106.82997       38.125000
       122.82997       38.125000
       138.82997       41.375000
       154.82997       42.312500
       170.82997       39.750000
       186.82997       54.250000
       202.82997       48.312500
       218.82997       43.562500
       234.82997       42.125000
       250.82997       42.375000
       266.82997       42.250000
       282.82997       44.687500
       298.82997       46.125000
       314.82997       42.187500
       330.82997       41.875000
       346.82997       44.187500
       362.82997       44.750000
       378.82997       41.562500
       394.82997       44.500000
       410.82997       43.812500
       426.82997       42.500000
       442.82997       44.687500
       458.82997       42.187500
       474.82997       36.625000
       490.82997       0.0000000
       506.82997       0.0000000
       522.82997       0.0000000
       538.82997       0.0000000
       554.82997       0.0000000
       570.82997       0.0000000
       586.82997       0.0000000
       602.82997       0.0000000
       618.82997       0.0000000
       634.82997       0.0000000
       650.82997       0.0000000
       666.82997       0.0000000
       682.82997       0.0000000
       691.45000       0.0000000
