      -309.17003       0.0000000
      -293.17003       0.0000000
      -277.17003       0.0000000
      -261.17003       0.0000000
      -245.17003       0.0000000
      -229.17003       0.0000000
      -213.17003       0.0000000
      -197.17003       0.0000000
      -181.17003       0.0000000
      -165.17003       0.0000000
      -149.17003       0.0000000
      -133.17003       5.0625000
      -117.17003       7.5000000
      -101.17003       8.5625000
      -85.170029       7.3750000
      -69.170029       7.2500000
      -53.170029       7.1250000
      -37.170029       6.3750000
      -21.170029       7.6875000
      -5.1700287       7.6875000
       10.829971       7.9375000
       26.829971       8.1250000
       42.829971       6.8750000
       58.829971       8.5625000
       74.829971       7.6875000
       90.829971       7.9375000
       106.82997       7.6875000
       122.82997       7.6875000
       138.82997       8.1250000
       154.82997       7.0625000
       170.82997       8.2500000
       186.82997       92.750000
       202.82997       131.31250
       218.82997       18.500000
       234.82997       9.1250000
       250.82997       7.6250000
       266.82997       7.6250000
       282.82997       7.8750000
       298.82997       7.3125000
       314.82997       8.0000000
       330.82997       7.1250000
       346.82997       8.8750000
       362.82997       7.3750000
       378.82997       7.3125000
       394.82997       6.0000000
       410.82997       8.0000000
       426.82997       8.6250000
       442.82997       6.6250000
       458.82997       6.6875000
       474.82997       5.6250000
       490.82997       0.0000000
       506.82997       0.0000000
       522.82997       0.0000000
       538.82997       0.0000000
       554.82997       0.0000000
       570.82997       0.0000000
       586.82997       0.0000000
       602.82997       0.0000000
       618.82997       0.0000000
       634.82997       0.0000000
       650.82997       0.0000000
       666.82997       0.0000000
       682.82997       0.0000000
       691.45000       0.0000000
