      -309.17003       0.0000000
      -293.17003       0.0000000
      -277.17003       0.0000000
      -261.17003       0.0000000
      -245.17003       0.0000000
      -229.17003       0.0000000
      -213.17003       0.0000000
      -197.17003       0.0000000
      -181.17003       0.0000000
      -165.17003       0.0000000
      -149.17003       0.0000000
      -133.17003       11.812500
      -117.17003       18.875000
      -101.17003       19.000000
      -85.170029       19.875000
      -69.170029       19.062500
      -53.170029       18.500000
      -37.170029       20.312500
      -21.170029       19.500000
      -5.1700287       24.375000
       10.829971       20.500000
       26.829971       19.812500
       42.829971       20.625000
       58.829971       22.312500
       74.829971       22.000000
       90.829971       21.187500
       106.82997       22.250000
       122.82997       20.500000
       138.82997       20.375000
       154.82997       21.562500
       170.82997       21.187500
       186.82997       95.625000
       202.82997       135.50000
       218.82997       34.125000
       234.82997       22.125000
       250.82997       21.375000
       266.82997       18.875000
       282.82997       17.187500
       298.82997       20.937500
       314.82997       19.500000
       330.82997       20.062500
       346.82997       21.187500
       362.82997       19.687500
       378.82997       20.625000
       394.82997       20.437500
       410.82997       19.375000
       426.82997       17.750000
       442.82997       19.187500
       458.82997       18.375000
       474.82997       13.750000
       490.82997       0.0000000
       506.82997       0.0000000
       522.82997       0.0000000
       538.82997       0.0000000
       554.82997       0.0000000
       570.82997       0.0000000
       586.82997       0.0000000
       602.82997       0.0000000
       618.82997       0.0000000
       634.82997       0.0000000
       650.82997       0.0000000
       666.82997       0.0000000
       682.82997       0.0000000
       691.45000       0.0000000
