      -309.17003       0.0000000
      -293.17003       0.0000000
      -277.17003       0.0000000
      -261.17003       0.0000000
      -245.17003       0.0000000
      -229.17003       0.0000000
      -213.17003       0.0000000
      -197.17003       0.0000000
      -181.17003       0.0000000
      -165.17003       0.0000000
      -149.17003       0.0000000
      -133.17003       17.750000
      -117.17003       27.000000
      -101.17003       26.687500
      -85.170029       28.375000
      -69.170029       26.812500
      -53.170029       27.875000
      -37.170029       24.187500
      -21.170029       27.500000
      -5.1700287       32.312500
       10.829971       28.500000
       26.829971       29.750000
       42.829971       26.062500
       58.829971       28.500000
       74.829971       28.437500
       90.829971       26.562500
       106.82997       30.000000
       122.82997       28.812500
       138.82997       27.937500
       154.82997       29.750000
       170.82997       27.312500
       186.82997       92.500000
       202.82997       140.31250
       218.82997       53.875000
       234.82997       29.937500
       250.82997       26.000000
       266.82997       26.250000
       282.82997       27.500000
       298.82997       26.937500
       314.82997       26.500000
       330.82997       26.562500
       346.82997       27.812500
       362.82997       29.375000
       378.82997       27.312500
       394.82997       23.500000
       410.82997       24.687500
       426.82997       26.187500
       442.82997       25.687500
       458.82997       25.875000
       474.82997       19.625000
       490.82997       0.0000000
       506.82997       0.0000000
       522.82997       0.0000000
       538.82997       0.0000000
       554.82997       0.0000000
       570.82997       0.0000000
       586.82997       0.0000000
       602.82997       0.0000000
       618.82997       0.0000000
       634.82997       0.0000000
       650.82997       0.0000000
       666.82997       0.0000000
       682.82997       0.0000000
       691.45000       0.0000000
