               -133.17002868652343750000                  0.56250000000000000000                 -0.86460179090499877930                  1.42710185050964355469
               -117.17002868652343750000                  1.56250000000000000000                  0.12951359152793884277                  1.43298637866973876953
               -101.17002868652343750000                  2.12500000000000000000                  0.68976986408233642578                  1.43523013591766357422
                -85.17002868652343750000                  1.56250000000000000000                  0.12947212159633636475                  1.43302786350250244141
                -69.17002868652343750000                  1.68750000000000000000                  0.26152822375297546387                  1.42597174644470214844
                -53.17002868652343750000                  1.00000000000000000000                 -0.41417360305786132812                  1.41417360305786132812
                -37.17002868652343750000                  0.93750000000000000000                 -0.46084678173065185547                  1.39834678173065185547
                -21.17002868652343750000                  1.06250000000000000000                 -0.31732878088951110840                  1.37982881069183349609
                 -5.17002868652343750000                  2.00000000000000000000                  0.63947206735610961914                  1.36052799224853515625
                 10.82997131347656250000                  1.81250000000000000000                  0.46971309185028076172                  1.34278690814971923828
                 26.82997131347656250000                  1.00000000000000000000                 -0.32916542887687683105                  1.32916545867919921875
                 42.82997131347656250000                  1.75000000000000000000                  0.42784181237220764160                  1.32215821743011474609
                 58.82997131347656250000                  1.50000000000000000000                  0.17612391710281372070                  1.32387614250183105469
                 74.82997131347656250000                  1.37500000000000000000                  0.03926954418420791626                  1.33573043346405029297
                 90.82997131347656250000                  0.93750000000000000000                 -0.42066553235054016113                  1.35816550254821777344
                106.82997131347656250000                  1.37500000000000000000                 -0.01548385061323642731                  1.39048385620117187500
                122.82997131347656250000                  1.25000000000000000000                 -0.18080136179924011230                  1.43080139160156250000
                138.82997131347656250000                  1.00000000000000000000                 -0.47615343332290649414                  1.47615349292755126953
                154.82997131347656250000                  1.62500000000000000000                  0.10224748402833938599                  1.52275252342224121094
                170.82997131347656250000                  1.43750000000000000000                 -0.12887473404407501221                  1.56637477874755859375
                186.82997131347656250000                  7.37500000000000000000                  5.77216815948486328125                  1.60283184051513671875
                202.82997131347656250000                  6.50000000000000000000                  4.87153148651123046875                  1.62846839427947998047
                218.82997131347656250000                  2.00000000000000000000                  0.35938295722007751465                  1.64061701297760009766
                234.82997131347656250000                  1.68750000000000000000                  0.04955263063311576843                  1.63794732093811035156
                250.82997131347656250000                  1.56250000000000000000                 -0.05815829336643218994                  1.62065827846527099609
                266.82997131347656250000                  1.75000000000000000000                  0.15951623022556304932                  1.59048378467559814453
                282.82997131347656250000                  1.31250000000000000000                 -0.23800995945930480957                  1.55050992965698242188
                298.82997131347656250000                  1.37500000000000000000                 -0.12982791662216186523                  1.50482785701751708984
                314.82997131347656250000                  0.56250000000000000000                 -0.89556938409805297852                  1.45806932449340820312
                330.82997131347656250000                  1.75000000000000000000                  0.33511167764663696289                  1.41488826274871826172
                346.82997131347656250000                  1.25000000000000000000                 -0.12945650517940521240                  1.37945652008056640625
                362.82997131347656250000                  1.25000000000000000000                 -0.10503665357828140259                  1.35503661632537841797
                378.82997131347656250000                  1.12500000000000000000                 -0.21868225932121276855                  1.34368228912353515625
                394.82997131347656250000                  1.43750000000000000000                  0.09140636026859283447                  1.34609365463256835938
                410.82997131347656250000                  1.62500000000000000000                  0.26336365938186645508                  1.36163628101348876953
                426.82997131347656250000                  1.37500000000000000000                 -0.01350614149123430252                  1.38850617408752441406
                442.82997131347656250000                  1.12500000000000000000                 -0.29900762438774108887                  1.42400765419006347656
                458.82997131347656250000                  1.62500000000000000000                  0.16009838879108428955                  1.46490156650543212891
                474.82997131347656250000                  1.43750000000000000000                 -0.07027307152748107910                  1.50777304172515869141
