2.53725357724923
2.56977047253959
2.60418306794266
2.63962151431502
2.67519387582462
2.71003076174594
2.74333235841842
2.77441575660121
2.80275881120355
2.82803512189355
2.85013370014656
2.86915707032301
2.88539329894231
2.89926075381775
2.91122883915701
2.9217227431903
2.9310243715289
2.93918414042821
2.94595844476502
2.9507851181023
2.95280432615588
2.95092584310857
2.94393666798646
2.93063668262718
2.90998563582459
2.88124290598666
2.84408249879624
2.79866930652424
2.74568808131665
2.68632287182164
2.62219079169878
2.55523901794522
2.48761723593254
2.4215391050989
2.35914582615349
2.30238294425384
2.25289868075681
2.21196893124991
2.18045108983475
