               -133.17002868652343750000                  1.50000000000000000000                 -1.03725361824035644531                  2.53725361824035644531
               -117.17002868652343750000                  2.75000000000000000000                  0.18022952973842620850                  2.56977057456970214844
               -101.17002868652343750000                  3.00000000000000000000                  0.39581692218780517578                  2.60418295860290527344
                -85.17002868652343750000                  3.31250000000000000000                  0.67287850379943847656                  2.63962149620056152344
                -69.17002868652343750000                  2.43750000000000000000                 -0.23769387602806091309                  2.67519378662109375000
                -53.17002868652343750000                  2.81250000000000000000                  0.10246923565864562988                  2.71003079414367675781
                -37.17002868652343750000                  2.56250000000000000000                 -0.18083235621452331543                  2.74333238601684570312
                -21.17002868652343750000                  2.93750000000000000000                  0.16308423876762390137                  2.77441573143005371094
                 -5.17002868652343750000                  2.81250000000000000000                  0.00974118895828723907                  2.80275869369506835938
                 10.82997131347656250000                  2.18750000000000000000                 -0.64053511619567871094                  2.82803511619567871094
                 26.82997131347656250000                  3.31250000000000000000                  0.46236631274223327637                  2.85013365745544433594
                 42.82997131347656250000                  2.81250000000000000000                 -0.05665707215666770935                  2.86915707588195800781
                 58.82997131347656250000                  3.25000000000000000000                  0.36460670828819274902                  2.88539338111877441406
                 74.82997131347656250000                  2.93750000000000000000                  0.03823924437165260315                  2.89926075935363769531
                 90.82997131347656250000                  3.06250000000000000000                  0.15127116441726684570                  2.91122889518737792969
                106.82997131347656250000                  2.56250000000000000000                 -0.35922273993492126465                  2.92172265052795410156
                122.82997131347656250000                  2.75000000000000000000                 -0.18102437257766723633                  2.93102431297302246094
                138.82997131347656250000                  3.18750000000000000000                  0.24831585586071014404                  2.93918418884277343750
                154.82997131347656250000                  2.43750000000000000000                 -0.50845843553543090820                  2.94595837593078613281
                170.82997131347656250000                  2.25000000000000000000                 -0.70078510046005249023                  2.95078516006469726562
                186.82997131347656250000                 10.25000000000000000000                  7.29719591140747070312                  2.95280432701110839844
                202.82997131347656250000                 10.81250000000000000000                  7.86157417297363281250                  2.95092582702636718750
                218.82997131347656250000                  3.12500000000000000000                  0.18106333911418914795                  2.94393658638000488281
                234.82997131347656250000                  2.68750000000000000000                 -0.24313668906688690186                  2.93063664436340332031
                250.82997131347656250000                  2.62500000000000000000                 -0.28498563170433044434                  2.90998554229736328125
                266.82997131347656250000                  3.18750000000000000000                  0.30625709891319274902                  2.88124299049377441406
                282.82997131347656250000                  2.31250000000000000000                 -0.53158247470855712891                  2.84408259391784667969
                298.82997131347656250000                  3.43750000000000000000                  0.63883072137832641602                  2.79866933822631835938
                314.82997131347656250000                  3.18750000000000000000                  0.44181191921234130859                  2.74568819999694824219
                330.82997131347656250000                  2.75000000000000000000                  0.06367712467908859253                  2.68632292747497558594
                346.82997131347656250000                  2.37500000000000000000                 -0.24719078838825225830                  2.62219071388244628906
                362.82997131347656250000                  2.37500000000000000000                 -0.18023902177810668945                  2.55523896217346191406
                378.82997131347656250000                  2.50000000000000000000                  0.01238276436924934387                  2.48761725425720214844
                394.82997131347656250000                  2.31250000000000000000                 -0.10903910547494888306                  2.42153906822204589844
                410.82997131347656250000                  2.18750000000000000000                 -0.17164582014083862305                  2.35914587974548339844
                426.82997131347656250000                  2.50000000000000000000                  0.19761705398559570312                  2.30238294601440429688
                442.82997131347656250000                  1.93750000000000000000                 -0.31539869308471679688                  2.25289869308471679688
                458.82997131347656250000                  2.81250000000000000000                  0.60053104162216186523                  2.21196889877319335938
                474.82997131347656250000                  2.00000000000000000000                 -0.18045109510421752930                  2.18045115470886230469
