-4.23294311681246
0.0375547507347544
2.0627498286628
-0.159955497557624
0.61585940300993
1.82336637163321
-0.292149877535712
-0.110330206681574
-0.385224559871819
-0.807276648257831
1.1221297300353
-0.158994308700022
-0.14807254958294
-0.527987391579989
0.207694475467276
0.316808624258032
-2.81697340005563
-0.872311559309363
0.0965965415698609
0.159337389218262
3.94619463701241
2.71020751011959
-2.04808610195139
0.856799416782708
-1.70454587093948
-1.05108055709487
1.49669075643954
0.367328188686885
-0.510880645005042
0.0407352784883024
1.4518233350193
-0.159010762938074
-0.546367418656757
-0.212883934232904
-0.159234568931552
0.1157136419188
0.739616982741037
1.09128108372239
-2.19975961036488
