11.7954431168125
11.7749452492652
11.7497501713372
11.7224554975576
11.6966405969901
11.6766336283668
11.6671498775357
11.6728302066816
11.6977245598718
11.7447766482578
11.8153702699647
11.9089943087
12.0230725495829
12.15298739158
12.2923055245327
12.433191375742
12.5669734000556
12.6848115593094
12.7784034584301
12.8406626107817
12.8663053629876
12.8522924898804
12.7980861019514
12.7057005832173
12.5795458709395
12.4260805570949
12.2533092435605
12.0701718113131
11.885880645005
11.7092647215117
11.5481766649807
11.4090107629381
11.2963674186568
11.2128839342329
11.1592345689316
11.1342863580812
11.135383017259
11.1587189162776
11.1997596103649
