10.5728224126858
10.6114603309231
10.6463494263964
10.6764679657664
10.7011247554151
10.7199997499198
10.7331503348416
10.7409872433251
10.7442286228009
10.7438432605314
10.7409937135074
10.7369869692949
10.7332348767767
10.7312201470471
10.7324578698916
10.7384389324254
10.7505418523908
10.7699040409712
10.7972521266837
10.8327024204483
10.8755547375327
10.924099932833
10.9755714918272
11.0260053077943
11.0704938371359
11.1033921704601
11.1187434331639
11.1108029771038
11.0746242258026
11.0066405561631
10.9051707812434
10.770779374895
10.6064366303641
10.4174467759083
10.2111404616749
9.99635777670458
9.78277457936544
9.58014445552703
9.39753825210719
