-3.26032241268584
1.38853966907686
-0.146349426396398
2.01103203423356
-0.0761247554150781
-1.34499974991976
0.0168496651584054
0.50901275667491
3.69327137719914
-0.431343260531445
-1.99099371350737
0.950513030705082
-0.17073487677672
0.0812798529529477
0.142542130108376
1.26156106757463
0.0619581476091522
-0.144904040971202
0.327747873316344
-0.145202420448301
64.8744452624673
94.325900067167
12.4619285081728
-0.713505307794341
-0.820493837135897
0.95910782953991
0.631256566836102
-1.04830297710376
0.925375774197439
-0.131640556163141
-0.967670781243367
1.54172062510496
0.51856336963586
0.14505322409171
1.03885953832508
-0.871357776704578
-0.0327745793654373
-0.455144455527032
-0.647538252107186
