               -133.17002868652343750000                  7.31250000000000000000                 -3.26032233238220214844                 10.57282257080078125000
               -117.17002868652343750000                 12.00000000000000000000                  1.38853967189788818359                 10.61146068572998046875
               -101.17002868652343750000                 10.50000000000000000000                 -0.14634943008422851562                 10.64634895324707031250
                -85.17002868652343750000                 12.68750000000000000000                  2.01103210449218750000                 10.67646789550781250000
                -69.17002868652343750000                 10.62500000000000000000                 -0.07612475752830505371                 10.70112514495849609375
                -53.17002868652343750000                  9.37500000000000000000                 -1.34499979019165039062                 10.71999931335449218750
                -37.17002868652343750000                 10.75000000000000000000                  0.01684966497123241425                 10.73315048217773437500
                -21.17002868652343750000                 11.25000000000000000000                  0.50901275873184204102                 10.74098682403564453125
                 -5.17002868652343750000                 14.43750000000000000000                  3.69327139854431152344                 10.74422836303710937500
                 10.82997131347656250000                 10.31250000000000000000                 -0.43134325742721557617                 10.74384307861328125000
                 26.82997131347656250000                  8.75000000000000000000                 -1.99099373817443847656                 10.74099349975585937500
                 42.82997131347656250000                 11.68750000000000000000                  0.95051300525665283203                 10.73698711395263671875
                 58.82997131347656250000                 10.56250000000000000000                 -0.17073488235473632812                 10.73323440551757812500
                 74.82997131347656250000                 10.81250000000000000000                  0.08127985149621963501                 10.73122024536132812500
                 90.82997131347656250000                 10.87500000000000000000                  0.14254212379455566406                 10.73245811462402343750
                106.82997131347656250000                 12.00000000000000000000                  1.26156103610992431641                 10.73843860626220703125
                122.82997131347656250000                 10.81250000000000000000                  0.06195814907550811768                 10.75054168701171875000
                138.82997131347656250000                 10.62500000000000000000                 -0.14490404725074768066                 10.76990413665771484375
                154.82997131347656250000                 11.12500000000000000000                  0.32774788141250610352                 10.79725170135498046875
                170.82997131347656250000                 10.68750000000000000000                 -0.14520241320133209229                 10.83270263671875000000
                186.82997131347656250000                 75.75000000000000000000                 64.87444305419921875000                 10.87555503845214843750
                202.82997131347656250000                105.25000000000000000000                 94.32589721679687500000                 10.92409992218017578125
                218.82997131347656250000                 23.43750000000000000000                 12.46192836761474609375                 10.97557163238525390625
                234.82997131347656250000                 10.31250000000000000000                 -0.71350532770156860352                 11.02600574493408203125
                250.82997131347656250000                 10.25000000000000000000                 -0.82049381732940673828                 11.07049369812011718750
                266.82997131347656250000                 12.06250000000000000000                  0.95910781621932983398                 11.10339260101318359375
                282.82997131347656250000                 11.75000000000000000000                  0.63125658035278320312                 11.11874389648437500000
                298.82997131347656250000                 10.06250000000000000000                 -1.04830300807952880859                 11.11080265045166015625
                314.82997131347656250000                 12.00000000000000000000                  0.92537575960159301758                 11.07462406158447265625
                330.82997131347656250000                 10.87500000000000000000                 -0.13164055347442626953                 11.00664043426513671875
                346.82997131347656250000                  9.93750000000000000000                 -0.96767079830169677734                 10.90517044067382812500
                362.82997131347656250000                 12.31250000000000000000                  1.54172062873840332031                 10.77077960968017578125
                378.82997131347656250000                 11.12500000000000000000                  0.51856338977813720703                 10.60643672943115234375
                394.82997131347656250000                 10.56250000000000000000                  0.14505322277545928955                 10.41744709014892578125
                410.82997131347656250000                 11.25000000000000000000                  1.03885948657989501953                 10.21114063262939453125
                426.82997131347656250000                  9.12500000000000000000                 -0.87135779857635498047                  9.99635791778564453125
                442.82997131347656250000                  9.75000000000000000000                 -0.03277457877993583679                  9.78277492523193359375
                458.82997131347656250000                  9.12500000000000000000                 -0.45514446496963500977                  9.58014488220214843750
                474.82997131347656250000                  8.75000000000000000000                 -0.64753824472427368164                  9.39753818511962890625
