9.82577707288957
10.1850789639588
10.5143918926485
10.7978078159441
11.0251650243672
11.1932184179697
11.3059377253137
11.3738454552029
11.4124448174004
11.4399274484063
11.4744684571463
11.5314912907598
11.6213026225758
11.7474524363333
11.9060718437939
12.086296151408
12.2717162602975
12.4426444941281
12.5788574183974
12.6624086491623
12.6801003070832
12.6252626024197
12.4986057232011
12.3080563262537
12.0676468431713
11.7956634046924
11.5123556595718
11.2375554098921
10.9885372651855
10.7783900925663
10.6150678413136
10.5011721734813
10.4344079057991
10.4085632224908
10.4148117115066
10.4431169165127
10.4835394754094
10.5272935039157
10.5674608105699
