26.3741957604654
26.2373940059314
26.066272583281
25.8697095668404
25.6583743277017
25.4440280976882
25.2387148197158
25.0539105737782
24.8997033300144
24.7840702834784
24.7123085170458
24.6866581694273
24.7061382408955
24.766596386337
24.8609579010864
24.979647195208
25.1111479463447
25.2426653557256
25.3608542369855
25.4525783793654
25.5056681791217
25.5094381894984
25.4563709680201
25.340611925389
25.1604390374971
24.9174727949861
24.6169173893535
24.2673745387419
23.8804322305666
23.4700435877519
23.0517310286078
22.6416694270725
22.2557162824742
21.9084646368368
21.6123942034683
21.3771876371291
21.2092630431129
21.1115526895976
21.083534147258
