-11.6241957604654
0.262605994068632
-0.19127258328102
0.00529043315957622
-0.658374327701694
-1.94402809768819
3.57378518028422
0.508589426221778
4.16279666998565
-0.4715702834784
-0.399808517045837
-0.37415816942735
-2.95613824089552
0.608403613663015
2.07654209891362
0.645352804791958
-0.861147946344698
1.19483464427438
0.264145763014479
-0.327578379365388
78.4943318208783
132.428061810502
20.8561290319799
4.34688807461099
0.652060962502897
-3.3549727949861
0.695582610646522
-0.642374538741947
2.1820677694334
-0.970043587751931
1.13576897139219
-0.204169427072479
-0.943216282474243
-0.0334646368367757
0.262605796531691
-1.87718763712905
0.0407369568871125
0.263447310402402
-3.58353414725801
