               -133.17002868652343750000                 14.75000000000000000000                -11.62419605255126953125                 26.37419509887695312500
               -117.17002868652343750000                 26.50000000000000000000                  0.26260599493980407715                 26.23739433288574218750
               -101.17002868652343750000                 25.87500000000000000000                 -0.19127258658409118652                 26.06627273559570312500
                -85.17002868652343750000                 25.87500000000000000000                  0.00529043329879641533                 25.86970901489257812500
                -69.17002868652343750000                 25.00000000000000000000                 -0.65837430953979492188                 25.65837478637695312500
                -53.17002868652343750000                 23.50000000000000000000                 -1.94402813911437988281                 25.44402885437011718750
                -37.17002868652343750000                 28.81250000000000000000                  3.57378506660461425781                 25.23871421813964843750
                -21.17002868652343750000                 25.56250000000000000000                  0.50858944654464721680                 25.05391120910644531250
                 -5.17002868652343750000                 29.06250000000000000000                  4.16279649734497070312                 24.89970397949218750000
                 10.82997131347656250000                 24.31250000000000000000                 -0.47157028317451477051                 24.78407096862792968750
                 26.82997131347656250000                 24.31250000000000000000                 -0.39980852603912353516                 24.71230888366699218750
                 42.82997131347656250000                 24.31250000000000000000                 -0.37415817379951477051                 24.68665885925292968750
                 58.82997131347656250000                 21.75000000000000000000                 -2.95613813400268554688                 24.70613861083984375000
                 74.82997131347656250000                 25.37500000000000000000                  0.60840362310409545898                 24.76659584045410156250
                 90.82997131347656250000                 26.93750000000000000000                  2.07654213905334472656                 24.86095809936523437500
                106.82997131347656250000                 25.62500000000000000000                  0.64535278081893920898                 24.97964668273925781250
                122.82997131347656250000                 24.25000000000000000000                 -0.86114794015884399414                 25.11114883422851562500
                138.82997131347656250000                 26.43750000000000000000                  1.19483458995819091797                 25.24266624450683593750
                154.82997131347656250000                 25.62500000000000000000                  0.26414576172828674316                 25.36085510253906250000
                170.82997131347656250000                 25.12500000000000000000                 -0.32757836580276489258                 25.45257759094238281250
                186.82997131347656250000                104.00000000000000000000                 78.49433135986328125000                 25.50566864013671875000
                202.82997131347656250000                157.93750000000000000000                132.42805480957031250000                 25.50943756103515625000
                218.82997131347656250000                 46.31250000000000000000                 20.85612869262695312500                 25.45637130737304687500
                234.82997131347656250000                 29.68750000000000000000                  4.34688806533813476562                 25.34061241149902343750
                250.82997131347656250000                 25.81250000000000000000                  0.65206098556518554688                 25.16043853759765625000
                266.82997131347656250000                 21.56250000000000000000                 -3.35497283935546875000                 24.91747283935546875000
                282.82997131347656250000                 25.31250000000000000000                  0.69558262825012207031                 24.61691665649414062500
                298.82997131347656250000                 23.62500000000000000000                 -0.64237451553344726562                 24.26737403869628906250
                314.82997131347656250000                 26.06250000000000000000                  2.18206787109375000000                 23.88043212890625000000
                330.82997131347656250000                 22.50000000000000000000                 -0.97004359960556030273                 23.47004318237304687500
                346.82997131347656250000                 24.18750000000000000000                  1.13576900959014892578                 23.05173110961914062500
                362.82997131347656250000                 22.43750000000000000000                 -0.20416942238807678223                 22.64167022705078125000
                378.82997131347656250000                 21.31250000000000000000                 -0.94321626424789428711                 22.25571632385253906250
                394.82997131347656250000                 21.87500000000000000000                 -0.03346463665366172791                 21.90846443176269531250
                410.82997131347656250000                 21.87500000000000000000                  0.26260578632354736328                 21.61239433288574218750
                426.82997131347656250000                 19.50000000000000000000                 -1.87718760967254638672                 21.37718772888183593750
                442.82997131347656250000                 21.25000000000000000000                  0.04073695838451385498                 21.20926284790039062500
                458.82997131347656250000                 21.37500000000000000000                  0.26344731450080871582                 21.11155319213867187500
                474.82997131347656250000                 17.50000000000000000000                 -3.58353424072265625000                 21.08353424072265625000
