23.2546602903527
23.9968584764885
24.6799613951054
25.2615005951012
25.708638310316
26.0025316581837
26.1412834110292
26.1409323642452
26.0341695351537
25.8667733099331
25.6920935048394
25.5642277224041
25.5307692804216
25.6261196005172
25.8663228249471
26.2461945934996
26.7392045659579
27.3001805941105
27.8704937495124
28.3850241533919
28.7799562584312
29.0003487923932
29.0064830893347
28.7782001309506
28.3167526511504
27.6440685323254
26.7996836656081
25.8358999042828
24.8119151251007
23.7877373635669
22.8186361210561
21.9507241299621
21.2180390088054
20.6412491082237
20.22788181801
19.9737969504471
19.8655206484477
19.8830205342364
20.0025320666137
