               -133.17002868652343750000                  1.12500000000000000000                 -1.14827752113342285156                  2.27327752113342285156
               -117.17002868652343750000                  2.31250000000000000000                  0.04202577099204063416                  2.27047419548034667969
               -101.17002868652343750000                  2.31250000000000000000                  0.05542171746492385864                  2.25707817077636718750
                -85.17002868652343750000                  2.25000000000000000000                  0.01688885875046253204                  2.23311114311218261719
                -69.17002868652343750000                  2.37500000000000000000                  0.17552354931831359863                  2.19947648048400878906
                -53.17002868652343750000                  2.12500000000000000000                 -0.03297051787376403809                  2.15797042846679687500
                -37.17002868652343750000                  2.50000000000000000000                  0.38880249857902526855                  2.11119747161865234375
                -21.17002868652343750000                  2.18750000000000000000                  0.12511070072650909424                  2.06238937377929687500
                 -5.17002868652343750000                  1.68750000000000000000                 -0.32764253020286560059                  2.01514244079589843750
                 10.82997131347656250000                  1.68750000000000000000                 -0.28559669852256774902                  1.97309672832489013672
                 26.82997131347656250000                  1.87500000000000000000                 -0.06458720564842224121                  1.93958723545074462891
                 42.82997131347656250000                  2.37500000000000000000                  0.45768818259239196777                  1.91731178760528564453
                 58.82997131347656250000                  1.75000000000000000000                 -0.15805055201053619385                  1.90805053710937500000
                 74.82997131347656250000                  3.25000000000000000000                  1.33752667903900146484                  1.91247332096099853516
                 90.82997131347656250000                  1.87500000000000000000                 -0.05505936220288276672                  1.93005931377410888672
                106.82997131347656250000                  1.87500000000000000000                 -0.08414137363433837891                  1.95914137363433837891
                122.82997131347656250000                  1.62500000000000000000                 -0.37206774950027465820                  1.99706780910491943359
                138.82997131347656250000                  1.68750000000000000000                 -0.35296589136123657227                  2.04046583175659179688
                154.82997131347656250000                  2.62500000000000000000                  0.53942638635635375977                  2.08557367324829101562
                170.82997131347656250000                  2.56250000000000000000                  0.43390062451362609863                  2.12859940528869628906
                186.82997131347656250000                 16.62500000000000000000                 14.45893096923828125000                  2.16606926918029785156
                202.82997131347656250000                 24.87500000000000000000                 22.67994499206542968750                  2.19505596160888671875
                218.82997131347656250000                  3.12500000000000000000                  0.91128736734390258789                  2.21371269226074218750
                234.82997131347656250000                  2.31250000000000000000                  0.09176153689622879028                  2.22073841094970703125
                250.82997131347656250000                  2.06250000000000000000                 -0.15352763235569000244                  2.21602773666381835938
                266.82997131347656250000                  2.00000000000000000000                 -0.20025734603404998779                  2.20025730133056640625
                282.82997131347656250000                  2.31250000000000000000                  0.13771137595176696777                  2.17478871345520019531
                298.82997131347656250000                  1.68750000000000000000                 -0.45395770668983459473                  2.14145779609680175781
                314.82997131347656250000                  1.68750000000000000000                 -0.41485360264778137207                  2.10235357284545898438
                330.82997131347656250000                  2.81250000000000000000                  0.75288909673690795898                  2.05961084365844726562
                346.82997131347656250000                  1.62500000000000000000                 -0.39024019241333007812                  2.01524019241333007812
                362.82997131347656250000                  2.93750000000000000000                  0.96649056673049926758                  1.97100937366485595703
                378.82997131347656250000                  1.93750000000000000000                  0.00911911204457283020                  1.92838084697723388672
                394.82997131347656250000                  1.12500000000000000000                 -0.76349788904190063477                  1.88849794864654541016
                410.82997131347656250000                  2.31250000000000000000                  0.46028989553451538086                  1.85221004486083984375
                426.82997131347656250000                  1.87500000000000000000                  0.05487815663218498230                  1.82012188434600830078
                442.82997131347656250000                  2.25000000000000000000                  0.45735204219818115234                  1.79264795780181884766
                458.82997131347656250000                  1.62500000000000000000                 -0.14506384730339050293                  1.77006387710571289062
                474.82997131347656250000                  1.62500000000000000000                 -0.12754091620445251465                  1.75254094600677490234
