               -133.17002868652343750000                  2.12500000000000000000                 -1.71114754676818847656                  3.83614754676818847656
               -117.17002868652343750000                  3.62500000000000000000                 -0.24154056608676910400                  3.86654067039489746094
               -101.17002868652343750000                  5.37500000000000000000                  1.47922420501708984375                  3.89577579498291015625
                -85.17002868652343750000                  4.43750000000000000000                  0.51471978425979614258                  3.92278027534484863281
                -69.17002868652343750000                  3.93750000000000000000                 -0.00964104570448398590                  3.94714093208312988281
                -53.17002868652343750000                  3.81250000000000000000                 -0.15672780573368072510                  3.96922779083251953125
                -37.17002868652343750000                  5.06250000000000000000                  1.07229363918304443359                  3.99020624160766601562
                -21.17002868652343750000                  4.37500000000000000000                  0.36307278275489807129                  4.01192712783813476562
                 -5.17002868652343750000                  4.12500000000000000000                  0.08831083774566650391                  4.03668928146362304688
                 10.82997131347656250000                  3.87500000000000000000                 -0.19189818203449249268                  4.06689834594726562500
                 26.82997131347656250000                  3.75000000000000000000                 -0.35466077923774719238                  4.10466098785400390625
                 42.82997131347656250000                  4.25000000000000000000                  0.09863435477018356323                  4.15136575698852539062
                 58.82997131347656250000                  4.50000000000000000000                  0.29268485307693481445                  4.20731496810913085938
                 74.82997131347656250000                  3.87500000000000000000                 -0.39646741747856140137                  4.27146720886230468750
                 90.82997131347656250000                  3.68750000000000000000                 -0.65383875370025634766                  4.34133863449096679688
                106.82997131347656250000                  4.50000000000000000000                  0.08690338581800460815                  4.41309642791748046875
                122.82997131347656250000                  4.12500000000000000000                 -0.35684785246849060059                  4.48184776306152343750
                138.82997131347656250000                  4.50000000000000000000                 -0.04209768399596214294                  4.54209756851196289062
                154.82997131347656250000                  4.50000000000000000000                 -0.08832915127277374268                  4.58832931518554687500
                170.82997131347656250000                  4.75000000000000000000                  0.13436883687973022461                  4.61563110351562500000
                186.82997131347656250000                  8.00000000000000000000                  3.37970662117004394531                  4.62029361724853515625
                202.82997131347656250000                  5.43750000000000000000                  0.83721262216567993164                  4.60028743743896484375
                218.82997131347656250000                  4.56250000000000000000                  0.00693461345508694649                  4.55556535720825195312
                234.82997131347656250000                  4.75000000000000000000                  0.26186433434486389160                  4.48813581466674804688
                250.82997131347656250000                  4.93750000000000000000                  0.53560054302215576172                  4.40189933776855468750
                266.82997131347656250000                  4.06250000000000000000                 -0.23977121710777282715                  4.30227136611938476562
                282.82997131347656250000                  4.25000000000000000000                  0.05436815693974494934                  4.19563198089599609375
                298.82997131347656250000                  4.00000000000000000000                 -0.08868656307458877563                  4.08868646621704101562
                314.82997131347656250000                  3.37500000000000000000                 -0.61281079053878784180                  3.98781085014343261719
                330.82997131347656250000                  3.50000000000000000000                 -0.39846494793891906738                  3.89846491813659667969
                346.82997131347656250000                  3.18750000000000000000                 -0.63724631071090698242                  3.82474637031555175781
                362.82997131347656250000                  4.25000000000000000000                  0.48087692260742187500                  3.76912307739257812500
                378.82997131347656250000                  3.81250000000000000000                  0.08013118058443069458                  3.73236870765686035156
                394.82997131347656250000                  3.62500000000000000000                 -0.08868637681007385254                  3.71368646621704101562
                410.82997131347656250000                  4.00000000000000000000                  0.28901299834251403809                  3.71098709106445312500
                426.82997131347656250000                  3.93750000000000000000                  0.21622689068317413330                  3.72127318382263183594
                442.82997131347656250000                  3.12500000000000000000                 -0.61606526374816894531                  3.74106526374816894531
                458.82997131347656250000                  4.37500000000000000000                  0.60818433761596679688                  3.76681566238403320312
                474.82997131347656250000                  3.50000000000000000000                 -0.29526093602180480957                  3.79526090621948242188
