3.83614757886117
3.86654056233335
3.89577576668316
3.92278021973958
3.94714104529817
3.96922780990399
3.99020635545281
4.01192721234588
4.03668916350615
4.06689818103271
4.10466078373479
4.15136564710817
4.20731514683865
4.27146741548074
4.34133874155809
4.41309661360285
4.48184784243729
4.5420976843071
4.58832915376989
4.61563117055893
4.62029345952961
4.60028738374522
4.55556538674907
4.48813565891253
4.40189943817328
4.30227121343686
4.19563184152578
4.08868656206766
3.98781078653775
3.89846494298063
3.82474628606997
3.76912306706037
3.73236881846193
3.71368637334161
3.71098700197077
3.72127311374561
3.74106524039892
3.76681568735194
3.79526094786852
