-0.364140313484031
0.147535626576332
0.0388251444433234
-0.0654146360470069
-0.228314713524387
0.361474552801919
0.0773088670387514
0.479638615437359
-0.0588405813637878
0.584514566756825
-0.0924692425248583
-0.0290383356958124
-0.0387901225212681
-0.0595023842349103
0.40946070221764
-0.442851623533178
0.0109226649937708
-0.0387362208289168
-0.213499453389298
0.302495334074285
1.51231966774023
0.105958700463157
0.21007943412761
0.325389588376938
-0.110897641576783
-0.162491280848846
0.543645382541446
0.00503493291277191
-0.281033362894707
0.182782956647582
-0.105861843585558
0.0387011547366896
-0.134716188141323
-0.189113296753074
0.500665407036103
-0.00217010343652402
0.0534965590523
0.106515952862106
-0.591700471915403
