1.67380349232306
1.70059912465371
1.72321540072823
1.74008563342932
1.74995384067946
1.75200959642501
1.74599474362283
1.7322683877159
1.71181991675614
1.68622484311124
1.65754452150411
1.62817745425723
1.60067593585506
1.57754618795559
1.56105206825955
1.55304148593387
1.55481094874393
1.56701788780375
1.58964367907802
1.62200393103527
1.66279785577541
1.71018620923194
1.76188759446442
1.81528543021895
1.86754160565364
1.91571648921176
1.95689729613821
1.98833697932598
2.00760353706065
2.01273536761237
2.0023930837417
1.97599342340375
1.93380796632988
1.87700937124569
1.80765126821303
1.72857452738465
1.64324143515974
1.55550888890386
1.46936040787452
