               -133.17002868652343750000                  0.75000000000000000000                 -0.92380350828170776367                  1.67380344867706298828
               -117.17002868652343750000                  2.25000000000000000000                  0.54940086603164672852                  1.70059907436370849609
               -101.17002868652343750000                  1.68750000000000000000                 -0.03571540117263793945                  1.72321534156799316406
                -85.17002868652343750000                  2.00000000000000000000                  0.25991436839103698730                  1.74008560180664062500
                -69.17002868652343750000                  1.18750000000000000000                 -0.56245386600494384766                  1.74995386600494384766
                -53.17002868652343750000                  1.50000000000000000000                 -0.25200960040092468262                  1.75200963020324707031
                -37.17002868652343750000                  1.50000000000000000000                 -0.24599474668502807617                  1.74599468708038330078
                -21.17002868652343750000                  1.93750000000000000000                  0.20523160696029663086                  1.73226833343505859375
                 -5.17002868652343750000                  1.81250000000000000000                  0.10068008303642272949                  1.71181988716125488281
                 10.82997131347656250000                  1.62500000000000000000                 -0.06122484430670738220                  1.68622481822967529297
                 26.82997131347656250000                  1.93750000000000000000                  0.27995547652244567871                  1.65754449367523193359
                 42.82997131347656250000                  1.37500000000000000000                 -0.25317746400833129883                  1.62817740440368652344
                 58.82997131347656250000                  1.93750000000000000000                  0.33682405948638916016                  1.60067594051361083984
                 74.82997131347656250000                  1.68750000000000000000                  0.10995381325483322144                  1.57754623889923095703
                 90.82997131347656250000                  1.25000000000000000000                 -0.31105205416679382324                  1.56105208396911621094
                106.82997131347656250000                  1.43750000000000000000                 -0.11554148793220520020                  1.55304145812988281250
                122.82997131347656250000                  1.37500000000000000000                 -0.17981095612049102783                  1.55481100082397460938
                138.82997131347656250000                  1.43750000000000000000                 -0.12951788306236267090                  1.56701791286468505859
                154.82997131347656250000                  1.31250000000000000000                 -0.27714368700981140137                  1.58964371681213378906
                170.82997131347656250000                  1.87500000000000000000                  0.25299605727195739746                  1.62200391292572021484
                186.82997131347656250000                 11.56250000000000000000                  9.89970207214355468750                  1.66279780864715576172
                202.82997131347656250000                 14.06250000000000000000                 12.35231399536132812500                  1.71018624305725097656
                218.82997131347656250000                  1.50000000000000000000                 -0.26188758015632629395                  1.76188755035400390625
                234.82997131347656250000                  1.56250000000000000000                 -0.25278544425964355469                  1.81528544425964355469
                250.82997131347656250000                  1.37500000000000000000                 -0.49254161119461059570                  1.86754155158996582031
                266.82997131347656250000                  2.31250000000000000000                  0.39678350090980529785                  1.91571652889251708984
                282.82997131347656250000                  1.81250000000000000000                 -0.14439730346202850342                  1.95689725875854492188
                298.82997131347656250000                  1.68750000000000000000                 -0.30083698034286499023                  1.98833692073822021484
                314.82997131347656250000                  2.37500000000000000000                  0.36739647388458251953                  2.00760364532470703125
                330.82997131347656250000                  1.87500000000000000000                 -0.13773536682128906250                  2.01273536682128906250
                346.82997131347656250000                  2.12500000000000000000                  0.12260691821575164795                  2.00239300727844238281
                362.82997131347656250000                  2.06250000000000000000                  0.08650657534599304199                  1.97599339485168457031
                378.82997131347656250000                  1.87500000000000000000                 -0.05880796536803245544                  1.93380796909332275391
                394.82997131347656250000                  1.62500000000000000000                 -0.25200936198234558105                  1.87700939178466796875
                410.82997131347656250000                  1.93750000000000000000                  0.12984873354434967041                  1.80765128135681152344
                426.82997131347656250000                  1.81250000000000000000                  0.08392547070980072021                  1.72857451438903808594
                442.82997131347656250000                  2.06250000000000000000                  0.41925856471061706543                  1.64324140548706054688
                458.82997131347656250000                  1.75000000000000000000                  0.19449111819267272949                  1.55550885200500488281
                474.82997131347656250000                  1.18750000000000000000                 -0.28186041116714477539                  1.46936035156250000000
