               -133.17002868652343750000                  1.06250000000000000000                 -1.21962296962738037109                  2.28212285041809082031
               -117.17002868652343750000                  2.43750000000000000000                  0.06720352917909622192                  2.37029647827148437500
               -101.17002868652343750000                  3.12500000000000000000                  0.67450356483459472656                  2.45049643516540527344
                -85.17002868652343750000                  2.50000000000000000000                 -0.01849724911153316498                  2.51849722862243652344
                -69.17002868652343750000                  3.06250000000000000000                  0.49103394150733947754                  2.57146596908569335938
                -53.17002868652343750000                  2.75000000000000000000                  0.14168955385684967041                  2.60831046104431152344
                -37.17002868652343750000                  2.62500000000000000000                 -0.00483102863654494286                  2.62983107566833496094
                -21.17002868652343750000                  2.87500000000000000000                  0.23635475337505340576                  2.63864517211914062500
                 -5.17002868652343750000                  2.06250000000000000000                 -0.57637816667556762695                  2.63887810707092285156
                 10.82997131347656250000                  3.12500000000000000000                  0.48935315012931823730                  2.63564682006835937500
                 26.82997131347656250000                  2.43750000000000000000                 -0.19689597189426422119                  2.63439607620239257812
                 42.82997131347656250000                  2.43750000000000000000                 -0.20266614854335784912                  2.64016604423522949219
                 58.82997131347656250000                  2.81250000000000000000                  0.15560832619667053223                  2.65689158439636230469
                 74.82997131347656250000                  2.75000000000000000000                  0.06317449361085891724                  2.68682551383972167969
                 90.82997131347656250000                  2.25000000000000000000                 -0.48017621040344238281                  2.73017621040344238281
                106.82997131347656250000                  3.12500000000000000000                  0.33998405933380126953                  2.78501605987548828125
                122.82997131347656250000                  2.75000000000000000000                 -0.09748068451881408691                  2.84748077392578125000
                138.82997131347656250000                  2.68750000000000000000                 -0.22474245727062225342                  2.91224241256713867188
                154.82997131347656250000                  1.87500000000000000000                 -1.09819149971008300781                  2.97319149971008300781
                170.82997131347656250000                  2.37500000000000000000                 -0.64923375844955444336                  3.02423381805419921875
                186.82997131347656250000                 24.31250000000000000000                 21.25241088867187500000                  3.06008839607238769531
                202.82997131347656250000                 24.56250000000000000000                 21.48552894592285156250                  3.07697105407714843750
                218.82997131347656250000                  3.56250000000000000000                  0.48943734169006347656                  3.07306265830993652344
                234.82997131347656250000                  2.87500000000000000000                 -0.17369949817657470703                  3.04869937896728515625
                250.82997131347656250000                  2.56250000000000000000                 -0.44376340508460998535                  3.00626349449157714844
                266.82997131347656250000                  3.43750000000000000000                  0.48770171403884887695                  2.94979834556579589844
                282.82997131347656250000                  2.12500000000000000000                 -0.75942152738571166992                  2.88442158699035644531
                298.82997131347656250000                  2.37500000000000000000                 -0.44062796235084533691                  2.81562805175781250000
                314.82997131347656250000                  2.25000000000000000000                 -0.49859607219696044922                  2.74859595298767089844
                330.82997131347656250000                  2.50000000000000000000                 -0.18759879469871520996                  2.68759870529174804688
                346.82997131347656250000                  3.12500000000000000000                  0.48940226435661315918                  2.63559770584106445312
                362.82997131347656250000                  2.62500000000000000000                  0.03093703649938106537                  2.59406304359436035156
                378.82997131347656250000                  2.75000000000000000000                  0.18697838485240936279                  2.56302165985107421875
                394.82997131347656250000                  3.06250000000000000000                  0.52119910717010498047                  2.54130101203918457031
                410.82997131347656250000                  2.81250000000000000000                  0.28559574484825134277                  2.52690434455871582031
                426.82997131347656250000                  2.00000000000000000000                 -0.51744502782821655273                  2.51744508743286132812
                442.82997131347656250000                  3.00000000000000000000                  0.48943650722503662109                  2.51056361198425292969
                458.82997131347656250000                  2.75000000000000000000                  0.24573437869548797607                  2.50426554679870605469
                474.82997131347656250000                  2.43750000000000000000                 -0.05964448675513267517                  2.49714446067810058594
