5.62987275629594
5.69941391030701
5.77015121403928
5.83859764297414
5.90140510271651
5.95567417811194
5.99923327090762
6.03085229250039
6.0503618881686
6.05865941521628
6.05759642135853
6.04975740875853
6.03815409774876
6.0258710591311
6.01570562135257
6.00984618082064
6.00962813007299
6.01539621579281
6.02648777926731
6.04133519215117
6.05767033550934
6.0727834035857
6.08392530835121
6.08843444323245
6.08418518321212
6.06969758221035
6.04427204989416
6.00801860753024
5.96180631836825
5.90714903844924
5.84604866075175
5.78081822512185
5.71390512366999
5.64773014386663
5.5845525005478
5.52636551460075
5.47482312669229
5.43119450025838
5.39634263739611
