-2.06737275629594
-0.261913910307013
0.917348785960717
0.848902357025861
-0.0889051027165131
-0.330674178111942
1.56326672909238
-0.280852292500386
0.637138111831399
0.0663405847837195
0.254903578641474
0.200242591241474
-0.663154097748762
-0.0883710591310987
-0.51570562135257
0.177653819179362
-0.00962813007299346
-0.140396215792815
-0.0889877792673097
-0.291335192151173
80.0673296644907
119.239716596414
8.04107469164878
1.47406555676755
-0.709185183212116
0.430302417789648
0.0182279501058416
-1.07051860753024
0.413193681631748
-0.407149038449243
-0.221048660751749
0.406681774878153
-0.0889051236699867
0.164769856133372
1.2279474994522
-0.0888655146007533
-0.474823126692291
1.31880549974162
-0.958842637396113
