5.84118239649374
5.79659818706558
5.72817018923393
5.63638908471632
5.52536735133294
5.40330444450419
5.28249566274861
5.1787766614655
5.11035926468526
5.09609877849005
5.1533279648374
5.29548365563709
5.52982212200678
5.85555308000649
6.26270804648434
6.73199216053185
7.2357540747304
7.74005997031534
8.20769682641717
8.60178285282512
8.88955531740875
9.0458584408252
9.05587758489234
8.91675941075983
8.63790735057671
8.23992375701977
7.75235480339009
7.21055172152986
6.65206777805927
6.11304977384736
5.62505318047936
5.21262060496068
4.89183284131599
4.66989435651098
4.54567517511733
4.51101932026349
4.5525596358081
4.65375475839833
4.7968827989714
