0.955019510185309
0.965358146685057
0.976789339147521
0.988594200401302
1.00001731534207
1.01035004187133
1.01901634995742
1.02565013493412
1.03015311617162
1.03272428668963
1.03385521922231
1.03428988560556
1.03495233491595
1.03684985382869
1.04096242482256
1.04813093283475
1.05895646813688
1.07372136411861
1.09233968962258
1.11434134486221
1.13889027788493
1.16483414244374
1.19078027489708
1.21519128166796
1.2364927182687
1.25318511052737
1.26395270137813
1.26776164675183
1.26394088679071
1.25223965211354
1.23285666822174
1.20643773209569
1.17404051233641
1.13706808953819
1.09717567202041
1.05615772873938
1.01582504848173
0.977882562585932
0.943818876817802
