-0.330019510185309
0.784641853314943
0.523210660852479
-0.113594200401302
-0.0625173153420657
-0.260350041871328
0.230983650042575
0.0368498650658806
0.0948468838283798
0.15477571331037
-0.0963552192223078
0.0907101143944449
0.0275476650840516
-0.0368498538286914
-0.165962424822556
-0.0481309328347483
-0.0589564681368819
0.113778635881392
0.282660310377421
-0.301841344862206
1.61110972211507
0.335165857556261
-0.0657802748970797
0.0348087183320405
-0.111492718268705
0.12181488947263
-0.0139527013781282
-0.142761646751828
0.486059113209292
-0.0022396521135406
0.0796433317782612
-0.581437732095693
0.0759594876635887
-0.0120680895381899
0.277824327979592
-0.0561577287393846
-0.265825048481728
0.209617437414068
-0.0688188768178019
