-1.41854923941928
0.170776833774872
-0.179296883116338
-0.15506033190952
0.494423519525126
0.582244976307354
0.171128706867917
-0.239027708891274
-0.711063960863201
-0.182930118959022
0.1574572737658
0.559853334084537
0.274295234563069
-0.13633283551182
-0.171290811678636
0.107968028273922
-0.109803204045334
-0.448281408927237
-0.0312255743533139
-0.17012177146336
5.88570035001935
8.01149621628515
-0.480410648113651
0.534409137145819
-0.319925087408445
0.39301090766957
-0.202927795109598
-0.171338721305359
-1.07568238108708
0.895768912874549
-0.00756000115799704
0.151423778051716
0.497424946511373
0.155191564184179
-0.188049536050908
-0.157639664574125
0.870991652344582
-0.477663444292788
0.170845658416291
