               -133.17002868652343750000                  1.25000000000000000000                 -1.41854918003082275391                  2.66854929924011230469
               -117.17002868652343750000                  2.87500000000000000000                  0.17077682912349700928                  2.70422315597534179688
               -101.17002868652343750000                  2.56250000000000000000                 -0.17929688096046447754                  2.74179697036743164062
                -85.17002868652343750000                  2.62500000000000000000                 -0.15506033599376678467                  2.78006029129028320312
                -69.17002868652343750000                  3.31250000000000000000                  0.49442350864410400391                  2.81807637214660644531
                -53.17002868652343750000                  3.43750000000000000000                  0.58224499225616455078                  2.85525512695312500000
                -37.17002868652343750000                  3.06250000000000000000                  0.17112870514392852783                  2.89137125015258789062
                -21.17002868652343750000                  2.68750000000000000000                 -0.23902770876884460449                  2.92652773857116699219
                 -5.17002868652343750000                  2.25000000000000000000                 -0.71106398105621337891                  2.96106386184692382812
                 10.82997131347656250000                  2.81250000000000000000                 -0.18293011188507080078                  2.99543023109436035156
                 26.82997131347656250000                  3.18750000000000000000                  0.15745727717876434326                  3.03004264831542968750
                 42.82997131347656250000                  3.62500000000000000000                  0.55985331535339355469                  3.06514668464660644531
                 58.82997131347656250000                  3.37500000000000000000                  0.27429524064064025879                  3.10070466995239257812
                 74.82997131347656250000                  3.00000000000000000000                 -0.13633283972740173340                  3.13633275032043457031
                 90.82997131347656250000                  3.00000000000000000000                 -0.17129081487655639648                  3.17129087448120117188
                106.82997131347656250000                  3.31250000000000000000                  0.10796802490949630737                  3.20453190803527832031
                122.82997131347656250000                  3.12500000000000000000                 -0.10980320721864700317                  3.23480319976806640625
                138.82997131347656250000                  2.81250000000000000000                 -0.44828140735626220703                  3.26078152656555175781
                154.82997131347656250000                  3.25000000000000000000                 -0.03122557513415813446                  3.28122568130493164062
                170.82997131347656250000                  3.12500000000000000000                 -0.17012177407741546631                  3.29512166976928710938
                186.82997131347656250000                  9.18750000000000000000                  5.88570022583007812500                  3.30179953575134277344
                202.82997131347656250000                 11.31250000000000000000                  8.01149654388427734375                  3.30100369453430175781
                218.82997131347656250000                  2.81250000000000000000                 -0.48041063547134399414                  3.29291057586669921875
                234.82997131347656250000                  3.81250000000000000000                  0.53440916538238525391                  3.27809095382690429688
                250.82997131347656250000                  2.93750000000000000000                 -0.31992509961128234863                  3.25742506980895996094
                266.82997131347656250000                  3.62500000000000000000                  0.39301091432571411133                  3.23198914527893066406
                282.82997131347656250000                  3.00000000000000000000                 -0.20292779803276062012                  3.20292782783508300781
                298.82997131347656250000                  3.00000000000000000000                 -0.17133872210979461670                  3.17133879661560058594
                314.82997131347656250000                  2.06250000000000000000                 -1.07568240165710449219                  3.13818240165710449219
                330.82997131347656250000                  4.00000000000000000000                  0.89576894044876098633                  3.10423111915588378906
                346.82997131347656250000                  3.06250000000000000000                 -0.00756000122055411339                  3.07006001472473144531
                362.82997131347656250000                  3.18750000000000000000                  0.15142378211021423340                  3.03607630729675292969
                378.82997131347656250000                  3.50000000000000000000                  0.49742496013641357422                  3.00257515907287597656
                394.82997131347656250000                  3.12500000000000000000                  0.15519157052040100098                  2.96980834007263183594
                410.82997131347656250000                  2.75000000000000000000                 -0.18804953992366790771                  2.93804955482482910156
                426.82997131347656250000                  2.75000000000000000000                 -0.15763966739177703857                  2.90763974189758300781
                442.82997131347656250000                  3.75000000000000000000                  0.87099164724349975586                  2.87900829315185546875
                458.82997131347656250000                  2.37500000000000000000                 -0.47766345739364624023                  2.85266351699829101562
                474.82997131347656250000                  3.00000000000000000000                  0.17084565758705139160                  2.82915425300598144531
