-3.27894919701646
1.09015964203291
0.346499445588103
-0.4465705925294
0.0861187910508088
-0.431025993126437
0.50062051787982
-0.996056770618632
0.138682872567634
0.964080101516399
-0.0859454957497938
-0.0775968129016853
-0.826996622803689
0.100005492199596
-1.04949322023755
-0.777799998155507
-0.0240043664449754
0.0861186513388832
1.30268152957741
0.626733413824363
87.747782078734
121.293804306263
9.83107258765516
1.05177040948157
0.0860794546442518
-1.06045839917828
-0.819783348418911
0.688313356814583
-1.34420192565595
0.836017574459534
0.355877347513005
0.653115885616019
-0.0862917783506765
0.8844191070759
0.310509264970226
-0.31392035186563
-0.0579785861134745
-0.303473906795402
-1.05689676661913
