               -133.17002868652343750000                  3.75000000000000000000                 -3.27894926071166992188                  7.02894926071166992188
               -117.17002868652343750000                  8.12500000000000000000                  1.09015965461730957031                  7.03484058380126953125
               -101.17002868652343750000                  7.37500000000000000000                  0.34649944305419921875                  7.02850055694580078125
                -85.17002868652343750000                  6.56250000000000000000                 -0.44657060503959655762                  7.00907039642333984375
                -69.17002868652343750000                  7.06250000000000000000                  0.08611878752708435059                  6.97638130187988281250
                -53.17002868652343750000                  6.50000000000000000000                 -0.43102598190307617188                  6.93102598190307617188
                -37.17002868652343750000                  7.37500000000000000000                  0.50062054395675659180                  6.87437963485717773438
                -21.17002868652343750000                  5.81250000000000000000                 -0.99605679512023925781                  6.80855655670166015625
                 -5.17002868652343750000                  6.87500000000000000000                  0.13868287205696105957                  6.73631715774536132812
                 10.82997131347656250000                  7.62500000000000000000                  0.96408009529113769531                  6.66091966629028320312
                 26.82997131347656250000                  6.50000000000000000000                 -0.08594549447298049927                  6.58594560623168945312
                 42.82997131347656250000                  6.43750000000000000000                 -0.07759681344032287598                  6.51509666442871093750
                 58.82997131347656250000                  5.62500000000000000000                 -0.82699662446975708008                  6.45199680328369140625
                 74.82997131347656250000                  6.50000000000000000000                  0.10000549256801605225                  6.39999437332153320312
                 90.82997131347656250000                  5.31250000000000000000                 -1.04949319362640380859                  6.36199331283569335938
                106.82997131347656250000                  5.56250000000000000000                 -0.77780002355575561523                  6.34030008316040039062
                122.82997131347656250000                  6.31250000000000000000                 -0.02400436624884605408                  6.33650445938110351562
                138.82997131347656250000                  6.43750000000000000000                  0.08611865341663360596                  6.35138130187988281250
                154.82997131347656250000                  7.68750000000000000000                  1.30268156528472900391                  6.38481855392456054688
                170.82997131347656250000                  7.06250000000000000000                  0.62673342227935791016                  6.43576669692993164062
                186.82997131347656250000                 94.25000000000000000000                 87.74777984619140625000                  6.50221776962280273438
                202.82997131347656250000                127.87500000000000000000                121.29380798339843750000                  6.58119583129882812500
                218.82997131347656250000                 16.50000000000000000000                  9.83107280731201171875                  6.66892719268798828125
                234.82997131347656250000                  7.81250000000000000000                  1.05177044868469238281                  6.76072978973388671875
                250.82997131347656250000                  6.93750000000000000000                  0.08607945591211318970                  6.85142040252685546875
                266.82997131347656250000                  5.87500000000000000000                 -1.06045842170715332031                  6.93545818328857421875
                282.82997131347656250000                  6.18750000000000000000                 -0.81978332996368408203                  7.00728321075439453125
                298.82997131347656250000                  7.75000000000000000000                  0.68831336498260498047                  7.06168651580810546875
                314.82997131347656250000                  5.75000000000000000000                 -1.34420192241668701172                  7.09420204162597656250
                330.82997131347656250000                  7.93750000000000000000                  0.83601754903793334961                  7.10148239135742187500
                346.82997131347656250000                  7.43750000000000000000                  0.35587733983993530273                  7.08162260055541992188
                362.82997131347656250000                  7.68750000000000000000                  0.65311586856842041016                  7.03438425064086914062
                378.82997131347656250000                  6.87500000000000000000                 -0.08629177510738372803                  6.96129179000854492188
                394.82997131347656250000                  7.75000000000000000000                  0.88441908359527587891                  6.86558103561401367188
                410.82997131347656250000                  7.06250000000000000000                  0.31050926446914672852                  6.75199079513549804688
                426.82997131347656250000                  6.31250000000000000000                 -0.31392034888267517090                  6.62642049789428710938
                442.82997131347656250000                  6.43750000000000000000                 -0.05797858536243438721                  6.49547863006591796875
                458.82997131347656250000                  6.06250000000000000000                 -0.30347391963005065918                  6.36597394943237304688
                474.82997131347656250000                  5.18750000000000000000                 -1.05689680576324462891                  6.24439668655395507812
