6.12450222087919
6.0052545582297
5.86857597293187
5.71947962690574
5.566577639252
5.42221573257902
5.3021198889534
5.22447020896746
5.2083885092553
5.27191782045032
5.42967155270704
5.69042093899824
6.05495283797997
6.51454913906876
7.0504024681922
7.63418815198667
8.22986783087587
8.79662482102487
9.29265265653914
9.67936718847486
9.92551792844204
10.0106565473883
9.92748721545813
9.68276725782814
9.29662548769238
8.80038710622828
8.23320135731936
7.63792699466693
7.05681605950315
6.52753721078979
6.07999998507451
5.73429880237278
5.49991780956675
5.37615609582008
5.35357646495119
5.4161714836229
5.54388915157042
5.7151672873862
5.9091809510979
