2.92457647715334
2.99265747592254
3.05937924301271
3.12051370835694
3.17209905942787
3.21084379417334
3.23448908312807
3.2420823732902
3.23412292354004
3.2125538653026
3.18059381036224
3.1424215201299
3.10274676662983
3.06631629807992
3.03741329008871
3.01941024342978
3.0144286043466
3.02314434393019
3.04475940605092
3.07713720834172
3.11707949262335
3.16068362685284
3.20387817119767
3.24263806112527
3.27357149217384
3.29409833507983
3.30264143616855
3.29867581438368
3.2826661932724
3.25591486793717
3.22034994070008
3.17828669100141
3.13219261934353
3.0844806276583
3.03734644424348
2.99265747096291
2.95189222824214
2.91612356889352
2.88603533950967
