-1.36207647715334
0.0698425240774645
-0.246879243012709
-0.120513708356945
0.327900940572132
0.35165620582666
0.453010916871932
-0.367082373290197
0.64087707645996
0.224946134697401
-0.805593810362236
0.170078479870101
0.584753233370168
-0.316316298079916
-0.162413290088708
-0.0819102434297818
-0.201928604346604
0.226855656069807
-0.357259406050919
0.922862791658275
25.8829205073766
35.1518163731472
1.67112182880233
0.0698619388747339
0.913928507826163
-0.0440983350798305
0.00985856383145167
0.0763241856163233
-0.532666193272405
-0.130914867937166
-0.532849940700082
0.259213308998592
-0.0696926193435283
-0.0219806276582983
1.71265355575652
0.069842529037091
-0.201892228242144
0.958876431106485
-0.511035339509672
