               -133.17002868652343750000                  1.56250000000000000000                 -1.36207652091979980469                  2.92457652091979980469
               -117.17002868652343750000                  3.06250000000000000000                  0.06984252482652664185                  2.99265742301940917969
               -101.17002868652343750000                  2.81250000000000000000                 -0.24687924981117248535                  3.05937933921813964844
                -85.17002868652343750000                  3.00000000000000000000                 -0.12051370739936828613                  3.12051367759704589844
                -69.17002868652343750000                  3.50000000000000000000                  0.32790094614028930664                  3.17209911346435546875
                -53.17002868652343750000                  3.56250000000000000000                  0.35165619850158691406                  3.21084380149841308594
                -37.17002868652343750000                  3.68750000000000000000                  0.45301091670989990234                  3.23448896408081054688
                -21.17002868652343750000                  2.87500000000000000000                 -0.36708238720893859863                  3.24208235740661621094
                 -5.17002868652343750000                  3.87500000000000000000                  0.64087706804275512695                  3.23412299156188964844
                 10.82997131347656250000                  3.43750000000000000000                  0.22494614124298095703                  3.21255397796630859375
                 26.82997131347656250000                  2.37500000000000000000                 -0.80559378862380981445                  3.18059372901916503906
                 42.82997131347656250000                  3.31250000000000000000                  0.17007848620414733887                  3.14242148399353027344
                 58.82997131347656250000                  3.68750000000000000000                  0.58475321531295776367                  3.10274672508239746094
                 74.82997131347656250000                  2.75000000000000000000                 -0.31631630659103393555                  3.06631636619567871094
                 90.82997131347656250000                  2.87500000000000000000                 -0.16241328418254852295                  3.03741335868835449219
                106.82997131347656250000                  2.93750000000000000000                 -0.08191024512052536011                  3.01941013336181640625
                122.82997131347656250000                  2.81250000000000000000                 -0.20192860066890716553                  3.01442861557006835938
                138.82997131347656250000                  3.25000000000000000000                  0.22685565054416656494                  3.02314424514770507812
                154.82997131347656250000                  2.68750000000000000000                 -0.35725939273834228516                  3.04475951194763183594
                170.82997131347656250000                  4.00000000000000000000                  0.92286276817321777344                  3.07713723182678222656
                186.82997131347656250000                 29.00000000000000000000                 25.88292121887207031250                  3.11707949638366699219
                202.82997131347656250000                 38.31250000000000000000                 35.15181732177734375000                  3.16068363189697265625
                218.82997131347656250000                  4.87500000000000000000                  1.67112183570861816406                  3.20387816429138183594
                234.82997131347656250000                  3.31250000000000000000                  0.06986194103956222534                  3.24263811111450195312
                250.82997131347656250000                  4.18750000000000000000                  0.91392850875854492188                  3.27357149124145507812
                266.82997131347656250000                  3.25000000000000000000                 -0.04409833624958992004                  3.29409837722778320312
                282.82997131347656250000                  3.31250000000000000000                  0.00985856354236602783                  3.30264139175415039062
                298.82997131347656250000                  3.37500000000000000000                  0.07632418721914291382                  3.29867577552795410156
                314.82997131347656250000                  2.75000000000000000000                 -0.53266620635986328125                  3.28266620635986328125
                330.82997131347656250000                  3.12500000000000000000                 -0.13091486692428588867                  3.25591492652893066406
                346.82997131347656250000                  2.68750000000000000000                 -0.53284996747970581055                  3.22035002708435058594
                362.82997131347656250000                  3.43750000000000000000                  0.25921329855918884277                  3.17828679084777832031
                378.82997131347656250000                  3.06250000000000000000                 -0.06969261914491653442                  3.13219261169433593750
                394.82997131347656250000                  3.06250000000000000000                 -0.02198062837123870850                  3.08448052406311035156
                410.82997131347656250000                  4.75000000000000000000                  1.71265351772308349609                  3.03734636306762695312
                426.82997131347656250000                  3.06250000000000000000                  0.06984253227710723877                  2.99265742301940917969
                442.82997131347656250000                  2.75000000000000000000                 -0.20189222693443298340                  2.95189213752746582031
                458.82997131347656250000                  3.87500000000000000000                  0.95887643098831176758                  2.91612362861633300781
                474.82997131347656250000                  2.37500000000000000000                 -0.51103532314300537109                  2.88603544235229492188
