2.25436199759817
2.418744507012
2.57747606262484
2.72084302649311
2.84111224010278
2.93353605017645
2.99702458872735
3.03435928589652
3.05188008870833
3.05865430867635
3.06521624625468
3.08204035889279
3.11796344158058
3.17879232589447
3.26631702184641
3.37789537158008
3.50669121166733
3.64254666644669
3.77336724751033
3.88681354491954
3.97204074367578
4.02121695172195
4.03058597975506
4.00091429444551
3.93726268471849
3.8481331123388
3.74414099314608
3.63643549405146
3.53512329397735
3.44794004523924
3.37936203250981
3.33026904075855
3.29817391901242
3.27794220746891
3.26285227648715
3.24580397413699
3.22047672092218
3.18226447067137
3.12886725904977
