4.56561120389002
4.59918345046924
4.63712757546674
4.67789904361351
4.72001362065773
4.76220219633714
4.8035383951142
4.84352097138335
4.88209829475069
4.91962967530481
4.95678686465587
4.99440756916166
5.03331995099966
5.07416174635511
5.11721901289857
5.16230732619471
5.20871272116716
5.25520159424186
5.30009933777511
5.34142809727417
5.37708614933086
5.40502230940231
5.42354791933302
5.43126241225708
5.4274100228993
5.41182155062422
5.38493984138391
5.34776706887268
5.30176902551979
5.24875157639447
5.19072554628771
5.12977491686671
5.06793991334298
5.00712222580063
4.94901516744949
4.89505781875862
4.84640966888131
4.80394113143147
4.7682354437281
