               -133.17002868652343750000                  3.31250000000000000000                 -1.25311124324798583984                  4.56561136245727539062
               -117.17002868652343750000                  4.62500000000000000000                  0.02581654861569404602                  4.59918355941772460938
               -101.17002868652343750000                  4.37500000000000000000                 -0.26212757825851440430                  4.63712739944458007812
                -85.17002868652343750000                  6.87500000000000000000                  2.19710087776184082031                  4.67789888381958007812
                -69.17002868652343750000                  5.25000000000000000000                  0.52998638153076171875                  4.72001361846923828125
                -53.17002868652343750000                  5.68750000000000000000                  0.92529779672622680664                  4.76220226287841796875
                -37.17002868652343750000                  5.43750000000000000000                  0.63396161794662475586                  4.80353832244873046875
                -21.17002868652343750000                  4.62500000000000000000                 -0.21852096915245056152                  4.84352111816406250000
                 -5.17002868652343750000                  4.75000000000000000000                 -0.13209828734397888184                  4.88209819793701171875
                 10.82997131347656250000                  4.81250000000000000000                 -0.10712967813014984131                  4.91962957382202148438
                 26.82997131347656250000                  6.06250000000000000000                  1.10571312904357910156                  4.95678663253784179688
                 42.82997131347656250000                  5.06250000000000000000                  0.06809242814779281616                  4.99440765380859375000
                 58.82997131347656250000                  5.18750000000000000000                  0.15418004989624023438                  5.03331995010375976562
                 74.82997131347656250000                  4.68750000000000000000                 -0.38666173815727233887                  5.07416152954101562500
                 90.82997131347656250000                  5.00000000000000000000                 -0.11721901595592498779                  5.11721897125244140625
                106.82997131347656250000                  5.43750000000000000000                  0.27519267797470092773                  5.16230726242065429688
                122.82997131347656250000                  4.75000000000000000000                 -0.45871272683143615723                  5.20871257781982421875
                138.82997131347656250000                  5.18750000000000000000                 -0.06770159304141998291                  5.25520181655883789062
                154.82997131347656250000                  5.50000000000000000000                  0.19990065693855285645                  5.30009937286376953125
                170.82997131347656250000                  5.18750000000000000000                 -0.15392810106277465820                  5.34142827987670898438
                186.82997131347656250000                 67.43750000000000000000                 62.06041336059570312500                  5.37708616256713867188
                202.82997131347656250000                 88.31250000000000000000                 82.90747833251953125000                  5.40502214431762695312
                218.82997131347656250000                  9.31250000000000000000                  3.88895201683044433594                  5.42354774475097656250
                234.82997131347656250000                  5.81250000000000000000                  0.38123759627342224121                  5.43126249313354492188
                250.82997131347656250000                  4.93750000000000000000                 -0.48991003632545471191                  5.42741012573242187500
                266.82997131347656250000                  5.56250000000000000000                  0.15067845582962036133                  5.41182136535644531250
                282.82997131347656250000                  4.93750000000000000000                 -0.44743984937667846680                  5.38493967056274414062
                298.82997131347656250000                  6.12500000000000000000                  0.77723294496536254883                  5.34776687622070312500
                314.82997131347656250000                  4.81250000000000000000                 -0.48926901817321777344                  5.30176925659179687500
                330.82997131347656250000                  5.06250000000000000000                 -0.18625158071517944336                  5.24875164031982421875
                346.82997131347656250000                  5.37500000000000000000                  0.18427444994449615479                  5.19072532653808593750
                362.82997131347656250000                  5.18750000000000000000                  0.05772508308291435242                  5.12977504730224609375
                378.82997131347656250000                  5.00000000000000000000                 -0.06793991476297378540                  5.06793975830078125000
                394.82997131347656250000                  5.06250000000000000000                  0.05537777394056320190                  5.00712203979492187500
                410.82997131347656250000                  5.12500000000000000000                  0.17598482966423034668                  4.94901514053344726562
                426.82997131347656250000                  4.93750000000000000000                  0.04244218021631240845                  4.89505767822265625000
                442.82997131347656250000                  4.68750000000000000000                 -0.15890966355800628662                  4.84640979766845703125
                458.82997131347656250000                  5.06250000000000000000                  0.25855886936187744141                  4.80394124984741210938
                474.82997131347656250000                  3.93750000000000000000                 -0.83073544502258300781                  4.76823520660400390625
