4.96093676260481
5.08193495470393
5.17482501131746
5.23322374935541
5.25505735048897
5.24330169222449
5.20613752125816
5.1564263910274
5.11050012433032
5.08635490856663
5.10143674416568
5.17028238451898
5.30232497206255
5.50017604330284
5.75865131213197
6.06471995895389
6.39843691207068
6.73478191693424
7.04619882560851
7.30552446998481
7.48893611252474
7.57854035332059
7.56427609463709
7.44490186147782
7.22796747832182
6.92881063998748
6.56874782576617
6.17272662069962
5.7667593802118
5.37546117321398
5.01997163087742
4.71646167231471
4.47532781658181
4.30107617373501
4.19281078134854
4.14517804123221
4.14958632035718
4.19551724748139
4.27176797351785
