               -133.17002868652343750000                  0.75000000000000000000                 -0.60756629705429077148                  1.35756623744964599609
               -117.17002868652343750000                  1.43750000000000000000                  0.10679693520069122314                  1.33070302009582519531
               -101.17002868652343750000                  1.81250000000000000000                  0.50937247276306152344                  1.30312752723693847656
                -85.17002868652343750000                  1.31250000000000000000                  0.03639246523380279541                  1.27610754966735839844
                -69.17002868652343750000                  1.06250000000000000000                 -0.18860405683517456055                  1.25110411643981933594
                -53.17002868652343750000                  1.06250000000000000000                 -0.16718424856662750244                  1.22968423366546630859
                -37.17002868652343750000                  1.25000000000000000000                  0.03658879548311233521                  1.21341121196746826172
                -21.17002868652343750000                  1.87500000000000000000                  0.67128086090087890625                  1.20371913909912109375
                 -5.17002868652343750000                  1.12500000000000000000                 -0.07678509503602981567                  1.20178508758544921875
                 10.82997131347656250000                  1.31250000000000000000                  0.10408852994441986084                  1.20841145515441894531
                 26.82997131347656250000                  1.18750000000000000000                 -0.03643180802464485168                  1.22393178939819335938
                 42.82997131347656250000                  0.93750000000000000000                 -0.31065300107002258301                  1.24815297126770019531
                 58.82997131347656250000                  1.50000000000000000000                  0.21965812146663665771                  1.28034186363220214844
                 74.82997131347656250000                  0.93750000000000000000                 -0.38176059722900390625                  1.31926059722900390625
                 90.82997131347656250000                  0.68750000000000000000                 -0.67574864625930786133                  1.36324870586395263672
                106.82997131347656250000                  1.31250000000000000000                 -0.09784478694200515747                  1.41034483909606933594
                122.82997131347656250000                  1.62500000000000000000                  0.16656395792961120605                  1.45843601226806640625
                138.82997131347656250000                  1.68750000000000000000                  0.18208111822605133057                  1.50541889667510986328
                154.82997131347656250000                  1.56250000000000000000                  0.01314480230212211609                  1.54935514926910400391
                170.82997131347656250000                  1.62500000000000000000                  0.03639248386025428772                  1.58860754966735839844
                186.82997131347656250000                  1.87500000000000000000                  0.25305950641632080078                  1.62194049358367919922
                202.82997131347656250000                  2.31250000000000000000                  0.66391962766647338867                  1.64858031272888183594
                218.82997131347656250000                  1.56250000000000000000                 -0.10572919249534606934                  1.66822922229766845703
                234.82997131347656250000                  1.43750000000000000000                 -0.24353694915771484375                  1.68103694915771484375
                250.82997131347656250000                  1.62500000000000000000                 -0.06253746151924133301                  1.68753743171691894531
                266.82997131347656250000                  1.18750000000000000000                 -0.50105923414230346680                  1.68855929374694824219
                282.82997131347656250000                  1.81250000000000000000                  0.12737752497196197510                  1.68512248992919921875
                298.82997131347656250000                  1.93750000000000000000                  0.25916624069213867188                  1.67833375930786132812
                314.82997131347656250000                  1.87500000000000000000                  0.20571091771125793457                  1.66928911209106445312
                330.82997131347656250000                  1.93750000000000000000                  0.27850744128227233887                  1.65899252891540527344
                346.82997131347656250000                  1.12500000000000000000                 -0.52329587936401367188                  1.64829587936401367188
                362.82997131347656250000                  1.25000000000000000000                 -0.38786071538925170898                  1.63786077499389648438
                378.82997131347656250000                  1.37500000000000000000                 -0.25314354896545410156                  1.62814354896545410156
                394.82997131347656250000                  1.75000000000000000000                  0.13059954345226287842                  1.61940050125122070312
                410.82997131347656250000                  1.18750000000000000000                 -0.42420849204063415527                  1.61170852184295654297
                426.82997131347656250000                  1.68750000000000000000                  0.08250129967927932739                  1.60499870777130126953
                442.82997131347656250000                  1.81250000000000000000                  0.21340355277061462402                  1.59909641742706298828
                458.82997131347656250000                  1.18750000000000000000                 -0.40626403689384460449                  1.59376406669616699219
                474.82997131347656250000                  1.62500000000000000000                  0.03625816106796264648                  1.58874189853668212891
