1.35756629099163
1.33070306494238
1.30312752129607
1.27610753567894
1.25110405987858
1.22968424123709
1.2134112039097
1.20371911096002
1.20178509702916
1.20841147012363
1.22393180719995
1.24815298946434
1.28034188244666
1.31926059627486
1.36324865990148
1.4103447881037
1.45843604782061
1.50541888743616
1.54935519780435
1.58860751789893
1.62194050505668
1.64858035083264
1.66822919570306
1.68103694616863
1.68753745830234
1.68855925267046
1.68512247801761
1.67833375568163
1.66928907945523
1.65899254913721
1.64829587146887
1.63786071973965
1.62814354269783
1.61940045399725
1.61170848308165
1.6049986981125
1.5990964399902
1.59376403921615
1.58874184019671
