-0.433182317944119
0.375695031219273
-0.311060767105498
0.76102945041969
-0.591718204390142
-0.491649397105119
0.312315690136585
-0.243077202487146
0.339531247825185
-0.13170058193958
-0.474892678197454
0.616180698682384
-0.0521520868203593
-0.172664575030157
0.000994616443527274
-0.470144404494724
-0.272577065770798
0.284661973994521
-0.605332527135245
-0.310447770193119
13.3021344044713
13.6150317197703
0.572283680077343
-0.133882686033
-0.313551057277939
-0.0293217587991945
-0.158712308399669
0.0437176469622713
-0.115548594388714
-0.268278886695575
-0.108763313274451
-0.393153704414523
0.311055776664896
0.250361411508316
0.235380658747788
0.140793711282533
-0.282368852101273
0.280456996706639
0.207001470805364
