               -133.17002868652343750000                  1.37500000000000000000                 -0.43318232893943786621                  1.80818235874176025391
               -117.17002868652343750000                  2.25000000000000000000                  0.37569501996040344238                  1.87430500984191894531
               -101.17002868652343750000                  1.62500000000000000000                 -0.31106075644493103027                  1.93606078624725341797
                -85.17002868652343750000                  2.75000000000000000000                  0.76102942228317260742                  1.98897051811218261719
                -69.17002868652343750000                  1.43750000000000000000                 -0.59171819686889648438                  2.02921819686889648438
                -53.17002868652343750000                  1.56250000000000000000                 -0.49164938926696777344                  2.05414938926696777344
                -37.17002868652343750000                  2.37500000000000000000                  0.31231570243835449219                  2.06268429756164550781
                -21.17002868652343750000                  1.81250000000000000000                 -0.24307720363140106201                  2.05557727813720703125
                 -5.17002868652343750000                  2.37500000000000000000                  0.33953124284744262695                  2.03546881675720214844
                 10.82997131347656250000                  1.87500000000000000000                 -0.13170057535171508789                  2.00670051574707031250
                 26.82997131347656250000                  1.50000000000000000000                 -0.47489267587661743164                  1.97489273548126220703
                 42.82997131347656250000                  2.56250000000000000000                  0.61618071794509887695                  1.94631934165954589844
                 58.82997131347656250000                  1.87500000000000000000                 -0.05215208604931831360                  1.92715203762054443359
                 74.82997131347656250000                  1.75000000000000000000                 -0.17266456782817840576                  1.92266452312469482422
                 90.82997131347656250000                  1.93750000000000000000                  0.00099461642093956470                  1.93650543689727783203
                106.82997131347656250000                  1.50000000000000000000                 -0.47014439105987548828                  1.97014439105987548828
                122.82997131347656250000                  1.75000000000000000000                 -0.27257707715034484863                  2.02257704734802246094
                138.82997131347656250000                  2.37500000000000000000                  0.28466197848320007324                  2.09033799171447753906
                154.82997131347656250000                  1.56250000000000000000                 -0.60533255338668823242                  2.16783261299133300781
                170.82997131347656250000                  1.93750000000000000000                 -0.31044778227806091309                  2.24794769287109375000
                186.82997131347656250000                 15.62500000000000000000                 13.30213451385498046875                  2.32286548614501953125
                202.82997131347656250000                 16.00000000000000000000                 13.61503219604492187500                  2.38496828079223632812
                218.82997131347656250000                  3.00000000000000000000                  0.57228368520736694336                  2.42771625518798828125
                234.82997131347656250000                  2.31250000000000000000                 -0.13388268649578094482                  2.44638276100158691406
                250.82997131347656250000                  2.12500000000000000000                 -0.31355106830596923828                  2.43855094909667968750
                266.82997131347656250000                  2.37500000000000000000                 -0.02932175807654857635                  2.40432167053222656250
                282.82997131347656250000                  2.18750000000000000000                 -0.15871231257915496826                  2.34621238708496093750
                298.82997131347656250000                  2.31250000000000000000                  0.04371764510869979858                  2.26878237724304199219
                314.82997131347656250000                  2.06250000000000000000                 -0.11554859578609466553                  2.17804861068725585938
                330.82997131347656250000                  1.81250000000000000000                 -0.26827889680862426758                  2.08077883720397949219
                346.82997131347656250000                  1.87500000000000000000                 -0.10876331478357315063                  1.98376333713531494141
                362.82997131347656250000                  1.50000000000000000000                 -0.39315369725227355957                  1.89315366744995117188
                378.82997131347656250000                  2.12500000000000000000                  0.31105577945709228516                  1.81394422054290771484
                394.82997131347656250000                  2.00000000000000000000                  0.25036141276359558105                  1.74963855743408203125
                410.82997131347656250000                  1.93750000000000000000                  0.23538066446781158447                  1.70211935043334960938
                426.82997131347656250000                  1.81250000000000000000                  0.14079371094703674316                  1.67170631885528564453
                442.82997131347656250000                  1.37500000000000000000                 -0.28236883878707885742                  1.65736889839172363281
                458.82997131347656250000                  1.93750000000000000000                  0.28045699000358581543                  1.65704298019409179688
                474.82997131347656250000                  1.87500000000000000000                  0.20700147747993469238                  1.66799855232238769531
