               -133.17002868652343750000                  5.06250000000000000000                 -2.25879907608032226562                  7.32129907608032226562
               -117.17002868652343750000                  7.50000000000000000000                  0.15460287034511566162                  7.34539699554443359375
               -101.17002868652343750000                  8.56250000000000000000                  1.18917250633239746094                  7.37332773208618164062
                -85.17002868652343750000                  7.37500000000000000000                 -0.02963679097592830658                  7.40463685989379882812
                -69.17002868652343750000                  7.25000000000000000000                 -0.18878178298473358154                  7.43878173828125000000
                -53.17002868652343750000                  7.12500000000000000000                 -0.35019338130950927734                  7.47519350051879882812
                -37.17002868652343750000                  6.37500000000000000000                 -1.13833940029144287109                  7.51333951950073242188
                -21.17002868652343750000                  7.68750000000000000000                  0.13472537696361541748                  7.55277442932128906250
                 -5.17002868652343750000                  7.68750000000000000000                  0.09433247894048690796                  7.59316730499267578125
                 10.82997131347656250000                  7.93750000000000000000                  0.30320599675178527832                  7.63429403305053710938
                 26.82997131347656250000                  8.12500000000000000000                  0.44900193810462951660                  7.67599821090698242188
                 42.82997131347656250000                  6.87500000000000000000                 -0.84312206506729125977                  7.71812200546264648438
                 58.82997131347656250000                  8.56250000000000000000                  0.80208140611648559570                  7.76041841506958007812
                 74.82997131347656250000                  7.68750000000000000000                 -0.11495888978242874146                  7.80245876312255859375
                 90.82997131347656250000                  7.93750000000000000000                  0.09394335001707077026                  7.84355688095092773438
                106.82997131347656250000                  7.68750000000000000000                 -0.19522328674793243408                  7.88272333145141601562
                122.82997131347656250000                  7.68750000000000000000                 -0.23116715252399444580                  7.91866731643676757812
                138.82997131347656250000                  8.12500000000000000000                  0.17515853047370910645                  7.94984149932861328125
                154.82997131347656250000                  7.06250000000000000000                 -0.91203731298446655273                  7.97453737258911132812
                170.82997131347656250000                  8.25000000000000000000                  0.25898987054824829102                  7.99101018905639648438
                186.82997131347656250000                 92.75000000000000000000                 84.75238037109375000000                  7.99762201309204101562
                202.82997131347656250000                131.31250000000000000000                123.31954956054687500000                  7.99295234680175781250
                218.82997131347656250000                 18.50000000000000000000                 10.52394199371337890625                  7.97605800628662109375
                234.82997131347656250000                  9.12500000000000000000                  1.17873442173004150391                  7.94626569747924804688
                250.82997131347656250000                  7.62500000000000000000                 -0.27849933505058288574                  7.90349912643432617188
                266.82997131347656250000                  7.62500000000000000000                 -0.22313459217548370361                  7.84813451766967773438
                282.82997131347656250000                  7.87500000000000000000                  0.09400820732116699219                  7.78099155426025390625
                298.82997131347656250000                  7.31250000000000000000                 -0.39078155159950256348                  7.70328140258789062500
                314.82997131347656250000                  8.00000000000000000000                  0.38345789909362792969                  7.61654186248779296875
                330.82997131347656250000                  7.12500000000000000000                 -0.39758056402206420898                  7.52258062362670898438
                346.82997131347656250000                  8.87500000000000000000                  1.45157659053802490234                  7.42342329025268554688
                362.82997131347656250000                  7.37500000000000000000                  0.05372313037514686584                  7.32127666473388671875
                378.82997131347656250000                  7.31250000000000000000                  0.09400822967290878296                  7.21849155426025390625
                394.82997131347656250000                  6.00000000000000000000                 -1.11752438545227050781                  7.11752462387084960938
                410.82997131347656250000                  8.00000000000000000000                  0.97911566495895385742                  7.02088451385498046875
                426.82997131347656250000                  8.62500000000000000000                  1.69393825531005859375                  6.93106174468994140625
                442.82997131347656250000                  6.62500000000000000000                 -0.22543318569660186768                  6.85043334960937500000
                458.82997131347656250000                  6.68750000000000000000                 -0.09364779293537139893                  6.78114795684814453125
                474.82997131347656250000                  5.62500000000000000000                 -1.10000491142272949219                  6.72500467300415039062
