6.68696170867543
6.50099623973857
6.30225571299497
6.09976415695575
5.90576582628069
5.7354895654322
5.60648624725421
5.5375016321413
5.54690640893015
5.6507776099253
5.86080134506068
6.18223298504537
6.61219339210706
7.13858583406577
7.7398795145329
8.38592091120824
9.03981058683164
9.66073654104722
10.2075077404456
10.642408311973
10.9349173016923
11.0648275415438
11.0243562168196
10.8189629916512
10.4667610224146
9.99659509978697
9.44503891926919
8.85270147078236
8.26030950586775
7.70503891627791
7.21750522812462
6.81970642148906
6.52406229883729
6.33353955232405
6.24271496492468
6.23952957512688
6.30743451621858
6.42762584377076
6.58110413974567
