3.5089353681397
3.51400086937993
3.52397414040429
3.53937001560029
3.5604663616088
3.58722250867026
3.61920934855347
3.65556289517446
3.69497309728858
3.73571783661974
3.77574814078327
3.81282481773497
3.84469949977915
3.8693253831102
3.88507597744898
3.89094527922761
3.88670117452659
3.87296640572186
3.85120832259276
3.82362934718938
3.79296330682163
3.7621919600995
3.73424542129244
3.7116283588721
3.69617716779935
3.6888244269576
3.68949794243138
3.69713728908302
3.70983117568632
3.72505755253227
3.7399943136218
3.75185926458062
3.75823508271385
3.75733857108823
3.74820280564965
3.73075409619739
3.70578077216429
3.6748052669977
3.63988269197034
