-1.2589353681397
0.735999130620075
0.101025859595715
-0.351870015600293
0.0645336383912012
-0.212222508670263
0.443290651446529
-0.343062895174458
0.555026902711421
-0.735717836619736
0.22425185921673
0.187175182265026
-0.65719949977915
-0.931825383110201
-0.010075977448976
-0.95344527922761
0.113298825473412
0.0645335942781409
0.211291677407242
0.176370652810617
27.0820366931784
38.0503080399005
3.07825457870756
-0.336628358872103
-0.321177167799352
-0.313824426957601
-0.0644979424313794
-0.00963728908301631
-0.0223311756863209
0.587442447467731
1.0100056863782
-0.0643592645806241
-0.570735082713854
1.49266142891177
0.0642971943503521
0.206745903802614
-0.830780772164293
0.0126947330023048
-1.01488269197034
