               -133.17002868652343750000                  2.25000000000000000000                 -1.25893533229827880859                  3.50893545150756835938
               -117.17002868652343750000                  4.25000000000000000000                  0.73599910736083984375                  3.51400089263916015625
               -101.17002868652343750000                  3.62500000000000000000                  0.10102585703134536743                  3.52397418022155761719
                -85.17002868652343750000                  3.18750000000000000000                 -0.35187003016471862793                  3.53937005996704101562
                -69.17002868652343750000                  3.62500000000000000000                  0.06453363597393035889                  3.56046628952026367188
                -53.17002868652343750000                  3.37500000000000000000                 -0.21222250163555145264                  3.58722257614135742188
                -37.17002868652343750000                  4.06250000000000000000                  0.44329065084457397461                  3.61920928955078125000
                -21.17002868652343750000                  3.31250000000000000000                 -0.34306290745735168457                  3.65556287765502929688
                 -5.17002868652343750000                  4.25000000000000000000                  0.55502688884735107422                  3.69497299194335937500
                 10.82997131347656250000                  3.00000000000000000000                 -0.73571783304214477539                  3.73571777343750000000
                 26.82997131347656250000                  4.00000000000000000000                  0.22425186634063720703                  3.77574825286865234375
                 42.82997131347656250000                  4.00000000000000000000                  0.18717518448829650879                  3.81282472610473632812
                 58.82997131347656250000                  3.18750000000000000000                 -0.65719950199127197266                  3.84469938278198242188
                 74.82997131347656250000                  2.93750000000000000000                 -0.93182539939880371094                  3.86932539939880371094
                 90.82997131347656250000                  3.87500000000000000000                 -0.01007597707211971283                  3.88507604598999023438
                106.82997131347656250000                  2.93750000000000000000                 -0.95344525575637817383                  3.89094519615173339844
                122.82997131347656250000                  4.00000000000000000000                  0.11329882591962814331                  3.88670110702514648438
                138.82997131347656250000                  3.93750000000000000000                  0.06453359127044677734                  3.87296628952026367188
                154.82997131347656250000                  4.06250000000000000000                  0.21129167079925537109                  3.85120820999145507812
                170.82997131347656250000                  4.00000000000000000000                  0.17637065052986145020                  3.82362937927246093750
                186.82997131347656250000                 30.87500000000000000000                 27.08203697204589843750                  3.79296326637268066406
                202.82997131347656250000                 41.81250000000000000000                 38.05030822753906250000                  3.76219201087951660156
                218.82997131347656250000                  6.81250000000000000000                  3.07825446128845214844                  3.73424553871154785156
                234.82997131347656250000                  3.37500000000000000000                 -0.33662834763526916504                  3.71162843704223632812
                250.82997131347656250000                  3.37500000000000000000                 -0.32117715477943420410                  3.69617724418640136719
                266.82997131347656250000                  3.37500000000000000000                 -0.31382441520690917969                  3.68882441520690917969
                282.82997131347656250000                  3.62500000000000000000                 -0.06449794024229049683                  3.68949794769287109375
                298.82997131347656250000                  3.68750000000000000000                 -0.00963728874921798706                  3.69713735580444335938
                314.82997131347656250000                  3.68750000000000000000                 -0.02233117632567882538                  3.70983123779296875000
                330.82997131347656250000                  4.31250000000000000000                  0.58744245767593383789                  3.72505760192871093750
                346.82997131347656250000                  4.75000000000000000000                  1.01000571250915527344                  3.73999428749084472656
                362.82997131347656250000                  3.68750000000000000000                 -0.06435926258563995361                  3.75185918807983398438
                378.82997131347656250000                  3.18750000000000000000                 -0.57073509693145751953                  3.75823497772216796875
                394.82997131347656250000                  5.25000000000000000000                  1.49266147613525390625                  3.75733852386474609375
                410.82997131347656250000                  3.81250000000000000000                  0.06429719179868698120                  3.74820280075073242188
                426.82997131347656250000                  3.93750000000000000000                  0.20674590766429901123                  3.73075413703918457031
                442.82997131347656250000                  2.87500000000000000000                 -0.83078074455261230469                  3.70578074455261230469
                458.82997131347656250000                  3.68750000000000000000                  0.01269473321735858917                  3.67480516433715820312
                474.82997131347656250000                  2.62500000000000000000                 -1.01488268375396728516                  3.63988280296325683594
