3.41382313330243
3.47269839897631
3.51697913941473
3.54450740980374
3.55527804047452
3.55160025789744
3.53794832502594
3.52048946245241
3.50632741721433
3.5025499780183
3.51520954958654
3.54838912087779
3.60350533292864
3.67897337814485
3.77030740268585
3.87066206933738
3.97174708080187
4.06498000635373
4.14269657547137
4.19922154660459
4.2316218967833
4.24001541615543
4.22738332014727
4.19892163084978
4.16104678643841
4.12023093871661
4.08187033515431
4.04938096595743
4.02367150300488
4.00307345176888
3.983726179233
3.9603357577285
3.92716572896042
3.87908515873195
3.81249900277474
3.72601572878012
3.62075972503219
3.50030008764978
3.37023064541119
