11.8432356802266
11.8392973905216
11.8245701988528
11.7996782918772
11.7659013166516
11.725079303938
11.6794572232272
11.6314840689441
11.5835877775987
11.5379511246219
11.4963144037305
11.4598279620463
11.4289718512991
11.4035517059449
11.3827705548859
11.3653668734868
11.3498010426333
11.334466580704
11.3178998100323
11.2989623495962
11.2769748672427
11.2517560590118
11.2237794486044
11.1937947481538
11.1630193057607
11.1328242488611
11.104594185878
11.079565062467
11.0586923091505
11.0425648146264
11.0313729170252
11.0249304374969
11.0227430595511
11.0241092518028
11.028236310291
11.0343533876944
11.0418055074503
11.0501169884082
11.0590185359758
