10.4888167323663
10.9158357748686
11.3195043354755
11.6769197795683
11.969651698789
12.1859244935578
12.3220954022637
12.3831660202335
12.3821858470874
12.3385612694306
12.2754498399625
12.2165705491403
12.1828690445449
12.1895208289715
12.2437236347891
12.343623554103
12.4785527389459
12.6305557596666
12.7769803967296
12.8937412993812
12.9587608292829
12.9550688187208
12.8731056345795
12.7119091986646
12.4790516758955
12.189392281507
11.8628940297811
11.52188393025
11.1881980695856
10.8806387001269
10.6130874532442
10.3934864541014
10.2237441272959
10.1004733407444
10.016351068369
9.96181786200171
9.92681875480937
9.90232105331211
9.88141662576909
