1.38808461973247
1.37627620461931
1.36152716859155
1.3445298979966
1.32620026751534
1.30762165645019
1.28996983471529
1.27442513985671
1.2620798914779
1.25384955979733
1.25039577251926
1.25206791800828
1.25886812220636
1.27044205892164
1.28609572800038
1.30483628330469
1.32543339526488
1.34649655629038
1.3665631378813
1.3841917678682
1.39805557243342
1.40702990538412
1.41026931824826
1.40726874398767
1.39790428124819
1.38244971760609
1.36156614553608
1.33626375996145
1.30783712595867
1.27777768636077
1.24766974564125
1.21907825501037
1.19343807022754
1.17195466896427
1.15552545003325
1.14468872620465
1.13960458887179
1.14006834863062
1.14555371923805
