-0.825584619732466
0.186223795380694
0.200972831408446
0.0304701020033982
-0.45120026751534
-0.620121656450191
0.335030165284714
-0.524425139856711
0.112920108522102
-0.441349559797334
0.562104227480736
-0.314567918008284
-0.321368122206355
0.104557941078359
-0.161095728000378
0.0701637166953106
0.049566604735122
-0.221496556290382
0.1334368621187
-0.321691767868204
-0.0855555724334187
0.0304700946158771
0.0897306817517369
0.467731256012332
-0.0854042812481923
0.117550282393911
-0.236566145536083
-0.0237637599614522
0.0671628740413304
-0.0902776863607722
0.189830254358751
0.030921744989634
-0.130938070227536
-0.234454668964273
-0.0305254500332544
-0.394688726204646
0.297895411128206
-0.0775683486306173
0.104446280761953
