               -133.17002868652343750000                 33.37500000000000000000
               -117.17002868652343750000                 58.31250000000000000000
               -101.17002868652343750000                 59.18750000000000000000
                -85.17002868652343750000                 54.43750000000000000000
                -69.17002868652343750000                 62.87500000000000000000
                -53.17002868652343750000                 61.37500000000000000000
                -37.17002868652343750000                 56.62500000000000000000
                -21.17002868652343750000                 62.56250000000000000000
                 -5.17002868652343750000                 56.56250000000000000000
                 10.82997131347656250000                 57.25000000000000000000
                 26.82997131347656250000                 59.50000000000000000000
                 42.82997131347656250000                 63.06250000000000000000
                 58.82997131347656250000                 59.50000000000000000000
                 74.82997131347656250000                 59.18750000000000000000
                 90.82997131347656250000                 58.31250000000000000000
                106.82997131347656250000                 59.18750000000000000000
                122.82997131347656250000                 62.43750000000000000000
                138.82997131347656250000                 63.37500000000000000000
                154.82997131347656250000                 68.43750000000000000000
                170.82997131347656250000                 66.12500000000000000000
                186.82997131347656250000                 70.43750000000000000000
                202.82997131347656250000                 68.18750000000000000000
                218.82997131347656250000                 69.62500000000000000000
                234.82997131347656250000                 73.81250000000000000000
                250.82997131347656250000                 72.00000000000000000000
                266.82997131347656250000                 72.00000000000000000000
                282.82997131347656250000                 72.87500000000000000000
                298.82997131347656250000                 69.12500000000000000000
                314.82997131347656250000                 72.43750000000000000000
                330.82997131347656250000                 70.00000000000000000000
                346.82997131347656250000                 68.87500000000000000000
                362.82997131347656250000                 69.06250000000000000000
                378.82997131347656250000                 72.37500000000000000000
                394.82997131347656250000                 69.87500000000000000000
                410.82997131347656250000                 71.18750000000000000000
                426.82997131347656250000                 75.75000000000000000000
                442.82997131347656250000                 71.93750000000000000000
                458.82997131347656250000                 72.12500000000000000000
                474.82997131347656250000                 57.62500000000000000000
