-25.3627401223833
-0.24096474487051
0.799241918917964
-3.80113916532017
4.77025627016901
3.38329319261926
-1.28548295615861
4.6846189171406
-1.3531779094676
-0.798794578577493
1.19734022030402
4.36247975103239
0.242426454416375
-0.795367961910934
-2.559424563782
-2.72047910281438
-0.624119551519357
-0.917421707916972
2.88551641005944
-0.663058474576999
2.48818234847329
-0.802665260633461
-0.249998799237034
3.23113215682568
0.898375896199568
0.55714147157282
1.24984449092173
-2.55342442356294
0.799240960390136
-1.54139655538023
-2.5463825021926
-2.24249214964283
1.16517498222517
-1.26830070210673
0.0844265201131407
4.67131581366212
0.883389215582199
1.11421487993672
-13.3056217669351
