               -133.17002868652343750000                 33.37500000000000000000                -25.36273956298828125000                 58.73773956298828125000
               -117.17002868652343750000                 58.31250000000000000000                 -0.24096474051475524902                 58.55346298217773437500
               -101.17002868652343750000                 59.18750000000000000000                  0.79924190044403076172                 58.38825988769531250000
                -85.17002868652343750000                 54.43750000000000000000                 -3.80113911628723144531                 58.23863983154296875000
                -69.17002868652343750000                 62.87500000000000000000                  4.77025604248046875000                 58.10474395751953125000
                -53.17002868652343750000                 61.37500000000000000000                  3.38329315185546875000                 57.99170684814453125000
                -37.17002868652343750000                 56.62500000000000000000                 -1.28548300266265869141                 57.91048431396484375000
                -21.17002868652343750000                 62.56250000000000000000                  4.68461894989013671875                 57.87788009643554687500
                 -5.17002868652343750000                 56.56250000000000000000                 -1.35317790508270263672                 57.91567611694335937500
                 10.82997131347656250000                 57.25000000000000000000                 -0.79879456758499145508                 58.04879379272460937500
                 26.82997131347656250000                 59.50000000000000000000                  1.19734025001525878906                 58.30265808105468750000
                 42.82997131347656250000                 63.06250000000000000000                  4.36247968673706054688                 58.70001983642578125000
                 58.82997131347656250000                 59.50000000000000000000                  0.24242645502090454102                 59.25757217407226562500
                 74.82997131347656250000                 59.18750000000000000000                 -0.79536795616149902344                 59.98286819458007812500
                 90.82997131347656250000                 58.31250000000000000000                 -2.55942463874816894531                 60.87192535400390625000
                106.82997131347656250000                 59.18750000000000000000                 -2.72047901153564453125                 61.90797805786132812500
                122.82997131347656250000                 62.43750000000000000000                 -0.62411957979202270508                 63.06161880493164062500
                138.82997131347656250000                 63.37500000000000000000                 -0.91742169857025146484                 64.29241943359375000000
                154.82997131347656250000                 68.43750000000000000000                  2.88551640510559082031                 65.55198669433593750000
                170.82997131347656250000                 66.12500000000000000000                 -0.66305845975875854492                 66.78805541992187500000
                186.82997131347656250000                 70.43750000000000000000                  2.48818230628967285156                 67.94931793212890625000
                202.82997131347656250000                 68.18750000000000000000                 -0.80266523361206054688                 68.99016571044921875000
                218.82997131347656250000                 69.62500000000000000000                 -0.24999879300594329834                 69.87500000000000000000
                234.82997131347656250000                 73.81250000000000000000                  3.23113226890563964844                 70.58136749267578125000
                250.82997131347656250000                 72.00000000000000000000                  0.89837586879730224609                 71.10162353515625000000
                266.82997131347656250000                 72.00000000000000000000                  0.55714148283004760742                 71.44285583496093750000
                282.82997131347656250000                 72.87500000000000000000                  1.24984443187713623047                 71.62515258789062500000
                298.82997131347656250000                 69.12500000000000000000                 -2.55342435836791992188                 71.67842102050781250000
                314.82997131347656250000                 72.43750000000000000000                  0.79924094676971435547                 71.63825988769531250000
                330.82997131347656250000                 70.00000000000000000000                 -1.54139649868011474609                 71.54139709472656250000
                346.82997131347656250000                 68.87500000000000000000                 -2.54638242721557617188                 71.42137908935546875000
                362.82997131347656250000                 69.06250000000000000000                 -2.24249219894409179688                 71.30499267578125000000
                378.82997131347656250000                 72.37500000000000000000                  1.16517496109008789062                 71.20982360839843750000
                394.82997131347656250000                 69.87500000000000000000                 -1.26830065250396728516                 71.14330291748046875000
                410.82997131347656250000                 71.18750000000000000000                  0.08442652225494384766                 71.10307312011718750000
                426.82997131347656250000                 75.75000000000000000000                  4.67131567001342773438                 71.07868194580078125000
                442.82997131347656250000                 71.93750000000000000000                  0.88338923454284667969                 71.05410766601562500000
                458.82997131347656250000                 72.12500000000000000000                  1.11421489715576171875                 71.01078796386718750000
                474.82997131347656250000                 57.62500000000000000000                -13.30562210083007812500                 70.93061828613281250000
