58.7377401223833
58.5534647448705
58.388258081082
58.2386391653202
58.104743729831
57.9917068073807
57.9104829561586
57.8778810828594
57.9156779094676
58.0487945785775
58.302659779696
58.7000202489676
59.2575735455836
59.9828679619109
60.871924563782
61.9079791028144
63.0616195515194
64.292421707917
65.5519835899406
66.788058474577
67.9493176515267
68.9901652606335
69.874998799237
70.5813678431743
71.1016241038004
71.4428585284272
71.6251555090783
71.6784244235629
71.6382590396099
71.5413965553802
71.4213825021926
71.3049921496428
71.2098250177748
71.1433007021067
71.1030734798869
71.0786841863379
71.0541107844178
71.0107851200633
70.9306217669351
