               -133.17002868652343750000                  0.37500000000000000000                 -0.46508094668388366699                  0.84008097648620605469
               -117.17002868652343750000                  0.87500000000000000000                  0.03060543350875377655                  0.84439456462860107422
               -101.17002868652343750000                  0.81250000000000000000                 -0.03913187608122825623                  0.85163187980651855469
                -85.17002868652343750000                  0.56250000000000000000                 -0.29893964529037475586                  0.86143964529037475586
                -69.17002868652343750000                  1.37500000000000000000                  0.50158697366714477539                  0.87341302633285522461
                -53.17002868652343750000                  0.87500000000000000000                 -0.01213375013321638107                  0.88713377714157104492
                -37.17002868652343750000                  1.25000000000000000000                  0.34779956936836242676                  0.90220040082931518555
                -21.17002868652343750000                  1.43750000000000000000                  0.51925277709960937500                  0.91824722290039062500
                 -5.17002868652343750000                  0.87500000000000000000                 -0.05994779989123344421                  0.93494778871536254883
                 10.82997131347656250000                  0.50000000000000000000                 -0.45200565457344055176                  0.95200562477111816406
                 26.82997131347656250000                  1.00000000000000000000                  0.03086584992706775665                  0.96913415193557739258
                 42.82997131347656250000                  1.56250000000000000000                  0.57646739482879638672                  0.98603260517120361328
                 58.82997131347656250000                  0.75000000000000000000                 -0.25236546993255615234                  1.00236546993255615234
                 74.82997131347656250000                  1.00000000000000000000                 -0.01775178685784339905                  1.01775181293487548828
                 90.82997131347656250000                  1.06250000000000000000                  0.03072872571647167206                  1.03177130222320556641
                106.82997131347656250000                  0.87500000000000000000                 -0.16898927092552185059                  1.04398930072784423828
                122.82997131347656250000                  1.12500000000000000000                  0.07099975645542144775                  1.05400025844573974609
                138.82997131347656250000                  0.75000000000000000000                 -0.31148532032966613770                  1.06148529052734375000
                154.82997131347656250000                  1.37500000000000000000                  0.30872437357902526855                  1.06627559661865234375
                170.82997131347656250000                  1.25000000000000000000                  0.18158839643001556396                  1.06841158866882324219
                186.82997131347656250000                  0.87500000000000000000                 -0.19318704307079315186                  1.06818699836730957031
                202.82997131347656250000                  1.43750000000000000000                  0.37133178114891052246                  1.06616818904876708984
                218.82997131347656250000                  1.00000000000000000000                 -0.06318090111017227173                  1.06318092346191406250
                234.82997131347656250000                  1.50000000000000000000                  0.43973743915557861328                  1.06026256084442138672
                250.82997131347656250000                  0.75000000000000000000                 -0.30858170986175537109                  1.05858170986175537109
                266.82997131347656250000                  1.12500000000000000000                  0.06566879153251647949                  1.05933117866516113281
                282.82997131347656250000                  0.87500000000000000000                 -0.18860712647438049316                  1.06360709667205810547
                298.82997131347656250000                  1.37500000000000000000                  0.30271330475807189941                  1.07228672504425048828
                314.82997131347656250000                  1.06250000000000000000                 -0.02342047356069087982                  1.08592045307159423828
                330.82997131347656250000                  1.00000000000000000000                 -0.10465280711650848389                  1.10465276241302490234
                346.82997131347656250000                  1.00000000000000000000                 -0.12818068265914916992                  1.12818062305450439453
                362.82997131347656250000                  1.12500000000000000000                 -0.03075768426060676575                  1.15575766563415527344
                378.82997131347656250000                  1.25000000000000000000                  0.06375651061534881592                  1.18624353408813476562
                394.82997131347656250000                  1.12500000000000000000                 -0.09319382160902023315                  1.21819376945495605469
                410.82997131347656250000                  1.43750000000000000000                  0.18751874566078186035                  1.24998128414154052734
                426.82997131347656250000                  1.50000000000000000000                  0.22006683051586151123                  1.27993321418762207031
                442.82997131347656250000                  1.25000000000000000000                 -0.05647197738289833069                  1.30647194385528564453
                458.82997131347656250000                  1.68750000000000000000                  0.35925769805908203125                  1.32824230194091796875
                474.82997131347656250000                  1.37500000000000000000                  0.03078718669712543488                  1.34421277046203613281
