7.13074835838286
7.15623926993799
7.17114146466764
7.17507682831658
7.16848341061365
7.15255598953104
7.12909033039456
7.1002506445421
7.06829343306437
7.03528972458152
7.0028896189368
6.97216714076601
6.94357025908432
6.91698258100395
6.89188288816669
6.86757016400832
6.84340873761962
6.81904343844356
6.79453950449198
6.77041586032531
6.74756090481212
6.72704332968733
6.70985222980312
6.69661654683016
6.68736045064435
6.68134708997423
6.67704880203847
6.67225992518004
6.66434287802683
6.65057391995328
6.62853650704268
6.59650078431173
6.55372910874825
6.50065913427991
6.43893557475973
6.37128559678404
6.30125659161843
6.2328547980862
6.17013584931546
