               -133.17002868652343750000                 16.93750000000000000000                -12.44819641113281250000                 29.38569641113281250000
               -117.17002868652343750000                 31.62500000000000000000                  1.76809287071228027344                 29.85690689086914062500
               -101.17002868652343750000                 30.75000000000000000000                  0.45236977934837341309                 30.29763031005859375000
                -85.17002868652343750000                 31.56250000000000000000                  0.86680483818054199219                 30.69569587707519531250
                -69.17002868652343750000                 32.81250000000000000000                  1.76791763305664062500                 31.04458236694335937500
                -53.17002868652343750000                 32.75000000000000000000                  1.40606188774108886719                 31.34393882751464843750
                -37.17002868652343750000                 31.62500000000000000000                  0.02581588737666606903                 31.59918403625488281250
                -21.17002868652343750000                 30.06250000000000000000                 -1.75771784782409667969                 31.82021713256835937500
                 -5.17002868652343750000                 38.18750000000000000000                  6.16814947128295898438                 32.01935195922851562500
                 10.82997131347656250000                 33.18750000000000000000                  0.97873586416244506836                 32.20876312255859375000
                 26.82997131347656250000                 30.62500000000000000000                 -1.77286934852600097656                 32.39786911010742187500
                 42.82997131347656250000                 33.81250000000000000000                  1.22149896621704101562                 32.59099960327148437500
                 58.82997131347656250000                 32.93750000000000000000                  0.15164774656295776367                 32.78585052490234375000
                 74.82997131347656250000                 33.87500000000000000000                  0.90203678607940673828                 32.97296142578125000000
                 90.82997131347656250000                 32.00000000000000000000                 -1.13641846179962158203                 33.13641738891601562500
                106.82997131347656250000                 31.68750000000000000000                 -1.56821632385253906250                 33.25571823120117187500
                122.82997131347656250000                 32.12500000000000000000                 -1.18357110023498535156                 33.30857086181640625000
                138.82997131347656250000                 33.43750000000000000000                  0.16326297819614410400                 33.27423858642578125000
                154.82997131347656250000                 31.75000000000000000000                 -1.38683271408081054688                 33.13683319091796875000
                170.82997131347656250000                 30.12500000000000000000                 -2.76311683654785156250                 32.88811492919921875000
                186.82997131347656250000                 97.25000000000000000000                 64.72077178955078125000                 32.52923202514648437500
                202.82997131347656250000                115.43750000000000000000                 83.36640930175781250000                 32.07109069824218750000
                218.82997131347656250000                 40.56250000000000000000                  9.02919864654541015625                 31.53330039978027343750
                234.82997131347656250000                 31.00000000000000000000                  0.05825925990939140320                 30.94174003601074218750
                250.82997131347656250000                 26.31250000000000000000                 -4.01268815994262695312                 30.32518768310546875000
                266.82997131347656250000                 27.93750000000000000000                 -1.77400386333465576172                 29.71150398254394531250
                282.82997131347656250000                 29.87500000000000000000                  0.75099921226501464844                 29.12400054931640625000
                298.82997131347656250000                 28.75000000000000000000                  0.17141300439834594727                 28.57858657836914062500
                314.82997131347656250000                 29.12500000000000000000                  1.04285800457000732422                 28.08214187622070312500
                330.82997131347656250000                 25.56250000000000000000                 -2.06987953186035156250                 27.63237953186035156250
                346.82997131347656250000                 27.62500000000000000000                  0.40580710768699645996                 27.21919250488281250000
                362.82997131347656250000                 30.75000000000000000000                  3.92276287078857421875                 26.82723617553710937500
                378.82997131347656250000                 25.87500000000000000000                 -0.56429111957550048828                 26.43929100036621093750
                394.82997131347656250000                 27.81250000000000000000                  1.77266669273376464844                 26.03983306884765625000
                410.82997131347656250000                 27.25000000000000000000                  1.63175976276397705078                 25.61824035644531250000
                426.82997131347656250000                 26.93750000000000000000                  1.76639556884765625000                 25.17110443115234375000
                442.82997131347656250000                 25.25000000000000000000                  0.54666829109191894531                 24.70333099365234375000
                458.82997131347656250000                 24.37500000000000000000                  0.14710785448551177979                 24.22789192199707031250
                474.82997131347656250000                 20.93750000000000000000                 -2.82682037353515625000                 23.76432037353515625000
