5.40080415158478
5.40261333202125
5.37552469696103
5.3192435004982
5.23875797488773
5.14473608999037
5.05316868823256
4.98417805473529
4.96002754958305
5.00249758081888
5.12991567927029
5.35422164780573
5.67849266984115
6.09533403887044
6.58645464646094
7.12360004903679
7.67082890776926
8.18791907024929
8.6345103221527
8.97446334897171
9.17986276555834
9.23412782777948
9.13381407794505
8.88887412401635
8.52136564201418
8.06281299358352
7.55060978618991
7.0239649431344
6.5199285994561
6.0699855623982
5.69758665088033
5.41682632210897
5.2322985281461
5.14000122546508
5.12903713832676
5.18378859634367
5.28623105123793
5.41808677441832
5.56259344415267
