-1.90080415158478
1.22238666797875
-0.000524696961028859
0.555756499501802
1.88624202511227
0.54276391000963
1.25933131176744
1.39082194526471
1.03997245041695
0.310002419181122
1.05758432072971
0.583278352194267
0.384007330158854
0.34216596112956
0.226045353539056
-0.873600049036793
-1.92082890776926
-1.50041907024929
-1.8845103221527
-1.59946334897171
72.5701372344417
89.8908721722205
5.05368592205495
-1.88887412401635
-1.70886564201418
-2.00031299358352
-1.61310978618991
-0.148964943134402
0.855071400543896
0.867514437601798
0.802413349119672
1.89567367789103
1.4552014718539
1.29749877453492
0.120962861673238
0.316211403656333
0.651268948762074
1.33191322558168
0.187406555847327
