               -133.17002868652343750000                  3.50000000000000000000                 -1.90080416202545166016                  5.40080404281616210938
               -117.17002868652343750000                  6.62500000000000000000                  1.22238671779632568359                  5.40261316299438476562
               -101.17002868652343750000                  5.37500000000000000000                 -0.00052469695219770074                  5.37552452087402343750
                -85.17002868652343750000                  5.87500000000000000000                  0.55575650930404663086                  5.31924343109130859375
                -69.17002868652343750000                  7.12500000000000000000                  1.88624203205108642578                  5.23875808715820312500
                -53.17002868652343750000                  5.68750000000000000000                  0.54276388883590698242                  5.14473628997802734375
                -37.17002868652343750000                  6.31250000000000000000                  1.25933134555816650391                  5.05316877365112304688
                -21.17002868652343750000                  6.37500000000000000000                  1.39082193374633789062                  4.98417806625366210938
                 -5.17002868652343750000                  6.00000000000000000000                  1.03997242450714111328                  4.96002769470214843750
                 10.82997131347656250000                  5.31250000000000000000                  0.31000241637229919434                  5.00249767303466796875
                 26.82997131347656250000                  6.18750000000000000000                  1.05758428573608398438                  5.12991571426391601562
                 42.82997131347656250000                  5.93750000000000000000                  0.58327835798263549805                  5.35422182083129882812
                 58.82997131347656250000                  6.06250000000000000000                  0.38400733470916748047                  5.67849254608154296875
                 74.82997131347656250000                  6.43750000000000000000                  0.34216594696044921875                  6.09533405303955078125
                 90.82997131347656250000                  6.81250000000000000000                  0.22604535520076751709                  6.58645486831665039062
                106.82997131347656250000                  6.25000000000000000000                 -0.87360006570816040039                  7.12360000610351562500
                122.82997131347656250000                  5.75000000000000000000                 -1.92082893848419189453                  7.67082881927490234375
                138.82997131347656250000                  6.68750000000000000000                 -1.50041902065277099609                  8.18791866302490234375
                154.82997131347656250000                  6.75000000000000000000                 -1.88451027870178222656                  8.63451004028320312500
                170.82997131347656250000                  7.37500000000000000000                 -1.59946334362030029297                  8.97446346282958984375
                186.82997131347656250000                 81.75000000000000000000                 72.57013702392578125000                  9.17986297607421875000
                202.82997131347656250000                 99.12500000000000000000                 89.89086914062500000000                  9.23412799835205078125
                218.82997131347656250000                 14.18750000000000000000                  5.05368614196777343750                  9.13381385803222656250
                234.82997131347656250000                  7.00000000000000000000                 -1.88887417316436767578                  8.88887405395507812500
                250.82997131347656250000                  6.81250000000000000000                 -1.70886564254760742188                  8.52136516571044921875
                266.82997131347656250000                  6.06250000000000000000                 -2.00031304359436035156                  8.06281280517578125000
                282.82997131347656250000                  5.93750000000000000000                 -1.61310982704162597656                  7.55060958862304687500
                298.82997131347656250000                  6.87500000000000000000                 -0.14896494150161743164                  7.02396488189697265625
                314.82997131347656250000                  7.37500000000000000000                  0.85507142543792724609                  6.51992845535278320312
                330.82997131347656250000                  6.93750000000000000000                  0.86751443147659301758                  6.06998538970947265625
                346.82997131347656250000                  6.50000000000000000000                  0.80241334438323974609                  5.69758653640747070312
                362.82997131347656250000                  7.31250000000000000000                  1.89567363262176513672                  5.41682624816894531250
                378.82997131347656250000                  6.68750000000000000000                  1.45520150661468505859                  5.23229837417602539062
                394.82997131347656250000                  6.43750000000000000000                  1.29749882221221923828                  5.14000129699707031250
                410.82997131347656250000                  5.25000000000000000000                  0.12096285820007324219                  5.12903690338134765625
                426.82997131347656250000                  5.50000000000000000000                  0.31621140241622924805                  5.18378877639770507812
                442.82997131347656250000                  5.93750000000000000000                  0.65126895904541015625                  5.28623104095458984375
                458.82997131347656250000                  6.75000000000000000000                  1.33191323280334472656                  5.41808700561523437500
                474.82997131347656250000                  5.75000000000000000000                  0.18740655481815338135                  5.56259346008300781250
