10.2622394754307
10.2427420351286
10.2298040492477
10.2252195923462
10.2297975450466
10.2432026110948
10.2639335649922
10.2894503012825
10.3164402178511
10.3411937639837
10.3600420220179
10.3697988449704
10.3681481549504
10.3539239322984
10.327245136427
10.2894879738639
10.2431004110783
10.1912851948111
10.1375947793575
10.0854921576841
10.0379344526968
9.99713183027363
9.96381823098521
9.93817030297078
9.91886043375754
9.90375171696088
9.89009496147012
9.8748924926841
9.85528285741601
9.82890076720199
9.79417164471901
9.75050962734446
9.69840046239606
9.63936476249201
9.57581086406279
9.51079845490338
9.44774291378058
9.39009508315984
9.34103165074455
