-4.82473947543075
0.00725796487136066
0.832695950752276
-1.16271959234616
-0.229797545046623
0.13179738890519
-0.138933564992218
-0.414450301282512
2.74605978214893
-0.403693763983732
0.139957977982053
0.44270115502961
1.06935184504965
1.02107606770162
-0.264745136427031
-0.976987973863887
-0.680600411078332
0.371214805188933
-0.0750947793574621
1.10200784231587
68.7745655473032
100.502868169726
13.0361817690148
1.93682969702922
0.0186395662424594
-0.0287517169608797
-0.140094961470123
-0.874892492684095
1.45721714258399
0.796099232798014
-0.669171644719007
0.186990372655536
-0.0109004623960587
-0.389364762492013
0.54918913593721
-1.26079845490338
0.552257086219422
-0.14009508315984
-1.84103165074455
