7.79079913507827
8.47097914056491
9.12924450996499
9.72842412069188
10.2373733518595
10.6344672226839
10.9101269529607
11.0679736222375
11.1243651802751
11.1062871215231
11.0478028713042
10.9854910331141
10.9534661730412
10.978666765607
11.077079292738
11.2514485744332
11.4908163486171
11.7719641006244
12.0625544671415
12.3255142791599
12.5240229754831
12.6263919716914
12.6101551626507
12.4648298616127
12.1930249557704
11.8098299901378
11.3406712563347
10.8180279204354
10.2775324130378
9.7540196818612
9.27804129156592
8.87323960035262
8.55481168879445
8.32911410529906
8.19429773592684
8.1417401774191
8.15797382331624
8.22679359503604
8.33126157527722
