-0.0366760506703734
0.155777318845666
-0.0277987730494561
-0.0254168314048818
0.349863338878084
-0.0275230271494658
-0.158091903776749
-0.417249995210676
0.0697658478571028
0.302941453526692
0.407522342105532
-0.115972066031721
-0.0792617236893056
-0.168848035723633
-0.383582130497695
0.0277472044830134
0.0663156735631287
0.170667383382889
-0.283367611755411
0.454768096129724
0.572831457746904
0.445784414746625
-0.239169768580472
-0.232526094928221
-0.222403395498572
0.290532568654323
-0.194362667400293
0.197338397994808
0.0276630643821694
-0.203757609897642
0.0652943727538786
-0.0404072906962878
0.416429393734651
-0.00192030072485871
0.141776847168226
-0.0277987674449274
-0.261014005389065
0.379237587175509
-0.107432616126058
