6.36317698853439
6.33878244918322
6.30359004355214
6.25889409547252
6.20674265254118
6.14985217138364
6.09144986681495
6.03505209032171
5.98419592215556
5.94214868936599
5.91162502739711
5.89454233475455
5.89184249537242
5.9034007057218
5.92803200369075
5.96359412591161
6.00717346480588
6.05533104324312
6.10437914405894
6.15065746965663
6.19078059517457
6.22179039248639
6.24151580271255
6.24819478143232
6.2409375471774
6.21947249387856
6.18413429819033
6.13579531199315
6.07579685574047
6.0058864767254
5.92816124576891
5.84501224872825
5.75906266808291
5.67309177350358
5.5899396477149
5.5123918965425
5.44304887140781
5.38418886748844
5.33763826621089
