-3.23817698853439
-0.338782449183218
0.0714099564478614
0.053605904527477
-0.831742652541181
0.162647828616362
-0.403949866814949
0.15244790967829
0.453304077844443
0.80785131063401
-0.536625027397106
-0.394542334754547
-0.141842495372417
-0.215900705721796
0.0719679963092501
-0.401094125911609
0.430326535194124
0.319668956756883
0.645620855941057
-0.0881574696566298
57.4342194048254
76.6532096075136
4.75848419728745
1.06430521856768
0.0715624528226009
-1.65697249387856
-0.184134298190325
-0.385795311993154
1.29920314425953
0.619113523274596
0.509338754231095
0.0299877512717464
-1.00906266808291
-0.485591773503577
0.472560352285104
1.3001081034575
-0.00554887140781091
-0.0716888674884402
-0.900138266210886
