               -133.17002868652343750000                  3.12500000000000000000                 -3.23817706108093261719                  6.36317682266235351562
               -117.17002868652343750000                  6.00000000000000000000                 -0.33878245949745178223                  6.33878231048583984375
               -101.17002868652343750000                  6.37500000000000000000                  0.07140995562076568604                  6.30358982086181640625
                -85.17002868652343750000                  6.31250000000000000000                  0.05360590294003486633                  6.25889396667480468750
                -69.17002868652343750000                  5.37500000000000000000                 -0.83174264430999755859                  6.20674276351928710938
                -53.17002868652343750000                  6.31250000000000000000                  0.16264782845973968506                  6.14985227584838867188
                -37.17002868652343750000                  5.68750000000000000000                 -0.40394985675811767578                  6.09144973754882812500
                -21.17002868652343750000                  6.18750000000000000000                  0.15244790911674499512                  6.03505229949951171875
                 -5.17002868652343750000                  6.43750000000000000000                  0.45330408215522766113                  5.98419570922851562500
                 10.82997131347656250000                  6.75000000000000000000                  0.80785131454467773438                  5.94214868545532226562
                 26.82997131347656250000                  5.37500000000000000000                 -0.53662502765655517578                  5.91162490844726562500
                 42.82997131347656250000                  5.50000000000000000000                 -0.39454233646392822266                  5.89454221725463867188
                 58.82997131347656250000                  5.75000000000000000000                 -0.14184249937534332275                  5.89184236526489257812
                 74.82997131347656250000                  5.68750000000000000000                 -0.21590070426464080811                  5.90340089797973632812
                 90.82997131347656250000                  6.00000000000000000000                  0.07196799665689468384                  5.92803192138671875000
                106.82997131347656250000                  5.56250000000000000000                 -0.40109413862228393555                  5.96359395980834960938
                122.82997131347656250000                  6.43750000000000000000                  0.43032652139663696289                  6.00717353820800781250
                138.82997131347656250000                  6.37500000000000000000                  0.31966894865036010742                  6.05533123016357421875
                154.82997131347656250000                  6.75000000000000000000                  0.64562088251113891602                  6.10437917709350585938
                170.82997131347656250000                  6.06250000000000000000                 -0.08815746754407882690                  6.15065765380859375000
                186.82997131347656250000                 63.62500000000000000000                 57.43421936035156250000                  6.19078063964843750000
                202.82997131347656250000                 82.87500000000000000000                 76.65320587158203125000                  6.22179031372070312500
                218.82997131347656250000                 11.00000000000000000000                  4.75848436355590820312                  6.24151563644409179688
                234.82997131347656250000                  7.31250000000000000000                  1.06430518627166748047                  6.24819469451904296875
                250.82997131347656250000                  6.31250000000000000000                  0.07156245410442352295                  6.24093770980834960938
                266.82997131347656250000                  4.56250000000000000000                 -1.65697252750396728516                  6.21947240829467773438
                282.82997131347656250000                  6.00000000000000000000                 -0.18413430452346801758                  6.18413448333740234375
                298.82997131347656250000                  5.75000000000000000000                 -0.38579532504081726074                  6.13579511642456054688
                314.82997131347656250000                  7.37500000000000000000                  1.29920315742492675781                  6.07579708099365234375
                330.82997131347656250000                  6.62500000000000000000                  0.61911350488662719727                  6.00588655471801757812
                346.82997131347656250000                  6.43750000000000000000                  0.50933873653411865234                  5.92816114425659179688
                362.82997131347656250000                  5.87500000000000000000                  0.02998775057494640350                  5.84501218795776367188
                378.82997131347656250000                  4.75000000000000000000                 -1.00906264781951904297                  5.75906276702880859375
                394.82997131347656250000                  5.18750000000000000000                 -0.48559176921844482422                  5.67309188842773437500
                410.82997131347656250000                  6.06250000000000000000                  0.47256034612655639648                  5.58993959426879882812
                426.82997131347656250000                  6.81250000000000000000                  1.30010807514190673828                  5.51239204406738281250
                442.82997131347656250000                  5.43750000000000000000                 -0.00554887158796191216                  5.44304895401000976562
                458.82997131347656250000                  5.31250000000000000000                 -0.07168886810541152954                  5.38418865203857421875
                474.82997131347656250000                  4.43750000000000000000                 -0.90013825893402099609                  5.33763837814331054688
