               -133.17002868652343750000                  3.81250000000000000000                 -1.43769693374633789062                  5.25019693374633789062
               -117.17002868652343750000                  5.00000000000000000000                 -0.15358902513980865479                  5.15358924865722656250
               -101.17002868652343750000                  5.25000000000000000000                  0.21706314384937286377                  5.03293704986572265625
                -85.17002868652343750000                  6.25000000000000000000                  1.35992157459259033203                  4.89007854461669921875
                -69.17002868652343750000                  4.56250000000000000000                 -0.16713491082191467285                  4.72963476181030273438
                -53.17002868652343750000                  4.87500000000000000000                  0.31566485762596130371                  4.55933523178100585938
                -37.17002868652343750000                  5.06250000000000000000                  0.67246174812316894531                  4.39003801345825195312
                -21.17002868652343750000                  5.43750000000000000000                  1.20213115215301513672                  4.23536872863769531250
                 -5.17002868652343750000                  4.81250000000000000000                  0.70158410072326660156                  4.11091613769531250000
                 10.82997131347656250000                  5.37500000000000000000                  1.34199929237365722656                  4.03300094604492187500
                 26.82997131347656250000                  5.81250000000000000000                  1.79541087150573730469                  4.01708936691284179688
                 42.82997131347656250000                  5.81250000000000000000                  1.73650979995727539062                  4.07599020004272460938
                 58.82997131347656250000                  4.93750000000000000000                  0.71945428848266601562                  4.21804571151733398438
                 74.82997131347656250000                  4.87500000000000000000                  0.42944794893264770508                  4.44555187225341796875
                 90.82997131347656250000                  4.62500000000000000000                 -0.12865978479385375977                  4.75365972518920898438
                106.82997131347656250000                  3.87500000000000000000                 -1.25496351718902587891                  5.12996339797973632812
                122.82997131347656250000                  4.43750000000000000000                 -1.11742043495178222656                  5.55492067337036132812
                138.82997131347656250000                  4.75000000000000000000                 -1.25313079357147216797                  6.00313091278076171875
                154.82997131347656250000                  4.18750000000000000000                 -2.25789546966552734375                  6.44539546966552734375
                170.82997131347656250000                  5.06250000000000000000                 -1.78884530067443847656                  6.85134506225585937500
                186.82997131347656250000                 77.18750000000000000000                 69.99515533447265625000                  7.19234275817871093750
                202.82997131347656250000                 93.12500000000000000000                 85.68069458007812500000                  7.44430589675903320312
                218.82997131347656250000                 11.81250000000000000000                  4.22240734100341796875                  7.59009265899658203125
                234.82997131347656250000                  6.31250000000000000000                 -1.30865156650543212891                  7.62115144729614257812
                250.82997131347656250000                  5.12500000000000000000                 -2.41322827339172363281                  7.53822803497314453125
                266.82997131347656250000                  5.62500000000000000000                 -1.72605419158935546875                  7.35105419158935546875
                282.82997131347656250000                  5.37500000000000000000                 -1.70208537578582763672                  7.07708549499511718750
                298.82997131347656250000                  4.93750000000000000000                 -1.80197823047637939453                  6.73947811126708984375
                314.82997131347656250000                  5.43750000000000000000                 -0.92708861827850341797                  6.36458873748779296875
                330.82997131347656250000                  5.31250000000000000000                 -0.66682076454162597656                  5.97932100296020507812
                346.82997131347656250000                  5.56250000000000000000                 -0.04615229740738868713                  5.60865211486816406250
                362.82997131347656250000                  5.43750000000000000000                  0.16389282047748565674                  5.27360725402832031250
                378.82997131347656250000                  5.18750000000000000000                  0.19763523340225219727                  4.98986482620239257812
                394.82997131347656250000                  6.56250000000000000000                  1.79541134834289550781                  4.76708841323852539062
                410.82997131347656250000                  5.75000000000000000000                  1.14104306697845458984                  4.60895681381225585938
                426.82997131347656250000                  4.62500000000000000000                  0.11121055483818054199                  4.51378965377807617188
                442.82997131347656250000                  4.87500000000000000000                  0.39939403533935546875                  4.47560596466064453125
                458.82997131347656250000                  5.31250000000000000000                  0.82707476615905761719                  4.48542547225952148438
                474.82997131347656250000                  4.12500000000000000000                 -0.40761518478393554688                  4.53261518478393554688
