5.25019690823907
5.15358902263749
5.03293686159454
4.89007840003017
4.72963491001796
4.55933514515084
4.3900382306962
4.23536886320175
4.11091589980328
4.03300072704799
4.0170891289783
4.07599016689059
4.21804571264735
4.44555206134982
4.75365978950558
5.12996357536305
5.55492045796682
6.00313078545126
6.44539546522119
6.85134524508495
7.192342991507
7.4443059052008
7.59009253134779
7.62115155056248
7.5382282377607
7.35105422255063
7.07708535171801
6.73947823614169
6.36458861900987
5.9793207803526
5.60865229877024
5.27360718320186
4.98986476892305
4.76708862149022
4.60895695115945
4.51378944619652
4.47560597837065
4.48542526079879
4.53261517229757
