-0.627856745700714
0.316702193313377
0.136158591462252
-0.357725869829118
0.646699275593334
-0.101467747935081
0.0218958640400453
-0.29647204830182
0.0678788737598808
-0.010292938327346
-0.0933382980260491
0.0693404172268119
0.603809935939058
-0.363420365542013
0.294521781244156
-0.107761735264
-0.0681189545410228
-0.272058420718498
0.0945316762506403
-0.779816806797154
2.16769525815904
2.93655451748636
0.150446066638224
-0.0676389414057179
0.279793127807934
0.00250198321859907
-0.464688723367757
-0.249098684564163
-0.10244322686084
-0.0881644230543031
-0.0188632657334868
0.106160055767503
-0.024233090736554
0.0292654965549615
0.0811542682975672
0.258361411137967
1.64086657781226e-05
-0.0677178003904302
-0.131734909332895
