1.10286195492574
1.16156800524224
1.21716868027982
1.26601224293656
1.30503759163846
1.33210866338707
1.34625483339908
1.34778101152033
1.3382274893735
1.32018003294691
1.29695218501985
1.27218080483132
1.24938930816462
1.23157846354593
1.22090081041334
1.21846218849756
1.22427441832766
1.23735998472325
1.25598646872668
1.27798928212646
1.30112914184161
1.3234275945462
1.34343009577867
1.36036036296903
1.37414928791374
1.38534308200952
1.39491481215219
1.40401782911525
1.41372661311684
1.42480948927929
1.43756920017744
1.45177342749618
1.4666808173445
1.48115192849079
1.49382151615247
1.50330062361077
1.50837494609238
1.50816959610263
1.50225851315711
