-0.415361954925743
-0.411568005242243
0.0953313197201751
0.108987757063436
0.0699624083615373
0.105391336612934
-0.15875483339908
0.214718988479674
0.224272510626496
-0.257680032946909
0.0780478149801542
0.165319195168682
-0.124389308164615
0.0184215364540656
-0.0959008104133361
-0.155962188497559
0.713225581672338
-0.112359984723246
-0.00598646872667663
-0.0279892821264585
4.69887085815839
3.3015724054538
0.0940699042213264
0.202139637030971
-0.186649287913741
-0.447843082009516
0.292585187847812
0.0959821708847499
-0.226226613116843
-0.549809489279292
0.374930799822556
-0.514273427496183
0.0958191826554986
0.143848071509214
0.00617848384752784
-0.00330062361076533
-0.00837494609238409
0.616830403897375
-0.627258513157108
