3.23088005195268
3.22347011549318
3.21626778171989
3.20990483039255
3.20505555817294
3.20238821218119
3.20250859412779
3.20589991282449
3.21286405659149
3.22347014311594
3.23751633080721
3.25451034572258
3.27367297018281
3.2939669167502
3.31415121990632
3.33285873085733
3.3486917566376
3.36032861908124
3.36663218824623
3.36675049821343
3.36019955050465
3.34688841640992
3.32729698702716
3.30215100692725
3.2726799344939
3.24037541549176
3.20690920986525
3.17400387259675
3.14329972846344
3.11623130102212
3.09392542494647
3.07713081716912
3.06618519168703
3.06102156326041
3.06121081508275
3.06603355263127
3.0745712960164
3.08580556131924
3.09871348748858
