-1.41838005195268
-0.0359701154931793
-0.153767781719893
0.227595169607449
-0.517555558172943
0.172611787818811
-0.202508594127794
0.106600087175508
0.0996359434085123
-0.0359701431159412
-0.675016330807215
-0.129510345722577
-0.586172970182809
0.0810330832497961
0.0608487800936817
0.354641269142667
-0.0361917566376029
-0.735328619081239
0.445867811753769
-0.679250498213429
21.3898004494954
28.0281115835901
0.172703012972843
-0.239651006927246
-0.147679934493898
0.697124584508236
0.043090790134749
0.388496127403248
-0.205799728463441
0.00876869897788257
-0.531425424946468
-0.139630817169121
-0.253685191687026
0.00147843673959125
0.626289184917249
0.433966447368731
0.3004287039836
-0.460805561319245
-0.036213487488582
