               -133.17002868652343750000                  1.81250000000000000000                 -1.41838002204895019531                  3.23088002204895019531
               -117.17002868652343750000                  3.18750000000000000000                 -0.03597011417150497437                  3.22347021102905273438
               -101.17002868652343750000                  3.06250000000000000000                 -0.15376777946949005127                  3.21626782417297363281
                -85.17002868652343750000                  3.43750000000000000000                  0.22759516537189483643                  3.20990490913391113281
                -69.17002868652343750000                  2.68750000000000000000                 -0.51755553483963012695                  3.20505547523498535156
                -53.17002868652343750000                  3.37500000000000000000                  0.17261178791522979736                  3.20238828659057617188
                -37.17002868652343750000                  3.00000000000000000000                 -0.20250859856605529785                  3.20250868797302246094
                -21.17002868652343750000                  3.31250000000000000000                  0.10660009086132049561                  3.20589995384216308594
                 -5.17002868652343750000                  3.31250000000000000000                  0.09963594377040863037                  3.21286416053771972656
                 10.82997131347656250000                  3.18750000000000000000                 -0.03597014397382736206                  3.22347021102905273438
                 26.82997131347656250000                  2.56250000000000000000                 -0.67501634359359741211                  3.23751640319824218750
                 42.82997131347656250000                  3.12500000000000000000                 -0.12951034307479858398                  3.25451040267944335938
                 58.82997131347656250000                  2.68750000000000000000                 -0.58617299795150756836                  3.27367305755615234375
                 74.82997131347656250000                  3.37500000000000000000                  0.08103308081626892090                  3.29396700859069824219
                 90.82997131347656250000                  3.37500000000000000000                  0.06084877997636795044                  3.31415128707885742188
                106.82997131347656250000                  3.68750000000000000000                  0.35464125871658325195                  3.33285880088806152344
                122.82997131347656250000                  3.31250000000000000000                 -0.03619175776839256287                  3.34869170188903808594
                138.82997131347656250000                  2.62500000000000000000                 -0.73532861471176147461                  3.36032867431640625000
                154.82997131347656250000                  3.81250000000000000000                  0.44586780667304992676                  3.36663222312927246094
                170.82997131347656250000                  2.68750000000000000000                 -0.67925047874450683594                  3.36675047874450683594
                186.82997131347656250000                 24.75000000000000000000                 21.38980102539062500000                  3.36019945144653320312
                202.82997131347656250000                 31.37500000000000000000                 28.02811241149902343750                  3.34688830375671386719
                218.82997131347656250000                  3.50000000000000000000                  0.17270301282405853271                  3.32729697227478027344
                234.82997131347656250000                  3.06250000000000000000                 -0.23965100944042205811                  3.30215096473693847656
                250.82997131347656250000                  3.12500000000000000000                 -0.14767993986606597900                  3.27268004417419433594
                266.82997131347656250000                  3.93750000000000000000                  0.69712460041046142578                  3.24037551879882812500
                282.82997131347656250000                  3.25000000000000000000                  0.04309079051017761230                  3.20690917968750000000
                298.82997131347656250000                  3.56250000000000000000                  0.38849613070487976074                  3.17400383949279785156
                314.82997131347656250000                  2.93750000000000000000                 -0.20579972863197326660                  3.14329981803894042969
                330.82997131347656250000                  3.12500000000000000000                  0.00876869913190603256                  3.11623120307922363281
                346.82997131347656250000                  2.56250000000000000000                 -0.53142541646957397461                  3.09392547607421875000
                362.82997131347656250000                  2.93750000000000000000                 -0.13963082432746887207                  3.07713079452514648438
                378.82997131347656250000                  2.81250000000000000000                 -0.25368520617485046387                  3.06618523597717285156
                394.82997131347656250000                  3.06250000000000000000                  0.00147843675222247839                  3.06102156639099121094
                410.82997131347656250000                  3.68750000000000000000                  0.62628918886184692383                  3.06121087074279785156
                426.82997131347656250000                  3.50000000000000000000                  0.43396645784378051758                  3.06603360176086425781
                442.82997131347656250000                  3.37500000000000000000                  0.30042871832847595215                  3.07457137107849121094
                458.82997131347656250000                  2.62500000000000000000                 -0.46080556511878967285                  3.08580565452575683594
                474.82997131347656250000                  3.06250000000000000000                 -0.03621348738670349121                  3.09871339797973632812
