2.48734905583748
2.62479198870459
2.75666395489755
2.87532873245952
2.97450064081012
3.04992434412461
3.09985225457108
3.12524744042032
3.12967117740948
3.11885351836546
3.09998749903046
3.08082701111655
3.06869906965459
3.06955811107101
3.08720966457674
3.12281215416835
3.1747303399931
3.23876633576092
3.30874083842282
3.37734613425255
3.43715169062651
3.48161954818324
3.50598461262582
3.50787518859357
3.48758880501159
3.44799124638464
3.3940640475101
3.33217801194163
3.26920896311039
3.21163081491991
3.16471764958041
3.13196231483638
3.11477920969753
3.11251103866455
3.1227119652363
3.14164067713648
3.16487216199585
3.18792923493778
3.20684355025328
