-2.38287896137052
-0.546246455960404
0.60471624593688
0.509154219099512
-0.0192141427535617
1.08276253861573
-1.74741871268176
-0.0729386245118837
1.29238891249985
-0.403273636618435
-0.0996224694296313
0.575993500919412
-0.191198224769995
-0.403160680504993
0.501170418922982
0.583571658215479
1.71916876243906
-0.965986841138814
0.092589824480191
-0.664747775709938
83.8280849049343
114.825198550901
10.1434753938851
0.0997613173810334
0.760559171559494
-0.308285971224582
-1.47936394053683
0.186078899568338
0.187995534142392
-0.100013101984328
-0.430649359908766
0.442228607254975
-0.673657483324563
0.403799006902772
0.48143872866673
-0.258799892710143
-0.259532654428313
0.0998742568929263
-0.996459623033957
