               -133.17002868652343750000                  4.25000000000000000000                 -2.38287901878356933594                  6.63287878036499023438
               -117.17002868652343750000                  6.12500000000000000000                 -0.54624646902084350586                  6.67124652862548828125
               -101.17002868652343750000                  7.31250000000000000000                  0.60471624135971069336                  6.70778369903564453125
                -85.17002868652343750000                  7.25000000000000000000                  0.50915420055389404297                  6.74084568023681640625
                -69.17002868652343750000                  6.75000000000000000000                 -0.01921414211392402649                  6.76921415328979492188
                -53.17002868652343750000                  7.87500000000000000000                  1.08276247978210449219                  6.79223728179931640625
                -37.17002868652343750000                  5.06250000000000000000                 -1.74741876125335693359                  6.80991888046264648438
                -21.17002868652343750000                  6.75000000000000000000                 -0.07293862104415893555                  6.82293844223022460938
                 -5.17002868652343750000                  8.12500000000000000000                  1.29238891601562500000                  6.83261108398437500000
                 10.82997131347656250000                  6.43750000000000000000                 -0.40327364206314086914                  6.84077358245849609375
                 26.82997131347656250000                  6.75000000000000000000                 -0.09962247312068939209                  6.84962224960327148438
                 42.82997131347656250000                  7.43750000000000000000                  0.57599347829818725586                  6.86150646209716796875
                 58.82997131347656250000                  6.68750000000000000000                 -0.19119822978973388672                  6.87869834899902343750
                 74.82997131347656250000                  6.50000000000000000000                 -0.40316069126129150391                  6.90316057205200195312
                 90.82997131347656250000                  7.43750000000000000000                  0.50117039680480957031                  6.93632936477661132812
                106.82997131347656250000                  7.56250000000000000000                  0.58357167243957519531                  6.97892856597900390625
                122.82997131347656250000                  8.75000000000000000000                  1.71916878223419189453                  7.03083133697509765625
                138.82997131347656250000                  6.12500000000000000000                 -0.96598684787750244141                  7.09098672866821289062
                154.82997131347656250000                  7.25000000000000000000                  0.09258982539176940918                  7.15741014480590820312
                170.82997131347656250000                  6.56250000000000000000                 -0.66474777460098266602                  7.22724771499633789062
                186.82997131347656250000                 91.12500000000000000000                 83.82808685302734375000                  7.29691505432128906250
                202.82997131347656250000                122.18750000000000000000                114.82519531250000000000                  7.36230134963989257812
                218.82997131347656250000                 17.56250000000000000000                 10.14347553253173828125                  7.41902446746826171875
                234.82997131347656250000                  7.56250000000000000000                  0.09976131469011306763                  7.46273851394653320312
                250.82997131347656250000                  8.25000000000000000000                  0.76055920124053955078                  7.48944091796875000000
                266.82997131347656250000                  7.18750000000000000000                 -0.30828598141670227051                  7.49578619003295898438
                282.82997131347656250000                  6.00000000000000000000                 -1.47936391830444335938                  7.47936391830444335938
                298.82997131347656250000                  7.62500000000000000000                  0.18607890605926513672                  7.43892097473144531250
                314.82997131347656250000                  7.56250000000000000000                  0.18799553811550140381                  7.37450456619262695312
                330.82997131347656250000                  7.18750000000000000000                 -0.10001309961080551147                  7.28751325607299804688
                346.82997131347656250000                  6.75000000000000000000                 -0.43064936995506286621                  7.18064928054809570312
                362.82997131347656250000                  7.50000000000000000000                  0.44222861528396606445                  7.05777120590209960938
                378.82997131347656250000                  6.25000000000000000000                 -0.67365747690200805664                  6.92365741729736328125
                394.82997131347656250000                  7.18750000000000000000                  0.40379899740219116211                  6.78370094299316406250
                410.82997131347656250000                  7.12500000000000000000                  0.48143872618675231934                  6.64356136322021484375
                426.82997131347656250000                  6.25000000000000000000                 -0.25879988074302673340                  6.50880002975463867188
                442.82997131347656250000                  6.12500000000000000000                 -0.25953266024589538574                  6.38453245162963867188
                458.82997131347656250000                  6.37500000000000000000                  0.09987425804138183594                  6.27512598037719726562
                474.82997131347656250000                  5.18750000000000000000                 -0.99645960330963134766                  6.18395948410034179688
