6.50022797133749
6.52023328334173
6.50810182645084
6.45902654005716
6.37276274298207
6.2547431230669
6.11661235509548
5.97597727136627
5.85525251858921
5.77960250859896
5.77412360503667
5.86055431824863
6.05392032688867
6.359590445112
6.77121983421695
7.26997871128192
7.82531288560062
8.39727523884949
8.94023545324102
9.40755682359377
9.75666222388659
9.95382756788457
9.97805822597362
9.82352209730779
9.50021447866864
9.03278151387452
8.45768892577969
7.81914806599392
7.16436634664743
6.53875172634266
5.98166611782224
5.52320247823064
5.18228076942779
4.96615269125374
4.87120892607507
4.88482510634519
4.98788335450766
5.15757236347131
5.37009607431007
