               -133.17002868652343750000                  1.06250000000000000000                 -0.32773667573928833008                  1.39023661613464355469
               -117.17002868652343750000                  1.25000000000000000000                 -0.16026997566223144531                  1.41026997566223144531
               -101.17002868652343750000                  1.75000000000000000000                  0.31986892223358154297                  1.43013107776641845703
                -85.17002868652343750000                  1.50000000000000000000                  0.05150629207491874695                  1.44849371910095214844
                -69.17002868652343750000                  1.25000000000000000000                 -0.21417509019374847412                  1.46417510509490966797
                -53.17002868652343750000                  1.56250000000000000000                  0.08624307066202163696                  1.47625696659088134766
                -37.17002868652343750000                  1.62500000000000000000                  0.14081700146198272705                  1.48418295383453369141
                -21.17002868652343750000                  1.43750000000000000000                 -0.05032051354646682739                  1.48782050609588623047
                 -5.17002868652343750000                  1.06250000000000000000                 -0.42497670650482177734                  1.48747670650482177734
                 10.82997131347656250000                  1.37500000000000000000                 -0.10886708647012710571                  1.48386704921722412109
                 26.82997131347656250000                  1.87500000000000000000                  0.39696192741394042969                  1.47803807258605957031
                 42.82997131347656250000                  1.50000000000000000000                  0.02874706871807575226                  1.47125291824340820312
                 58.82997131347656250000                  1.75000000000000000000                  0.28514567017555236816                  1.46485435962677001953
                 74.82997131347656250000                  1.68750000000000000000                  0.22737903892993927002                  1.46012091636657714844
                 90.82997131347656250000                  1.25000000000000000000                 -0.20813579857349395752                  1.45813584327697753906
                106.82997131347656250000                  1.12500000000000000000                 -0.33468279242515563965                  1.45968282222747802734
                122.82997131347656250000                  1.43750000000000000000                 -0.02768388763070106506                  1.46518385410308837891
                138.82997131347656250000                  1.25000000000000000000                 -0.22468338906764984131                  1.47468340396881103516
                154.82997131347656250000                  1.43750000000000000000                 -0.05037861317396163940                  1.48787856101989746094
                170.82997131347656250000                  1.87500000000000000000                  0.37081000208854675293                  1.50418996810913085938
                186.82997131347656250000                  4.00000000000000000000                  2.47714257240295410156                  1.52285742759704589844
                202.82997131347656250000                  2.00000000000000000000                  0.45695340633392333984                  1.54304659366607666016
                218.82997131347656250000                  1.50000000000000000000                 -0.06394805014133453369                  1.56394803524017333984
                234.82997131347656250000                  1.25000000000000000000                 -0.33485463261604309082                  1.58485460281372070312
                250.82997131347656250000                  1.93750000000000000000                  0.33229330182075500488                  1.60520672798156738281
                266.82997131347656250000                  1.68750000000000000000                  0.06289812177419662476                  1.62460184097290039062
                282.82997131347656250000                  2.25000000000000000000                  0.60722792148590087891                  1.64277207851409912109
                298.82997131347656250000                  1.12500000000000000000                 -0.53453695774078369141                  1.65953695774078369141
                314.82997131347656250000                  1.31250000000000000000                 -0.36224654316902160645                  1.67474651336669921875
                330.82997131347656250000                  1.50000000000000000000                 -0.18822750449180603027                  1.68822753429412841797
                346.82997131347656250000                  1.75000000000000000000                  0.05025456845760345459                  1.69974541664123535156
                362.82997131347656250000                  1.31250000000000000000                 -0.39649200439453125000                  1.70899200439453125000
                378.82997131347656250000                  1.81250000000000000000                  0.09689990431070327759                  1.71560013294219970703
                394.82997131347656250000                  1.93750000000000000000                  0.21831573545932769775                  1.71918427944183349609
                410.82997131347656250000                  1.68750000000000000000                 -0.03189852088689804077                  1.71939849853515625000
                426.82997131347656250000                  1.93750000000000000000                  0.22149969637393951416                  1.71600031852722167969
                442.82997131347656250000                  1.31250000000000000000                 -0.39640825986862182617                  1.70890831947326660156
                458.82997131347656250000                  1.75000000000000000000                  0.05175713822245597839                  1.69824290275573730469
                474.82997131347656250000                  0.81250000000000000000                 -0.87184208631515502930                  1.68434214591979980469
