-1.82209822386675
1.39719901772395
0.994743760900817
0.0937606630800305
0.62765031824408
0.96474361320657
0.720912648462623
0.572616310753014
1.82040324235504
0.577822959940577
1.2106171140596
1.02599062017522
1.02421122134978
1.27476909225606
-0.14564592665767
-0.591021188078059
-1.65981506454543
-1.82209828119905
-1.54733828583175
-2.74500794656831
68.8573719976621
86.899161465054
4.69735611676002
-1.691582122395
-2.09621804329267
-1.66602327574002
-1.80636139612556
-1.67541420056711
1.13155066804696
0.0851691698941686
0.411884026391113
1.47052278363202
1.8154426398499
1.13376762304929
1.056859175033
1.2212425013309
0.829249940576099
1.45963902180245
-0.621596207418603
