               -133.17002868652343750000                  3.37500000000000000000                 -1.82209825515747070312                  5.19709825515747070312
               -117.17002868652343750000                  6.56250000000000000000                  1.39719903469085693359                  5.16530084609985351562
               -101.17002868652343750000                  6.12500000000000000000                  0.99474376440048217773                  5.13025617599487304688
                -85.17002868652343750000                  5.18750000000000000000                  0.09376066178083419800                  5.09373950958251953125
                -69.17002868652343750000                  5.68750000000000000000                  0.62765032052993774414                  5.05984973907470703125
                -53.17002868652343750000                  6.00000000000000000000                  0.96474361419677734375                  5.03525638580322265625
                -37.17002868652343750000                  5.75000000000000000000                  0.72091263532638549805                  5.02908754348754882812
                -21.17002868652343750000                  5.62500000000000000000                  0.57261633872985839844                  5.05238389968872070312
                 -5.17002868652343750000                  6.93750000000000000000                  1.82040321826934814453                  5.11709690093994140625
                 10.82997131347656250000                  5.81250000000000000000                  0.57782298326492309570                  5.23467683792114257812
                 26.82997131347656250000                  6.62500000000000000000                  1.21061706542968750000                  5.41438293457031250000
                 42.82997131347656250000                  6.68750000000000000000                  1.02599060535430908203                  5.66150951385498046875
                 58.82997131347656250000                  7.00000000000000000000                  1.02421116828918457031                  5.97578859329223632812
                 74.82997131347656250000                  7.62500000000000000000                  1.27476906776428222656                  6.35023069381713867188
                 90.82997131347656250000                  6.62500000000000000000                 -0.14564593136310577393                  6.77064609527587890625
                106.82997131347656250000                  6.62500000000000000000                 -0.59102118015289306641                  7.21602106094360351562
                122.82997131347656250000                  6.00000000000000000000                 -1.65981507301330566406                  7.65981483459472656250
                138.82997131347656250000                  6.25000000000000000000                 -1.82209825515747070312                  8.07209873199462890625
                154.82997131347656250000                  6.87500000000000000000                 -1.54733824729919433594                  8.42233848571777343750
                170.82997131347656250000                  5.93750000000000000000                 -2.74500799179077148438                  8.68250751495361328125
                186.82997131347656250000                 77.68750000000000000000                 68.85736846923828125000                  8.83012771606445312500
                202.82997131347656250000                 95.75000000000000000000                 86.89916229248046875000                  8.85083866119384765625
                218.82997131347656250000                 13.43750000000000000000                  4.69735622406005859375                  8.74014377593994140625
                234.82997131347656250000                  6.81250000000000000000                 -1.69158208370208740234                  8.50408172607421875000
                250.82997131347656250000                  6.06250000000000000000                 -2.09621810913085937500                  8.15871810913085937500
                266.82997131347656250000                  6.06250000000000000000                 -1.66602325439453125000                  7.72852325439453125000
                282.82997131347656250000                  5.43750000000000000000                 -1.80636143684387207031                  7.24386119842529296875
                298.82997131347656250000                  5.06250000000000000000                 -1.67541420459747314453                  6.73791408538818359375
                314.82997131347656250000                  7.37500000000000000000                  1.13155066967010498047                  6.24344921112060546875
                330.82997131347656250000                  5.87500000000000000000                  0.08516916632652282715                  5.78983068466186523438
                346.82997131347656250000                  5.81250000000000000000                  0.41188403964042663574                  5.40061616897583007812
                362.82997131347656250000                  6.56250000000000000000                  1.47052276134490966797                  5.09197711944580078125
                378.82997131347656250000                  6.68750000000000000000                  1.81544268131256103516                  4.87205743789672851562
                394.82997131347656250000                  5.87500000000000000000                  1.13376760482788085938                  4.74123239517211914062
                410.82997131347656250000                  5.75000000000000000000                  1.05685913562774658203                  4.69314098358154296875
                426.82997131347656250000                  5.93750000000000000000                  1.22124254703521728516                  4.71625757217407226562
                442.82997131347656250000                  5.62500000000000000000                  0.82924991846084594727                  4.79575014114379882812
                458.82997131347656250000                  6.37500000000000000000                  1.45963907241821289062                  4.91536092758178710938
                474.82997131347656250000                  4.43750000000000000000                 -0.62159621715545654297                  5.05909633636474609375
