25.73530845032
25.8985406829763
26.0519390539494
26.1922420330981
26.3178394215894
26.428932818375
26.5274788280492
26.6169072784871
26.7016352684901
26.7864257950638
26.8756631271468
26.9726323284615
27.0788944896527
27.1938407460933
27.3144872792379
27.4355425410662
27.5497411981126
27.6484025207229
27.7221404253903
27.7616336963069
27.7583616962086
27.7052238290142
27.5969875184059
27.4305439406207
27.2049857806487
26.9215492690327
26.5834777196191
26.1958628484265
25.7655042965609
25.3008016629043
24.8116641745491
24.3093988392941
23.8065252576114
23.3164680394734
22.8530959578857
22.4301067621106
22.0602913278818
21.7547426972969
21.5220973683746
