-8.92280845032001
1.91395931702368
-0.614439053949425
0.932757966901868
0.307160578410596
1.00856718162495
-2.21497882804917
-0.92940727848714
0.298364731509938
0.338574204936197
-0.0631631271468152
1.7773676715385
-1.01639448965273
1.49365925390673
0.810512720762102
-0.935542541066162
-0.299741198112631
-0.0859025207229394
-1.28464042539029
-0.636633696306902
32.4916383037914
42.1697761709858
4.96551248159414
-1.1180439406207
0.732514219351305
-1.54654926903266
-0.458477719619115
-0.758362848426508
-1.39050429656092
1.26169833709568
1.62583582545088
-0.0593988392941434
0.130974742388563
0.93353196052664
-2.22809595788572
-0.555106762110636
0.00220867211817222
0.932757302703116
-3.58459736837456
