               -133.17002868652343750000                 22.68750000000000000000
               -117.17002868652343750000                 40.68750000000000000000
               -101.17002868652343750000                 38.31250000000000000000
                -85.17002868652343750000                 37.18750000000000000000
                -69.17002868652343750000                 37.75000000000000000000
                -53.17002868652343750000                 39.37500000000000000000
                -37.17002868652343750000                 39.56250000000000000000
                -21.17002868652343750000                 39.56250000000000000000
                 -5.17002868652343750000                 39.31250000000000000000
                 10.82997131347656250000                 36.50000000000000000000
                 26.82997131347656250000                 40.81250000000000000000
                 42.82997131347656250000                 37.25000000000000000000
                 58.82997131347656250000                 41.00000000000000000000
                 74.82997131347656250000                 38.37500000000000000000
                 90.82997131347656250000                 35.06250000000000000000
                106.82997131347656250000                 36.93750000000000000000
                122.82997131347656250000                 36.25000000000000000000
                138.82997131347656250000                 36.43750000000000000000
                154.82997131347656250000                 36.81250000000000000000
                170.82997131347656250000                 35.56250000000000000000
                186.82997131347656250000                 68.00000000000000000000
                202.82997131347656250000                 67.62500000000000000000
                218.82997131347656250000                 39.56250000000000000000
                234.82997131347656250000                 36.93750000000000000000
                250.82997131347656250000                 38.12500000000000000000
                266.82997131347656250000                 36.12500000000000000000
                282.82997131347656250000                 38.56250000000000000000
                298.82997131347656250000                 38.31250000000000000000
                314.82997131347656250000                 35.50000000000000000000
                330.82997131347656250000                 34.62500000000000000000
                346.82997131347656250000                 35.18750000000000000000
                362.82997131347656250000                 34.56250000000000000000
                378.82997131347656250000                 38.25000000000000000000
                394.82997131347656250000                 35.50000000000000000000
                410.82997131347656250000                 34.93750000000000000000
                426.82997131347656250000                 36.18750000000000000000
                442.82997131347656250000                 33.62500000000000000000
                458.82997131347656250000                 33.93750000000000000000
                474.82997131347656250000                 29.56250000000000000000
