-14.1440241317371
3.40867843832073
0.605502090819392
-0.903244744333072
-0.656795976950946
0.738642249757454
0.795240968022739
0.766974209357052
0.586370888879301
-2.07274690124272
2.45599957454619
-0.853764794981991
3.15671355235796
0.772050894130814
-2.34409378627794
-0.333805333904074
-0.955523698720043
-0.770728918642227
-0.456800271054504
-1.80848526028037
30.509740688086
30.0232627978416
1.88176857954079
-0.768550479520876
0.462809900254044
-1.41567988323919
1.22201303655711
1.24497861150472
-1.23341149784288
-1.72880223109804
-0.758964527612207
-0.966988947866696
3.13022018984804
0.768017292779483
0.559613367473148
2.12124028073337
-0.178018234340975
0.345900894141636
-3.87090710344512
