               -133.17002868652343750000                 22.68750000000000000000                -14.14402389526367187500                 36.83152389526367187500
               -117.17002868652343750000                 40.68750000000000000000                  3.40867853164672851562                 37.27882003784179687500
               -101.17002868652343750000                 38.31250000000000000000                  0.60550206899642944336                 37.70699691772460937500
                -85.17002868652343750000                 37.18750000000000000000                 -0.90324473381042480469                 38.09074401855468750000
                -69.17002868652343750000                 37.75000000000000000000                 -0.65679597854614257812                 38.40679550170898437500
                -53.17002868652343750000                 39.37500000000000000000                  0.73864227533340454102                 38.63635635375976562500
                -37.17002868652343750000                 39.56250000000000000000                  0.79524093866348266602                 38.76725769042968750000
                -21.17002868652343750000                 39.56250000000000000000                  0.76697421073913574219                 38.79552459716796875000
                 -5.17002868652343750000                 39.31250000000000000000                  0.58637088537216186523                 38.72612762451171875000
                 10.82997131347656250000                 36.50000000000000000000                 -2.07274699211120605469                 38.57274627685546875000
                 26.82997131347656250000                 40.81250000000000000000                  2.45599961280822753906                 38.35649871826171875000
                 42.82997131347656250000                 37.25000000000000000000                 -0.85376477241516113281                 38.10376358032226562500
                 58.82997131347656250000                 41.00000000000000000000                  3.15671348571777343750                 37.84328460693359375000
                 74.82997131347656250000                 38.37500000000000000000                  0.77205091714859008789                 37.60294723510742187500
                 90.82997131347656250000                 35.06250000000000000000                 -2.34409379959106445312                 37.40659332275390625000
                106.82997131347656250000                 36.93750000000000000000                 -0.33380532264709472656                 37.27130508422851562500
                122.82997131347656250000                 36.25000000000000000000                 -0.95552366971969604492                 37.20552444458007812500
                138.82997131347656250000                 36.43750000000000000000                 -0.77072894573211669922                 37.20822906494140625000
                154.82997131347656250000                 36.81250000000000000000                 -0.45680028200149536133                 37.26929855346679687500
                170.82997131347656250000                 35.56250000000000000000                 -1.80848526954650878906                 37.37098693847656250000
                186.82997131347656250000                 68.00000000000000000000                 30.50974082946777343750                 37.49026107788085937500
                202.82997131347656250000                 67.62500000000000000000                 30.02326202392578125000                 37.60173797607421875000
                218.82997131347656250000                 39.56250000000000000000                  1.88176858425140380859                 37.68073272705078125000
                234.82997131347656250000                 36.93750000000000000000                 -0.76855045557022094727                 37.70605087280273437500
                250.82997131347656250000                 38.12500000000000000000                  0.46280989050865173340                 37.66218948364257812500
                266.82997131347656250000                 36.12500000000000000000                 -1.41567993164062500000                 37.54067993164062500000
                282.82997131347656250000                 38.56250000000000000000                  1.22201299667358398438                 37.34048843383789062500
                298.82997131347656250000                 38.31250000000000000000                  1.24497866630554199219                 37.06752014160156250000
                314.82997131347656250000                 35.50000000000000000000                 -1.23341155052185058594                 36.73340988159179687500
                330.82997131347656250000                 34.62500000000000000000                 -1.72880220413208007812                 36.35380172729492187500
                346.82997131347656250000                 35.18750000000000000000                 -0.75896453857421875000                 35.94646453857421875000
                362.82997131347656250000                 34.56250000000000000000                 -0.96698892116546630859                 35.52948760986328125000
                378.82997131347656250000                 38.25000000000000000000                  3.13022017478942871094                 35.11978149414062500000
                394.82997131347656250000                 35.50000000000000000000                  0.76801729202270507812                 34.73198318481445312500
                410.82997131347656250000                 34.93750000000000000000                  0.55961334705352783203                 34.37788772583007812500
                426.82997131347656250000                 36.18750000000000000000                  2.12124037742614746094                 34.06626129150390625000
                442.82997131347656250000                 33.62500000000000000000                 -0.17801822721958160400                 33.80301666259765625000
                458.82997131347656250000                 33.93750000000000000000                  0.34590089321136474609                 33.59159851074218750000
                474.82997131347656250000                 29.56250000000000000000                 -3.87090706825256347656                 33.43340682983398437500
