-4.48883620215541
0.525478121985633
0.669676444451577
-0.616045988215288
-0.0791569289265999
0.719955178414871
-0.717277837396097
-2.45283339401689
1.45023432285489
0.302718439566574
0.476797029657292
-0.406305653304552
0.0864608525345947
0.57535145039319
-0.0692330431845782
-0.788786796556481
-0.586272897863839
-1.1507794407724
-0.294798736352863
-0.0791569891126036
74.1243953960096
100.445387498672
5.57702437289258
0.462692078721682
-0.079012824923641
0.144948517944832
-0.423341644369214
0.531876154910217
-1.23771425200085
-0.544628697084421
0.234425975138626
0.533686471144482
-0.77642223827992
0.611045114385608
0.43994555634627
0.0789678471506159
-0.290450933932264
-0.798742928186567
-0.825388574219844
