6.06496105487569
6.40313266194226
6.71624670182955
6.98460996448091
7.19324913889055
7.33395292663692
7.40665946743299
7.41993619431694
7.39039804256526
7.34104305572951
7.29863517332302
7.29041066167567
7.3405036967275
7.46655648294267
7.67698452602959
7.96930228191057
8.32978387934932
8.73455495694389
9.15201116362038
9.5462679604143
9.88119609851692
10.1245125481859
10.2513918989709
10.2471388923463
10.1086055101465
9.84422134983502
9.47270270175643
9.0206819449883
8.51962788903127
8.00249252286811
7.50051544830898
7.04055127473465
6.64317428210083
6.32168118355453
6.08198026738459
5.92324368525331
5.83912289541883
5.81929114524246
5.85107968151423
