0.905768872543028
0.903800585996176
0.902715673079072
0.902612421158662
0.903633437869884
0.905982671834798
0.909938936609879
0.91586249987031
0.924191170510017
0.935422743596937
0.950081763059377
0.968670343684339
0.991605124371908
1.01914502029871
1.05131689677001
1.08784813666649
1.12811588045428
1.1711221723727
1.21550224532281
1.25956986893901
1.30139946609431
1.33894015747749
1.37015269530954
1.39315703570249
1.40637656394096
1.40866498000451
1.39940354914003
1.37855954122597
1.34670074563161
1.3049653793734
1.25499093537968
1.19880906988396
1.13871618308679
1.07713076008178
1.01644882474705
0.958908153584022
0.906470405695827
0.860728279959147
0.822842433192154
