-0.0932688725430277
0.221199414003824
-0.152715673079072
0.222387578841338
0.346366562130116
-0.0309826718347982
-0.222438936609879
-0.22836249987031
0.138308829489983
-0.435422743596937
0.112418236940623
-0.0311703436843389
0.133394875628092
-0.0191450202987125
0.0111831032299929
-0.0878481366664943
0.121884119545718
-0.0461221723727028
-0.0905022453228121
-0.38456986893901
0.76110053390569
0.0360598425225129
0.254847304690464
-0.143157035702487
0.0311234360590396
0.091335019995489
0.100596450859967
-0.191059541225969
0.0907992543683891
-0.242465379373398
0.0575090646203178
-0.261309069883958
-0.0137161830867905
0.110369239918216
-0.266448824747046
0.478591846415978
0.0310295943041732
-0.110728279959147
-0.197842433192154
