               -133.17002868652343750000                  0.81250000000000000000                 -0.09326887130737304688                  0.90576887130737304688
               -117.17002868652343750000                  1.12500000000000000000                  0.22119940817356109619                  0.90380060672760009766
               -101.17002868652343750000                  0.75000000000000000000                 -0.15271566808223724365                  0.90271568298339843750
                -85.17002868652343750000                  1.12500000000000000000                  0.22238758206367492676                  0.90261244773864746094
                -69.17002868652343750000                  1.25000000000000000000                  0.34636655449867248535                  0.90363341569900512695
                -53.17002868652343750000                  0.87500000000000000000                 -0.03098267130553722382                  0.90598267316818237305
                -37.17002868652343750000                  0.68750000000000000000                 -0.22243893146514892578                  0.90993893146514892578
                -21.17002868652343750000                  0.68750000000000000000                 -0.22836250066757202148                  0.91586250066757202148
                 -5.17002868652343750000                  1.06250000000000000000                  0.13830882310867309570                  0.92419117689132690430
                 10.82997131347656250000                  0.50000000000000000000                 -0.43542274832725524902                  0.93542271852493286133
                 26.82997131347656250000                  1.06250000000000000000                  0.11241823434829711914                  0.95008176565170288086
                 42.82997131347656250000                  0.93750000000000000000                 -0.03117034398019313812                  0.96867036819458007812
                 58.82997131347656250000                  1.12500000000000000000                  0.13339488208293914795                  0.99160510301589965820
                 74.82997131347656250000                  1.00000000000000000000                 -0.01914502121508121490                  1.01914501190185546875
                 90.82997131347656250000                  1.06250000000000000000                  0.01118310354650020599                  1.05131685733795166016
                106.82997131347656250000                  1.00000000000000000000                 -0.08784813433885574341                  1.08784818649291992188
                122.82997131347656250000                  1.25000000000000000000                  0.12188412249088287354                  1.12811589241027832031
                138.82997131347656250000                  1.12500000000000000000                 -0.04612217098474502563                  1.17112219333648681641
                154.82997131347656250000                  1.12500000000000000000                 -0.09050224721431732178                  1.21550226211547851562
                170.82997131347656250000                  0.87500000000000000000                 -0.38456988334655761719                  1.25956988334655761719
                186.82997131347656250000                  2.06250000000000000000                  0.76110053062438964844                  1.30139946937561035156
                202.82997131347656250000                  1.37500000000000000000                  0.03605984151363372803                  1.33894014358520507812
                218.82997131347656250000                  1.62500000000000000000                  0.25484731793403625488                  1.37015271186828613281
                234.82997131347656250000                  1.25000000000000000000                 -0.14315703511238098145                  1.39315700531005859375
                250.82997131347656250000                  1.43750000000000000000                  0.03112343698740005493                  1.40637660026550292969
                266.82997131347656250000                  1.50000000000000000000                  0.09133502095937728882                  1.40866494178771972656
                282.82997131347656250000                  1.50000000000000000000                  0.10059645026922225952                  1.39940357208251953125
                298.82997131347656250000                  1.18750000000000000000                 -0.19105954468250274658                  1.37855958938598632812
                314.82997131347656250000                  1.43750000000000000000                  0.09079925715923309326                  1.34670078754425048828
                330.82997131347656250000                  1.06250000000000000000                 -0.24246537685394287109                  1.30496537685394287109
                346.82997131347656250000                  1.31250000000000000000                  0.05750906467437744141                  1.25499093532562255859
                362.82997131347656250000                  0.93750000000000000000                 -0.26130905747413635254                  1.19880902767181396484
                378.82997131347656250000                  1.12500000000000000000                 -0.01371618267148733139                  1.13871622085571289062
                394.82997131347656250000                  1.18750000000000000000                  0.11036924272775650024                  1.07713079452514648438
                410.82997131347656250000                  0.75000000000000000000                 -0.26644882559776306152                  1.01644885540008544922
                426.82997131347656250000                  1.43750000000000000000                  0.47859185934066772461                  0.95890814065933227539
                442.82997131347656250000                  0.93750000000000000000                  0.03102959506213665009                  0.90647041797637939453
                458.82997131347656250000                  0.75000000000000000000                 -0.11072827875614166260                  0.86072826385498046875
                474.82997131347656250000                  0.62500000000000000000                 -0.19784243404865264893                  0.82284241914749145508
