5.42329792484179
5.49057141723943
5.55624910389413
5.61663537735697
5.66816030430095
5.70767332840396
5.73271678824513
5.74175125312354
5.73430888008821
5.71105804684197
5.67377152681324
5.62520029986125
5.56886451682736
5.50878105182652
5.44915264238909
5.39404635950361
5.34708898858305
5.31120411892565
5.2884108836494
5.27969806603491
5.28498042441878
5.30318065155178
5.3321269029266
5.36916571275794
5.41095552655727
5.45394128667785
5.49457860531455
5.52959120370831
5.55619938784002
5.57230333467326
5.57660873987255
5.56868710518091
5.54896829465329
5.51866854123886
5.47966235137383
5.43431123456613
5.38526542738204
5.33525645194072
5.28689828085394
