               -133.17002868652343750000                  3.81250000000000000000
               -117.17002868652343750000                  4.56250000000000000000
               -101.17002868652343750000                  5.62500000000000000000
                -85.17002868652343750000                  6.18750000000000000000
                -69.17002868652343750000                  5.31250000000000000000
                -53.17002868652343750000                  6.00000000000000000000
                -37.17002868652343750000                  6.06250000000000000000
                -21.17002868652343750000                  5.18750000000000000000
                 -5.17002868652343750000                  6.12500000000000000000
                 10.82997131347656250000                  4.93750000000000000000
                 26.82997131347656250000                  5.81250000000000000000
                 42.82997131347656250000                  6.06250000000000000000
                 58.82997131347656250000                  5.50000000000000000000
                 74.82997131347656250000                  4.62500000000000000000
                 90.82997131347656250000                  5.68750000000000000000
                106.82997131347656250000                  5.00000000000000000000
                122.82997131347656250000                  3.93750000000000000000
                138.82997131347656250000                  5.56250000000000000000
                154.82997131347656250000                  5.75000000000000000000
                170.82997131347656250000                  4.87500000000000000000
                186.82997131347656250000                 51.93750000000000000000
                202.82997131347656250000                 66.06250000000000000000
                218.82997131347656250000                  9.12500000000000000000
                234.82997131347656250000                  6.00000000000000000000
                250.82997131347656250000                  4.81250000000000000000
                266.82997131347656250000                  4.87500000000000000000
                282.82997131347656250000                  5.00000000000000000000
                298.82997131347656250000                  6.18750000000000000000
                314.82997131347656250000                  5.62500000000000000000
                330.82997131347656250000                  6.75000000000000000000
                346.82997131347656250000                  5.87500000000000000000
                362.82997131347656250000                  5.50000000000000000000
                378.82997131347656250000                  5.37500000000000000000
                394.82997131347656250000                  4.50000000000000000000
                410.82997131347656250000                  5.75000000000000000000
                426.82997131347656250000                  5.81250000000000000000
                442.82997131347656250000                  5.81250000000000000000
                458.82997131347656250000                  4.75000000000000000000
                474.82997131347656250000                  4.18750000000000000000
