               -133.17002868652343750000                  3.81250000000000000000                 -1.61079788208007812500                  5.42329788208007812500
               -117.17002868652343750000                  4.56250000000000000000                 -0.92807143926620483398                  5.49057149887084960938
               -101.17002868652343750000                  5.62500000000000000000                  0.06875089555978775024                  5.55624914169311523438
                -85.17002868652343750000                  6.18750000000000000000                  0.57086461782455444336                  5.61663532257080078125
                -69.17002868652343750000                  5.31250000000000000000                 -0.35566028952598571777                  5.66816043853759765625
                -53.17002868652343750000                  6.00000000000000000000                  0.29232665896415710449                  5.70767354965209960938
                -37.17002868652343750000                  6.06250000000000000000                  0.32978320121765136719                  5.73271656036376953125
                -21.17002868652343750000                  5.18750000000000000000                 -0.55425125360488891602                  5.74175119400024414062
                 -5.17002868652343750000                  6.12500000000000000000                  0.39069113135337829590                  5.73430871963500976562
                 10.82997131347656250000                  4.93750000000000000000                 -0.77355802059173583984                  5.71105813980102539062
                 26.82997131347656250000                  5.81250000000000000000                  0.13872846961021423340                  5.67377138137817382812
                 42.82997131347656250000                  6.06250000000000000000                  0.43729969859123229980                  5.62520027160644531250
                 58.82997131347656250000                  5.50000000000000000000                 -0.06886451691389083862                  5.56886434555053710938
                 74.82997131347656250000                  4.62500000000000000000                 -0.88378107547760009766                  5.50878095626831054688
                 90.82997131347656250000                  5.68750000000000000000                  0.23834735155105590820                  5.44915246963500976562
                106.82997131347656250000                  5.00000000000000000000                 -0.39404636621475219727                  5.39404630661010742188
                122.82997131347656250000                  3.93750000000000000000                 -1.40958893299102783203                  5.34708881378173828125
                138.82997131347656250000                  5.56250000000000000000                  0.25129589438438415527                  5.31120395660400390625
                154.82997131347656250000                  5.75000000000000000000                  0.46158912777900695801                  5.28841066360473632812
                170.82997131347656250000                  4.87500000000000000000                 -0.40469807386398315430                  5.27969789505004882812
                186.82997131347656250000                 51.93750000000000000000                 46.65251922607421875000                  5.28498029708862304688
                202.82997131347656250000                 66.06250000000000000000                 60.75931930541992187500                  5.30318069458007812500
                218.82997131347656250000                  9.12500000000000000000                  3.79287314414978027344                  5.33212709426879882812
                234.82997131347656250000                  6.00000000000000000000                  0.63083428144454956055                  5.36916589736938476562
                250.82997131347656250000                  4.81250000000000000000                 -0.59845554828643798828                  5.41095542907714843750
                266.82997131347656250000                  4.87500000000000000000                 -0.57894128561019897461                  5.45394134521484375000
                282.82997131347656250000                  5.00000000000000000000                 -0.49457859992980957031                  5.49457883834838867188
                298.82997131347656250000                  6.18750000000000000000                  0.65790879726409912109                  5.52959108352661132812
                314.82997131347656250000                  5.62500000000000000000                  0.06880061328411102295                  5.55619955062866210938
                330.82997131347656250000                  6.75000000000000000000                  1.17769670486450195312                  5.57230329513549804688
                346.82997131347656250000                  5.87500000000000000000                  0.29839125275611877441                  5.57660865783691406250
                362.82997131347656250000                  5.50000000000000000000                 -0.06868710368871688843                  5.56868696212768554688
                378.82997131347656250000                  5.37500000000000000000                 -0.17396830022335052490                  5.54896831512451171875
                394.82997131347656250000                  4.50000000000000000000                 -1.01866853237152099609                  5.51866865158081054688
                410.82997131347656250000                  5.75000000000000000000                  0.27033764123916625977                  5.47966241836547851562
                426.82997131347656250000                  5.81250000000000000000                  0.37818875908851623535                  5.43431138992309570312
                442.82997131347656250000                  5.81250000000000000000                  0.42723456025123596191                  5.38526535034179687500
                458.82997131347656250000                  4.75000000000000000000                 -0.58525645732879638672                  5.33525657653808593750
                474.82997131347656250000                  4.18750000000000000000                 -1.09939825534820556641                  5.28689813613891601562
