2.73749409076901
2.89460588264086
3.05246711540366
3.2031306690482
3.33949487183728
3.45595091272868
3.54888396308147
3.61696403812228
3.66118586705271
3.68464709466242
3.69208733316766
3.68924248047606
3.68209468651748
3.67611424283283
3.67559255482998
3.68315410126387
3.69951093619683
3.72348907821461
3.75231708794973
3.78212930740956
3.80860566338125
3.82765156073188
3.83601812008424
3.83177517441659
3.81457471509258
3.78567636950056
3.74774318715627
3.70444947960205
3.65996754241918
3.61841335368552
3.58333156384316
3.55728827415612
3.54161911376987
3.5363540355596
3.5403135243076
3.55134763969445
3.56667260503546
3.58325124107428
3.59816370267031
