               -133.17002868652343750000                  1.62500000000000000000                 -1.11249411106109619141                  2.73749399185180664062
               -117.17002868652343750000                  3.12500000000000000000                  0.23039411008358001709                  2.89460587501525878906
               -101.17002868652343750000                  4.12500000000000000000                  1.07253289222717285156                  3.05246710777282714844
                -85.17002868652343750000                  2.68750000000000000000                 -0.51563066244125366211                  3.20313072204589843750
                -69.17002868652343750000                  4.00000000000000000000                  0.66050511598587036133                  3.33949494361877441406
                -53.17002868652343750000                  4.00000000000000000000                  0.54404908418655395508                  3.45595097541809082031
                -37.17002868652343750000                  3.56250000000000000000                  0.01361603662371635437                  3.54888391494750976562
                -21.17002868652343750000                  4.12500000000000000000                  0.50803595781326293945                  3.61696410179138183594
                 -5.17002868652343750000                  3.00000000000000000000                 -0.66118586063385009766                  3.66118597984313964844
                 10.82997131347656250000                  3.43750000000000000000                 -0.24714709818363189697                  3.68464708328247070312
                 26.82997131347656250000                  3.50000000000000000000                 -0.19208733737468719482                  3.69208741188049316406
                 42.82997131347656250000                  4.37500000000000000000                  0.68575751781463623047                  3.68924236297607421875
                 58.82997131347656250000                  3.81250000000000000000                  0.13040530681610107422                  3.68209457397460937500
                 74.82997131347656250000                  3.37500000000000000000                 -0.30111423134803771973                  3.67611432075500488281
                 90.82997131347656250000                  3.50000000000000000000                 -0.17559255659580230713                  3.67559266090393066406
                106.82997131347656250000                  3.37500000000000000000                 -0.30815410614013671875                  3.68315410614013671875
                122.82997131347656250000                  2.87500000000000000000                 -0.82451093196868896484                  3.69951105117797851562
                138.82997131347656250000                  3.06250000000000000000                 -0.66098910570144653320                  3.72348904609680175781
                154.82997131347656250000                  3.12500000000000000000                 -0.62731707096099853516                  3.75231719017028808594
                170.82997131347656250000                  3.56250000000000000000                 -0.21962930262088775635                  3.78212928771972656250
                186.82997131347656250000                 28.75000000000000000000                 24.94139480590820312500                  3.80860567092895507812
                202.82997131347656250000                 36.62500000000000000000                 32.79734802246093750000                  3.82765150070190429688
                218.82997131347656250000                  4.50000000000000000000                  0.66398185491561889648                  3.83601808547973632812
                234.82997131347656250000                  3.06250000000000000000                 -0.76927518844604492188                  3.83177518844604492188
                250.82997131347656250000                  3.56250000000000000000                 -0.25207471847534179688                  3.81457471847534179688
                266.82997131347656250000                  3.06250000000000000000                 -0.72317636013031005859                  3.78567647933959960938
                282.82997131347656250000                  3.12500000000000000000                 -0.62274318933486938477                  3.74774312973022460938
                298.82997131347656250000                  4.68750000000000000000                  0.98305052518844604492                  3.70444941520690917969
                314.82997131347656250000                  3.62500000000000000000                 -0.03496754169464111328                  3.65996766090393066406
                330.82997131347656250000                  3.25000000000000000000                 -0.36841335892677307129                  3.61841344833374023438
                346.82997131347656250000                  3.12500000000000000000                 -0.45833155512809753418                  3.58333158493041992188
                362.82997131347656250000                  3.50000000000000000000                 -0.05728827416896820068                  3.55728816986083984375
                378.82997131347656250000                  2.87500000000000000000                 -0.66661912202835083008                  3.54161906242370605469
                394.82997131347656250000                  2.75000000000000000000                 -0.78635406494140625000                  3.53635406494140625000
                410.82997131347656250000                  2.93750000000000000000                 -0.60281354188919067383                  3.54031348228454589844
                426.82997131347656250000                  4.31250000000000000000                  0.76115238666534423828                  3.55134773254394531250
                442.82997131347656250000                  3.62500000000000000000                  0.05832739546895027161                  3.56667256355285644531
                458.82997131347656250000                  3.81250000000000000000                  0.22924876213073730469                  3.58325123786926269531
                474.82997131347656250000                  2.93750000000000000000                 -0.66066372394561767578                  3.59816360473632812500
