1.71663125088001
1.72686856186648
1.73321712422092
1.73623413280318
1.73750055221602
1.73954575933823
1.74560690248503
1.75923616749242
1.7837965342974
1.82191076974407
1.87494450341946
1.94260835506883
2.02275410392661
2.11141610804521
2.20311449876905
2.2913962824148
2.36955104546894
2.43140645520492
2.47209114180165
2.48865260766894
2.48043627931572
2.44916615435982
2.39871224006365
2.33457769639898
2.2631812269617
2.19104060491807
2.12397626413791
2.06644770441561
2.02111152952353
1.98865278911175
1.9678976054893
1.95617236666218
1.9498400504908
1.94492273422488
1.93771365901875
1.92529208184148
1.90587664473935
1.87898331035677
1.84538636387559
