-0.654131250880011
0.710631438133519
0.0792828757790847
-0.298734132803182
0.0749994477839802
-0.30204575933823
0.691893097514971
0.553263832507581
-0.533796534297404
0.303089230255927
0.187555496580538
-0.442608355068833
0.039745896073391
-0.798916108045213
0.109385501230953
0.396103717585199
-0.119551045468937
0.131093544795076
-0.159591141801648
-0.301152607668945
11.5195637206843
14.0508338456402
-0.0862122400636451
-0.209577696398977
-0.513181226961696
-0.253540604918071
-0.436476264137913
-0.128947704415614
0.35388847047647
-0.301152789111747
-0.467897605489299
0.168827633337818
0.300159949509204
-0.00742273422487916
0.0622863409812513
0.387207918158523
-0.280876644739347
-0.441483310356766
-0.0328863638755936
