1.60006717520638
1.70902121295304
1.81060993771315
1.8977092473105
1.96463685420998
2.00789748578569
2.02669818207906
2.02313945243811
2.00202914267965
1.97032006649583
1.93623156099736
1.90816909226034
1.89359476352126
1.89801691224479
1.92425452172982
1.97209247178875
2.03838249140305
2.11757225940788
2.20257427106888
2.28582988013818
2.3603929371617
2.4208576238144
2.46398641409333
2.48895051171725
2.49716569990672
2.49177775197295
2.47691000470827
2.45682088480274
2.43512552796197
2.41421345382084
2.39494942907843
2.37668711199801
2.35756657946522
2.33501845860321
2.30636731618303
2.26941912709842
2.22293131332526
2.16689423668067
2.10259270321716
