-0.412567175206377
0.290978787046959
0.189390062286855
0.164790752689499
0.0353631457900172
0.0546025142143138
-0.0266981820790582
0.414360547561889
0.0604708573203485
-0.0328200664958342
-0.373731560997363
-0.220669092260343
0.0439052364787356
0.351983087755212
0.138245478270179
-0.472092471788749
-0.413382491403052
0.132427740592124
-0.0775742710688809
-0.410829880138175
16.0146070628383
20.0166423761856
0.473513585906665
0.386049488282752
-0.184665699906717
-0.866777751972954
-0.414410004708274
-0.456820884802741
-0.372625527961973
0.835786546179163
-0.0199494290784292
0.24831288800199
0.142433420534785
0.414981541396791
0.0686326838169684
0.230580872901583
-0.160431313325256
0.0831057633193293
-0.415092703217165
