               -133.17002868652343750000                  1.18750000000000000000                 -0.41256716847419738770                  1.60006713867187500000
               -117.17002868652343750000                  2.00000000000000000000                  0.29097878932952880859                  1.70902121067047119141
               -101.17002868652343750000                  2.00000000000000000000                  0.18939006328582763672                  1.81060993671417236328
                -85.17002868652343750000                  2.06250000000000000000                  0.16479074954986572266                  1.89770925045013427734
                -69.17002868652343750000                  2.00000000000000000000                  0.03536314517259597778                  1.96463680267333984375
                -53.17002868652343750000                  2.06250000000000000000                  0.05460251495242118835                  2.00789737701416015625
                -37.17002868652343750000                  2.00000000000000000000                 -0.02669818140566349030                  2.02669811248779296875
                -21.17002868652343750000                  2.43750000000000000000                  0.41436055302619934082                  2.02313947677612304688
                 -5.17002868652343750000                  2.06250000000000000000                  0.06047085672616958618                  2.00202918052673339844
                 10.82997131347656250000                  1.93750000000000000000                 -0.03282006829977035522                  1.97032010555267333984
                 26.82997131347656250000                  1.56250000000000000000                 -0.37373155355453491211                  1.93623161315917968750
                 42.82997131347656250000                  1.68750000000000000000                 -0.22066909074783325195                  1.90816915035247802734
                 58.82997131347656250000                  1.93750000000000000000                  0.04390523582696914673                  1.89359474182128906250
                 74.82997131347656250000                  2.25000000000000000000                  0.35198310017585754395                  1.89801692962646484375
                 90.82997131347656250000                  2.06250000000000000000                  0.13824547827243804932                  1.92425453662872314453
                106.82997131347656250000                  1.50000000000000000000                 -0.47209247946739196777                  1.97209250926971435547
                122.82997131347656250000                  1.62500000000000000000                 -0.41338250041007995605                  2.03838253021240234375
                138.82997131347656250000                  2.25000000000000000000                  0.13242773711681365967                  2.11757230758666992188
                154.82997131347656250000                  2.12500000000000000000                 -0.07757426798343658447                  2.20257425308227539062
                170.82997131347656250000                  1.87500000000000000000                 -0.41082987189292907715                  2.28582978248596191406
                186.82997131347656250000                 18.37500000000000000000                 16.01460647583007812500                  2.36039304733276367188
                202.82997131347656250000                 22.43750000000000000000                 20.01664161682128906250                  2.42085766792297363281
                218.82997131347656250000                  2.93750000000000000000                  0.47351357340812683105                  2.46398639678955078125
                234.82997131347656250000                  2.87500000000000000000                  0.38604947924613952637                  2.48895049095153808594
                250.82997131347656250000                  2.31250000000000000000                 -0.18466569483280181885                  2.49716567993164062500
                266.82997131347656250000                  1.62500000000000000000                 -0.86677777767181396484                  2.49177765846252441406
                282.82997131347656250000                  2.06250000000000000000                 -0.41440999507904052734                  2.47691011428833007812
                298.82997131347656250000                  2.00000000000000000000                 -0.45682087540626525879                  2.45682096481323242188
                314.82997131347656250000                  2.06250000000000000000                 -0.37262552976608276367                  2.43512558937072753906
                330.82997131347656250000                  3.25000000000000000000                  0.83578652143478393555                  2.41421341896057128906
                346.82997131347656250000                  2.37500000000000000000                 -0.01994942873716354370                  2.39494943618774414062
                362.82997131347656250000                  2.62500000000000000000                  0.24831289052963256836                  2.37668704986572265625
                378.82997131347656250000                  2.50000000000000000000                  0.14243341982364654541                  2.35756659507751464844
                394.82997131347656250000                  2.75000000000000000000                  0.41498154401779174805                  2.33501839637756347656
                410.82997131347656250000                  2.37500000000000000000                  0.06863268464803695679                  2.30636739730834960938
                426.82997131347656250000                  2.50000000000000000000                  0.23058086633682250977                  2.26941919326782226562
                442.82997131347656250000                  2.06250000000000000000                 -0.16043131053447723389                  2.22293138504028320312
                458.82997131347656250000                  2.25000000000000000000                  0.08310576528310775757                  2.16689419746398925781
                474.82997131347656250000                  1.68750000000000000000                 -0.41509270668029785156                  2.10259270668029785156
