3.85257112626751
3.87771773977289
3.9046066992365
3.93188870637709
3.95810356321853
3.98179771100051
4.00165113429373
4.01660081906975
4.0259473900765
4.02943262372356
4.02727817039731
4.02017972803143
4.00925560503659
3.99595350433015
3.98192384381229
3.96887146989649
3.95839983531017
3.95186240617582
3.9502352391057
3.95402250117818
3.96320349341293
3.97724097500876
3.99504540774059
4.01520913595259
4.03597381623601
4.05545012376987
4.07175962057031
4.08319107908222
4.08834262135616
4.08623740948789
4.07640299147896
4.05890771989263
4.03435163558263
4.0038134675861
3.96875950531346
3.93092360444683
3.89217009966793
3.85435263228727
3.8191817313635
