-1.41507112626751
0.43478226022711
0.0328933007635022
-0.556888706377085
0.04189643678147
-0.231797711000505
0.498348865706273
0.108399180930246
-0.400947390076499
-0.0294326237235643
0.222721829602695
0.22982027196857
-0.00925560503659462
-0.620953504330151
0.0180761561877132
-0.406371469896492
0.0416001646898336
0.298137593824177
-0.450235239105696
0.85847749882182
33.5367965065871
50.8352590249912
2.25495459225941
-0.0777091359525883
0.0890261837639938
-0.305450123769874
-0.196759620570313
0.0418089209177834
0.0991573786438353
0.288762590512112
0.111097008521042
-0.121407719892626
-0.284351635582626
0.183686532413899
-0.906259505313462
0.381576395553168
0.357829900332074
-0.0418526322872745
-0.444181731363501
