               -133.17002868652343750000                  2.43750000000000000000                 -1.41507112979888916016                  3.85257101058959960938
               -117.17002868652343750000                  4.31250000000000000000                  0.43478226661682128906                  3.87771773338317871094
               -101.17002868652343750000                  3.93750000000000000000                  0.03289330005645751953                  3.90460658073425292969
                -85.17002868652343750000                  3.37500000000000000000                 -0.55688869953155517578                  3.93188881874084472656
                -69.17002868652343750000                  4.00000000000000000000                  0.04189643636345863342                  3.95810365676879882812
                -53.17002868652343750000                  3.75000000000000000000                 -0.23179771006107330322                  3.98179769515991210938
                -37.17002868652343750000                  4.50000000000000000000                  0.49834886193275451660                  4.00165128707885742188
                -21.17002868652343750000                  4.12500000000000000000                  0.10839918255805969238                  4.01660060882568359375
                 -5.17002868652343750000                  3.62500000000000000000                 -0.40094739198684692383                  4.02594757080078125000
                 10.82997131347656250000                  4.00000000000000000000                 -0.02943262457847595215                  4.02943277359008789062
                 26.82997131347656250000                  4.25000000000000000000                  0.22272183001041412354                  4.02727794647216796875
                 42.82997131347656250000                  4.25000000000000000000                  0.22982026636600494385                  4.02017974853515625000
                 58.82997131347656250000                  4.00000000000000000000                 -0.00925560481846332550                  4.00925540924072265625
                 74.82997131347656250000                  3.37500000000000000000                 -0.62095350027084350586                  3.99595355987548828125
                 90.82997131347656250000                  4.00000000000000000000                  0.01807615533471107483                  3.98192381858825683594
                106.82997131347656250000                  3.56250000000000000000                 -0.40637147426605224609                  3.96887135505676269531
                122.82997131347656250000                  4.00000000000000000000                  0.04160016402602195740                  3.95839977264404296875
                138.82997131347656250000                  4.25000000000000000000                  0.29813760519027709961                  3.95186233520507812500
                154.82997131347656250000                  3.50000000000000000000                 -0.45023524761199951172                  3.95023512840270996094
                170.82997131347656250000                  4.81250000000000000000                  0.85847747325897216797                  3.95402240753173828125
                186.82997131347656250000                 37.50000000000000000000                 33.53679656982421875000                  3.96320343017578125000
                202.82997131347656250000                 54.81250000000000000000                 50.83525848388671875000                  3.97724103927612304688
                218.82997131347656250000                  6.25000000000000000000                  2.25495457649230957031                  3.99504542350769042969
                234.82997131347656250000                  3.93750000000000000000                 -0.07770913839340209961                  4.01520919799804687500
                250.82997131347656250000                  4.12500000000000000000                  0.08902618288993835449                  4.03597402572631835938
                266.82997131347656250000                  3.75000000000000000000                 -0.30545011162757873535                  4.05544996261596679688
                282.82997131347656250000                  3.87500000000000000000                 -0.19675962626934051514                  4.07175970077514648438
                298.82997131347656250000                  4.12500000000000000000                  0.04180892184376716614                  4.08319091796875000000
                314.82997131347656250000                  4.18750000000000000000                  0.09915737807750701904                  4.08834266662597656250
                330.82997131347656250000                  4.37500000000000000000                  0.28876259922981262207                  4.08623743057250976562
                346.82997131347656250000                  4.18750000000000000000                  0.11109700798988342285                  4.07640314102172851562
                362.82997131347656250000                  3.93750000000000000000                 -0.12140771746635437012                  4.05890750885009765625
                378.82997131347656250000                  3.75000000000000000000                 -0.28435164690017700195                  4.03435182571411132812
                394.82997131347656250000                  4.18750000000000000000                  0.18368653953075408936                  4.00381326675415039062
                410.82997131347656250000                  3.06250000000000000000                 -0.90625947713851928711                  3.96875953674316406250
                426.82997131347656250000                  4.31250000000000000000                  0.38157638907432556152                  3.93092370033264160156
                442.82997131347656250000                  4.25000000000000000000                  0.35782989859580993652                  3.89217019081115722656
                458.82997131347656250000                  3.81250000000000000000                 -0.04185263067483901978                  3.85435271263122558594
                474.82997131347656250000                  3.37500000000000000000                 -0.44418174028396606445                  3.81918168067932128906
