3.40550657212945
3.44310875147338
3.47499163835963
3.4990531206916
3.51504667799137
3.52495436827087
3.53306875329235
3.54572053585516
3.57063622670225
3.61596796254702
3.68909697187271
3.79536284111682
3.93690254733939
4.11178823158097
4.31362691126441
4.53173001725451
4.75188258408918
4.95765268253649
5.13209577467972
5.25964098733319
5.32790928503929
5.32921467057895
5.26153975926595
5.12885032949857
4.94070778742525
4.71123822956288
4.45760551923657
4.19819940010978
3.95077889813124
3.73080321352409
3.55014062506659
3.41627972448391
3.3320890666049
3.29609440845792
3.30317885100021
3.34556861186618
3.41394953941058
3.4985659510777
3.5901793073556
