14.4263622671631
14.4815973415479
14.5547926915911
14.6432734660912
14.7435553791776
14.8517088219465
14.9638001534703
15.0763571775463
15.1867961342112
15.2937462670393
15.3972163504793
15.4985651762832
15.6002630238874
15.7054602989477
15.8174085985239
15.938803951406
16.0711378592978
16.2141461764306
16.3654376587683
16.5203639757263
16.672163738829
16.8124043126679
16.9315058119888
17.0198179724856
17.0682662553107
17.0693644300952
17.0179602792376
16.9118113242367
16.7519059597511
16.5425000811292
16.2908704266527
16.0068151542095
15.7019563453789
15.3889158266284
15.0804436915267
14.7885781115149
14.5239063510585
14.2949820377516
14.1079348385069
