-6.86386226716309
-0.169097341547939
-1.36729269159106
0.919226533908839
0.131444620822444
-0.664208821946513
-0.526300153470297
0.173642822453663
2.06320386578875
-0.981246267039264
2.66528364952065
0.626434823716824
-1.10026302388744
0.16953970105229
0.745091401476103
-1.75130395140603
-0.321137859297796
0.535853823569397
-1.11543765876831
-0.332863975726298
33.327836261171
57.6250956873321
13.3809941880112
1.91768202751436
1.49423374468934
1.30563556990479
0.169539720762444
-1.28681132423665
0.123094040248876
0.144999918870802
0.521629573347269
0.930684845790456
-1.63945634537891
-0.201415826628399
0.482056308473343
-0.913578111514926
0.97609364894145
-0.169982037751609
-2.42043483850692
