               -133.17002868652343750000                  7.56250000000000000000                 -6.86386203765869140625                 14.42636203765869140625
               -117.17002868652343750000                 14.31250000000000000000                 -0.16909733414649963379                 14.48159694671630859375
               -101.17002868652343750000                 13.18750000000000000000                 -1.36729264259338378906                 14.55479240417480468750
                -85.17002868652343750000                 15.56250000000000000000                  0.91922652721405029297                 14.64327335357666015625
                -69.17002868652343750000                 14.87500000000000000000                  0.13144461810588836670                 14.74355506896972656250
                -53.17002868652343750000                 14.18750000000000000000                 -0.66420882940292358398                 14.85170841217041015625
                -37.17002868652343750000                 14.43750000000000000000                 -0.52630013227462768555                 14.96380043029785156250
                -21.17002868652343750000                 15.25000000000000000000                  0.17364282906055450439                 15.07635688781738281250
                 -5.17002868652343750000                 17.25000000000000000000                  2.06320381164550781250                 15.18679618835449218750
                 10.82997131347656250000                 14.31250000000000000000                 -0.98124629259109497070                 15.29374599456787109375
                 26.82997131347656250000                 18.06250000000000000000                  2.66528367996215820312                 15.39721679687500000000
                 42.82997131347656250000                 16.12500000000000000000                  0.62643480300903320312                 15.49856472015380859375
                 58.82997131347656250000                 14.50000000000000000000                 -1.10026299953460693359                 15.60026264190673828125
                 74.82997131347656250000                 15.87500000000000000000                  0.16953970491886138916                 15.70546054840087890625
                 90.82997131347656250000                 16.56250000000000000000                  0.74509137868881225586                 15.81740856170654296875
                106.82997131347656250000                 14.18750000000000000000                 -1.75130391120910644531                 15.93880367279052734375
                122.82997131347656250000                 15.75000000000000000000                 -0.32113784551620483398                 16.07113838195800781250
                138.82997131347656250000                 16.75000000000000000000                  0.53585380315780639648                 16.21414566040039062500
                154.82997131347656250000                 15.25000000000000000000                 -1.11543762683868408203                 16.36543846130371093750
                170.82997131347656250000                 16.18750000000000000000                 -0.33286398649215698242                 16.52036476135253906250
                186.82997131347656250000                 50.00000000000000000000                 33.32783508300781250000                 16.67216300964355468750
                202.82997131347656250000                 74.43750000000000000000                 57.62509536743164062500                 16.81240463256835937500
                218.82997131347656250000                 30.31250000000000000000                 13.38099384307861328125                 16.93150520324707031250
                234.82997131347656250000                 18.93750000000000000000                  1.91768205165863037109                 17.01981735229492187500
                250.82997131347656250000                 18.56250000000000000000                  1.49423372745513916016                 17.06826591491699218750
                266.82997131347656250000                 18.37500000000000000000                  1.30563557147979736328                 17.06936454772949218750
                282.82997131347656250000                 17.18750000000000000000                  0.16953971982002258301                 17.01795959472656250000
                298.82997131347656250000                 15.62500000000000000000                 -1.28681135177612304688                 16.91181182861328125000
                314.82997131347656250000                 16.87500000000000000000                  0.12309403717517852783                 16.75190544128417968750
                330.82997131347656250000                 16.68750000000000000000                  0.14499992132186889648                 16.54249954223632812500
                346.82997131347656250000                 16.81250000000000000000                  0.52162957191467285156                 16.29087066650390625000
                362.82997131347656250000                 16.93750000000000000000                  0.93068486452102661133                 16.00681495666503906250
                378.82997131347656250000                 14.06250000000000000000                 -1.63945639133453369141                 15.70195674896240234375
                394.82997131347656250000                 15.18750000000000000000                 -0.20141582190990447998                 15.38891601562500000000
                410.82997131347656250000                 15.56250000000000000000                  0.48205631971359252930                 15.08044338226318359375
                426.82997131347656250000                 13.87500000000000000000                 -0.91357809305191040039                 14.78857803344726562500
                442.82997131347656250000                 15.50000000000000000000                  0.97609364986419677734                 14.52390670776367187500
                458.82997131347656250000                 14.12500000000000000000                 -0.16998203098773956299                 14.29498195648193359375
                474.82997131347656250000                 11.68750000000000000000                 -2.42043495178222656250                 14.10793495178222656250
