-0.834675899101049
0.276375601310842
-0.363219822836197
-0.127801019546789
0.295719037269425
0.0327969037341866
0.146221392654192
-0.113898259185748
0.0648838626329828
0.557392862225158
-0.136604524810799
-0.267327627292865
-0.334912002983432
0.223145307729367
0.407014679956476
-0.0329699893823092
-0.408849697547153
0.0298907743194361
0.0337329228674692
-0.771973000740336
4.48790233250244
7.31321670476359
0.453442889050136
0.0328410818040528
0.0503487084662431
-0.245248389146081
-0.167716033975009
-0.155744017420905
0.539676670620713
-0.207143881076238
-0.0840251803031191
0.0341123549132127
0.0227333881180865
0.257634495699424
-0.635139903679908
0.0330989740136447
0.0135743046768848
-0.25506033300936
0.165691510036772
