               -133.17002868652343750000                  0.81250000000000000000                 -0.83467590808868408203                  1.64717590808868408203
               -117.17002868652343750000                  1.93750000000000000000                  0.27637559175491333008                  1.66112434864044189453
               -101.17002868652343750000                  1.31250000000000000000                 -0.36321982741355895996                  1.67571985721588134766
                -85.17002868652343750000                  1.56250000000000000000                 -0.12780101597309112549                  1.69030106067657470703
                -69.17002868652343750000                  2.00000000000000000000                  0.29571902751922607422                  1.70428097248077392578
                -53.17002868652343750000                  1.75000000000000000000                  0.03279690444469451904                  1.71720314025878906250
                -37.17002868652343750000                  1.87500000000000000000                  0.14622139930725097656                  1.72877860069274902344
                -21.17002868652343750000                  1.62500000000000000000                 -0.11389826238155364990                  1.73889827728271484375
                 -5.17002868652343750000                  1.81250000000000000000                  0.06488386541604995728                  1.74761617183685302734
                 10.82997131347656250000                  2.31250000000000000000                  0.55739283561706542969                  1.75510716438293457031
                 26.82997131347656250000                  1.62500000000000000000                 -0.13660451769828796387                  1.76160454750061035156
                 42.82997131347656250000                  1.50000000000000000000                 -0.26732763648033142090                  1.76732766628265380859
                 58.82997131347656250000                  1.43750000000000000000                 -0.33491200208663940430                  1.77241206169128417969
                 74.82997131347656250000                  2.00000000000000000000                  0.22314530611038208008                  1.77685463428497314453
                 90.82997131347656250000                  2.18750000000000000000                  0.40701466798782348633                  1.78048527240753173828
                106.82997131347656250000                  1.75000000000000000000                 -0.03296998888254165649                  1.78296995162963867188
                122.82997131347656250000                  1.37500000000000000000                 -0.40884968638420104980                  1.78384971618652343750
                138.82997131347656250000                  1.81250000000000000000                  0.02989077381789684296                  1.78260922431945800781
                154.82997131347656250000                  1.81250000000000000000                  0.03373292461037635803                  1.77876710891723632812
                170.82997131347656250000                  1.00000000000000000000                 -0.77197301387786865234                  1.77197301387786865234
                186.82997131347656250000                  6.25000000000000000000                  4.48790216445922851562                  1.76209771633148193359
                202.82997131347656250000                  9.06250000000000000000                  7.31321668624877929688                  1.74928331375122070312
                218.82997131347656250000                  2.18750000000000000000                  0.45344290137290954590                  1.73405706882476806641
                234.82997131347656250000                  1.75000000000000000000                  0.03284108266234397888                  1.71715891361236572266
                250.82997131347656250000                  1.75000000000000000000                  0.05034871026873588562                  1.69965124130249023438
                266.82997131347656250000                  1.43750000000000000000                 -0.24524839222431182861                  1.68274843692779541016
                282.82997131347656250000                  1.50000000000000000000                 -0.16771604120731353760                  1.66771602630615234375
                298.82997131347656250000                  1.50000000000000000000                 -0.15574401617050170898                  1.65574407577514648438
                314.82997131347656250000                  2.18750000000000000000                  0.53967666625976562500                  1.64782333374023437500
                330.82997131347656250000                  1.43750000000000000000                 -0.20714388787746429443                  1.64464390277862548828
                346.82997131347656250000                  1.56250000000000000000                 -0.08402518182992935181                  1.64652514457702636719
                362.82997131347656250000                  1.68750000000000000000                  0.03411235660314559937                  1.65338766574859619141
                378.82997131347656250000                  1.68750000000000000000                  0.02273338846862316132                  1.66476666927337646484
                394.82997131347656250000                  1.93750000000000000000                  0.25763449072837829590                  1.67986547946929931641
                410.82997131347656250000                  1.06250000000000000000                 -0.63513988256454467773                  1.69763994216918945312
                426.82997131347656250000                  1.75000000000000000000                  0.03309897333383560181                  1.71690106391906738281
                442.82997131347656250000                  1.75000000000000000000                  0.01357430499047040939                  1.73642563819885253906
                458.82997131347656250000                  1.50000000000000000000                 -0.25506034493446350098                  1.75506031513214111328
                474.82997131347656250000                  1.93750000000000000000                  0.16569150984287261963                  1.77180850505828857422
