1.59658526134055
1.62855793614998
1.65825798174425
1.68423187015118
1.70557959531617
1.72207399463294
1.73418992726054
1.74303215112432
1.75016573757555
1.75736849132584
1.76633848095886
1.77839896312528
1.79424585231744
1.81377859639224
1.83604422250025
1.85930797797303
1.88124493684914
1.89922825702999
1.91067455202732
1.91339764212042
1.90592032483928
1.88770001516179
1.85923707261031
1.82205213701386
1.77853789179884
1.73170823525797
1.68488112255128
1.64133846209769
1.60400668401468
1.57519543633091
1.55642083784924
1.54832603239208
1.55069786850231
1.56256654512351
1.5823665811444
1.60813323867368
1.63770848457371
1.66893396245443
1.69981409706216
