1.67794463342684
1.79841980575623
1.90985283949061
2.00636812623482
2.08368642892198
2.13961302599454
2.17428181385389
2.19010710084044
2.19143447111372
2.18392610931015
2.1737575155486
2.16673464861968
2.16745735327313
2.17865279782374
2.2007809028884
2.23197500529522
2.26833091883811
2.30450396052831
2.33452515638248
2.35271288062003
2.35454070950358
2.33732916281471
2.30065732066268
2.2464353690367
2.17863332788793
2.10271534259394
2.02487384232544
1.95118619476495
1.88682389000751
1.83543023920949
1.79875033982949
1.77655296685982
1.76683620064087
1.76626530003671
1.77075954636913
1.77612896912727
1.77866332007712
1.77559255800643
1.76536609393902
