-0.615444633426838
0.389080194243775
-0.0973528394906085
-0.13136812623482
0.603813571078017
-0.389613025994541
-0.174281813853888
-0.252607100840437
0.121065528886278
-0.121426109310146
-0.0487575155485973
-0.35423464861968
-0.229957353273128
0.0713472021762582
-0.388280902888398
0.205524994704778
0.0441690811618871
0.00799603947168759
0.290474843617522
-0.602712880620028
15.2079592904964
18.6001708371853
0.761842679337318
-0.6214353690367
-0.241133327887932
-0.227715342593938
-0.274873842325439
-0.388686194764949
-0.51182389000751
0.164569760790507
0.388749660170513
0.348447033140181
0.233163799359126
0.0462346999632866
0.0417404536308665
0.0363710308727265
0.533836679922882
-0.0880925580064271
-0.390366093939021
