               -133.17002868652343750000                  1.06250000000000000000                 -0.61544466018676757812                  1.67794466018676757812
               -117.17002868652343750000                  2.18750000000000000000                  0.38908019661903381348                  1.79841983318328857422
               -101.17002868652343750000                  1.81250000000000000000                 -0.09735284000635147095                  1.90985286235809326172
                -85.17002868652343750000                  1.87500000000000000000                 -0.13136813044548034668                  2.00636816024780273438
                -69.17002868652343750000                  2.68750000000000000000                  0.60381358861923217773                  2.08368635177612304688
                -53.17002868652343750000                  1.75000000000000000000                 -0.38961303234100341797                  2.13961291313171386719
                -37.17002868652343750000                  2.00000000000000000000                 -0.17428182065486907959                  2.17428183555603027344
                -21.17002868652343750000                  1.93750000000000000000                 -0.25260710716247558594                  2.19010710716247558594
                 -5.17002868652343750000                  2.31250000000000000000                  0.12106552720069885254                  2.19143438339233398438
                 10.82997131347656250000                  2.06250000000000000000                 -0.12142611294984817505                  2.18392610549926757812
                 26.82997131347656250000                  2.12500000000000000000                 -0.04875751584768295288                  2.17375755310058593750
                 42.82997131347656250000                  1.81250000000000000000                 -0.35423463582992553711                  2.16673469543457031250
                 58.82997131347656250000                  1.93750000000000000000                 -0.22995735704898834229                  2.16745734214782714844
                 74.82997131347656250000                  2.25000000000000000000                  0.07134719938039779663                  2.17865276336669921875
                 90.82997131347656250000                  1.81250000000000000000                 -0.38828089833259582520                  2.20078086853027343750
                106.82997131347656250000                  2.43750000000000000000                  0.20552499592304229736                  2.23197507858276367188
                122.82997131347656250000                  2.31250000000000000000                  0.04416907951235771179                  2.26833081245422363281
                138.82997131347656250000                  2.31250000000000000000                  0.00799603946506977081                  2.30450391769409179688
                154.82997131347656250000                  2.62500000000000000000                  0.29047483205795288086                  2.33452510833740234375
                170.82997131347656250000                  1.75000000000000000000                 -0.60271286964416503906                  2.35271286964416503906
                186.82997131347656250000                 17.56250000000000000000                 15.20795917510986328125                  2.35454082489013671875
                202.82997131347656250000                 20.93750000000000000000                 18.60017013549804687500                  2.33732914924621582031
                218.82997131347656250000                  3.06250000000000000000                  0.76184266805648803711                  2.30065727233886718750
                234.82997131347656250000                  1.62500000000000000000                 -0.62143534421920776367                  2.24643540382385253906
                250.82997131347656250000                  1.93750000000000000000                 -0.24113333225250244141                  2.17863321304321289062
                266.82997131347656250000                  1.87500000000000000000                 -0.22771534323692321777                  2.10271525382995605469
                282.82997131347656250000                  1.75000000000000000000                 -0.27487385272979736328                  2.02487373352050781250
                298.82997131347656250000                  1.56250000000000000000                 -0.38868618011474609375                  1.95118618011474609375
                314.82997131347656250000                  1.37500000000000000000                 -0.51182389259338378906                  1.88682389259338378906
                330.82997131347656250000                  2.00000000000000000000                  0.16456976532936096191                  1.83543026447296142578
                346.82997131347656250000                  2.18750000000000000000                  0.38874965906143188477                  1.79875028133392333984
                362.82997131347656250000                  2.12500000000000000000                  0.34844702482223510742                  1.77655291557312011719
                378.82997131347656250000                  2.00000000000000000000                  0.23316380381584167480                  1.76683616638183593750
                394.82997131347656250000                  1.81250000000000000000                  0.04623470082879066467                  1.76626527309417724609
                410.82997131347656250000                  1.81250000000000000000                  0.04174045473337173462                  1.77075958251953125000
                426.82997131347656250000                  1.81250000000000000000                  0.03637102991342544556                  1.77612900733947753906
                442.82997131347656250000                  2.31250000000000000000                  0.53383666276931762695                  1.77866327762603759766
                458.82997131347656250000                  1.68750000000000000000                 -0.08809255808591842651                  1.77559256553649902344
                474.82997131347656250000                  1.37500000000000000000                 -0.39036610722541809082                  1.76536607742309570312
