1.25761161306995
1.27129376567574
1.28196132601283
1.2887889359621
1.29139694607954
1.28994855325629
1.28518850084669
1.27841107792007
1.27135374654843
1.26602288241806
1.26446840737647
1.26853290169076
1.27960655582486
1.29842085531148
1.32491059104591
1.35816582560853
1.3964838070464
1.43751718172232
1.47850132953626
1.51653241375606
1.54886066484644
1.57316168496738
1.58775243579568
1.59172735178018
1.58500215555362
1.56826634790922
1.54285776370662
1.51058206730233
1.47350527668918
1.43374786624727
1.39330509030274
1.35391101220811
1.31695489091158
1.28344975729699
1.25404567756909
1.22907535437922
1.20861776609591
1.1925663098701
1.18069074931276
