-0.695111613069947
-0.0837937656757395
0.468038673987166
-0.0387889359620994
0.0211030539204644
-0.0399485532562907
-0.0351885008466872
0.846588922079933
-0.146353746548434
-0.453522882418061
0.110531592623526
0.356467098309244
0.0328934441751381
0.014079144688522
-0.13741059104591
-0.420665825608528
0.0410161929535973
-0.500017181722321
0.0839986704637388
0.10846758624394
3.32613933515356
2.92683831503262
-0.71275243579568
0.220772648219823
-0.522502155553616
-0.00576634790922426
0.144642236293377
-0.448082067302335
-0.973505276689178
0.378752133752727
-0.268305090302744
0.0835889877918907
0.12054510908842
-0.345949757296986
0.0584543224309069
0.0834246456207752
0.103882233904087
-0.380066309870095
0.00680925068723659
