               -133.17002868652343750000                  0.56250000000000000000                 -0.69511163234710693359                  1.25761163234710693359
               -117.17002868652343750000                  1.18750000000000000000                 -0.08379376679658889771                  1.27129375934600830078
               -101.17002868652343750000                  1.75000000000000000000                  0.46803867816925048828                  1.28196132183074951172
                -85.17002868652343750000                  1.25000000000000000000                 -0.03878893703222274780                  1.28878891468048095703
                -69.17002868652343750000                  1.31250000000000000000                  0.02110305428504943848                  1.29139697551727294922
                -53.17002868652343750000                  1.25000000000000000000                 -0.03994855284690856934                  1.28994858264923095703
                -37.17002868652343750000                  1.25000000000000000000                 -0.03518849983811378479                  1.28518855571746826172
                -21.17002868652343750000                  2.12500000000000000000                  0.84658890962600708008                  1.27841103076934814453
                 -5.17002868652343750000                  1.12500000000000000000                 -0.14635375142097473145                  1.27135372161865234375
                 10.82997131347656250000                  0.81250000000000000000                 -0.45352289080619812012                  1.26602292060852050781
                 26.82997131347656250000                  1.37500000000000000000                  0.11053159087896347046                  1.26446843147277832031
                 42.82997131347656250000                  1.62500000000000000000                  0.35646709799766540527                  1.26853287220001220703
                 58.82997131347656250000                  1.31250000000000000000                  0.03289344534277915955                  1.27960658073425292969
                 74.82997131347656250000                  1.31250000000000000000                  0.01407914422452449799                  1.29842090606689453125
                 90.82997131347656250000                  1.18750000000000000000                 -0.13741059601306915283                  1.32491064071655273438
                106.82997131347656250000                  0.93750000000000000000                 -0.42066583037376403809                  1.35816586017608642578
                122.82997131347656250000                  1.43750000000000000000                  0.04101619124412536621                  1.39648377895355224609
                138.82997131347656250000                  0.93750000000000000000                 -0.50001716613769531250                  1.43751716613769531250
                154.82997131347656250000                  1.56250000000000000000                  0.08399867266416549683                  1.47850131988525390625
                170.82997131347656250000                  1.62500000000000000000                  0.10846758633852005005                  1.51653242111206054688
                186.82997131347656250000                  4.87500000000000000000                  3.32613945007324218750                  1.54886066913604736328
                202.82997131347656250000                  4.50000000000000000000                  2.92683839797973632812                  1.57316172122955322266
                218.82997131347656250000                  0.87500000000000000000                 -0.71275246143341064453                  1.58775246143341064453
                234.82997131347656250000                  1.81250000000000000000                  0.22077265381813049316                  1.59172737598419189453
                250.82997131347656250000                  1.06250000000000000000                 -0.52250218391418457031                  1.58500218391418457031
                266.82997131347656250000                  1.56250000000000000000                 -0.00576634798198938370                  1.56826639175415039062
                282.82997131347656250000                  1.68750000000000000000                  0.14464223384857177734                  1.54285776615142822266
                298.82997131347656250000                  1.06250000000000000000                 -0.44808205962181091309                  1.51058208942413330078
                314.82997131347656250000                  0.50000000000000000000                 -0.97350525856018066406                  1.47350525856018066406
                330.82997131347656250000                  1.81250000000000000000                  0.37875214219093322754                  1.43374788761138916016
                346.82997131347656250000                  1.12500000000000000000                 -0.26830509305000305176                  1.39330506324768066406
                362.82997131347656250000                  1.43750000000000000000                  0.08358898758888244629                  1.35391104221343994141
                378.82997131347656250000                  1.43750000000000000000                  0.12054511159658432007                  1.31695485115051269531
                394.82997131347656250000                  0.93750000000000000000                 -0.34594976902008056641                  1.28344976902008056641
                410.82997131347656250000                  1.31250000000000000000                  0.05845432355999946594                  1.25404572486877441406
                426.82997131347656250000                  1.31250000000000000000                  0.08342464268207550049                  1.22907531261444091797
                442.82997131347656250000                  1.31250000000000000000                  0.10388223081827163696                  1.20861780643463134766
                458.82997131347656250000                  0.81250000000000000000                 -0.38006630539894104004                  1.19256627559661865234
                474.82997131347656250000                  1.18750000000000000000                  0.00680925091728568077                  1.18069076538085937500
