1.01064509652037
1.06679752596581
1.13062847120748
1.19898930117402
1.26830650315234
1.33488898358828
1.39526344961517
1.44649668300137
1.48646242111912
1.51401613846183
1.52905290638461
1.5324401135213
1.52583555395532
1.51141904874092
1.4915791790447
1.46860333693713
1.44441778490734
1.42041490261616
1.39738895780055
1.37558246189221
1.35482601898984
1.33473906611322
1.31494980614022
1.2952914384011
1.27593842588599
1.25745943677644
1.24078006668745
1.22706524712225
1.21754525918624
1.21331811194859
1.2151634699005
1.22339938136104
1.2378040058366
1.25761243147777
1.28158593471511
1.30813993797673
1.33550918512863
1.36192518498109
1.38578180715706
