-0.135645096520365
0.308202474034193
-0.0681284712074819
-0.386489301174018
-0.0808065031523437
-0.0848889835882818
-0.0827634496151712
0.241003316998634
-0.298962421119119
0.110983861538167
0.220947093615391
0.155059886478704
0.59916444604468
-0.136419048740922
-0.491579179044701
-0.281103336937133
-0.319417784907343
0.142085097383837
-0.0848889578005534
-0.250582461892205
3.70767398101016
3.29026093388678
0.310050193859784
-0.295291438401104
0.0990615741140073
0.305040563223558
-0.365780066687448
-0.352065247122253
-0.530045259186243
0.224181888051414
-0.277663469900495
0.0891006186389638
-0.112804005836597
0.0548875685222299
0.155914065284895
0.254360062023271
-0.0855091851286325
-0.111925184981094
0.426718192842941
