-0.656545367196164
0.187231178612485
-0.277839661591651
0.0122698917142241
0.121194267454788
0.299545708767108
-0.0776603888499019
0.0514874972689472
-0.00163764420575574
0.19893086767475
-0.348563060480483
0.104112659651499
-0.194612182163401
0.00406854620097929
0.324459801482962
-0.296085157050033
-0.232193710456155
-0.420574127258018
0.0773314544328128
0.325168178423871
3.3239942134918
2.94963971129006
-0.484879355233214
-0.291881599413102
0.278523418417676
0.163529210477001
-0.387245949604
0.0633632047462687
-0.109834422989808
-0.469335261408196
-0.0774457851427464
0.691158524793785
0.336832492775186
-0.077660395360962
0.13523414021648
0.662770869519365
-0.1206393604368
-0.0284185363554619
-0.249255419075229
