               -133.17002868652343750000                  0.81250000000000000000                 -0.65654534101486206055                  1.46904540061950683594
               -117.17002868652343750000                  1.68750000000000000000                  0.18723118305206298828                  1.50026881694793701172
               -101.17002868652343750000                  1.25000000000000000000                 -0.27783966064453125000                  1.52783966064453125000
                -85.17002868652343750000                  1.56250000000000000000                  0.01226989179849624634                  1.55023014545440673828
                -69.17002868652343750000                  1.68750000000000000000                  0.12119426578283309937                  1.56630575656890869141
                -53.17002868652343750000                  1.87500000000000000000                  0.29954570531845092773                  1.57545423507690429688
                -37.17002868652343750000                  1.50000000000000000000                 -0.07766038924455642700                  1.57766044139862060547
                -21.17002868652343750000                  1.62500000000000000000                  0.05148749798536300659                  1.57351255416870117188
                 -5.17002868652343750000                  1.56250000000000000000                 -0.00163764425087720156                  1.56413769721984863281
                 10.82997131347656250000                  1.75000000000000000000                  0.19893087446689605713                  1.55106914043426513672
                 26.82997131347656250000                  1.18750000000000000000                 -0.34856307506561279297                  1.53606307506561279297
                 42.82997131347656250000                  1.62500000000000000000                  0.10411266237497329712                  1.52088737487792968750
                 58.82997131347656250000                  1.31250000000000000000                 -0.19461217522621154785                  1.50711214542388916016
                 74.82997131347656250000                  1.50000000000000000000                  0.00406854599714279175                  1.49593150615692138672
                 90.82997131347656250000                  1.81250000000000000000                  0.32445979118347167969                  1.48804020881652832031
                106.82997131347656250000                  1.18750000000000000000                 -0.29608514904975891113                  1.48358511924743652344
                122.82997131347656250000                  1.25000000000000000000                 -0.23219370841979980469                  1.48219370841979980469
                138.82997131347656250000                  1.06250000000000000000                 -0.42057412862777709961                  1.48307406902313232422
                154.82997131347656250000                  1.56250000000000000000                  0.07733145356178283691                  1.48516857624053955078
                170.82997131347656250000                  1.81250000000000000000                  0.32516819238662719727                  1.48733186721801757812
                186.82997131347656250000                  4.81250000000000000000                  3.32399415969848632812                  1.48850584030151367188
                202.82997131347656250000                  4.43750000000000000000                  2.94963979721069335938                  1.48786032199859619141
                218.82997131347656250000                  1.00000000000000000000                 -0.48487934470176696777                  1.48487937450408935547
                234.82997131347656250000                  1.18750000000000000000                 -0.29188159108161926270                  1.47938156127929687500
                250.82997131347656250000                  1.75000000000000000000                  0.27852341532707214355                  1.47147655487060546875
                266.82997131347656250000                  1.62500000000000000000                  0.16352921724319458008                  1.46147084236145019531
                282.82997131347656250000                  1.06250000000000000000                 -0.38724595308303833008                  1.44974589347839355469
                298.82997131347656250000                  1.50000000000000000000                  0.06336320191621780396                  1.43663680553436279297
                314.82997131347656250000                  1.31250000000000000000                 -0.10983442515134811401                  1.42233443260192871094
                330.82997131347656250000                  0.93750000000000000000                 -0.46933525800704956055                  1.40683531761169433594
                346.82997131347656250000                  1.31250000000000000000                 -0.07744578272104263306                  1.38994574546813964844
                362.82997131347656250000                  2.06250000000000000000                  0.69115853309631347656                  1.37134146690368652344
                378.82997131347656250000                  1.68750000000000000000                  0.33683249354362487793                  1.35066747665405273438
                394.82997131347656250000                  1.25000000000000000000                 -0.07766039669513702393                  1.32766044139862060547
                410.82997131347656250000                  1.43750000000000000000                  0.13523414731025695801                  1.30226588249206542969
                426.82997131347656250000                  1.93750000000000000000                  0.66277086734771728516                  1.27472913265228271484
                442.82997131347656250000                  1.12500000000000000000                 -0.12063936144113540649                  1.24563932418823242188
                458.82997131347656250000                  1.18750000000000000000                 -0.02841853722929954529                  1.21591854095458984375
                474.82997131347656250000                  0.93750000000000000000                 -0.24925541877746582031                  1.18675541877746582031
