-0.439385452259327
-0.249469296332435
0.0748969558633283
0.723748115208961
0.135647149643475
0.310011589815552
0.119649119799384
-0.313988447455596
-0.0578551488093133
-0.304217431363272
-0.24499401450342
-0.0711194522676495
-0.284522333086725
-0.0727957511346617
-0.309112075899681
-0.302399742171667
0.139738066398848
-0.789581522363683
-0.0222290999236874
0.0717241657526708
13.4958873202676
13.3146078267321
0.652763770139428
-0.366688502540314
-0.309927222058241
0.00571203634618245
0.137329700590035
-0.107914299185547
0.20276887284487
-0.309257716461132
0.353718092373619
0.065843941167548
0.140111051088769
0.203117739444389
0.13223774251067
-0.257250963603091
0.224976044583438
0.0189879621023015
-0.310618858631082
