               -133.17002868652343750000                  1.18750000000000000000                 -0.43938544392585754395                  1.62688541412353515625
               -117.17002868652343750000                  1.43750000000000000000                 -0.24946929514408111572                  1.68696928024291992188
               -101.17002868652343750000                  1.81250000000000000000                  0.07489695399999618530                  1.73760306835174560547
                -85.17002868652343750000                  2.50000000000000000000                  0.72374808788299560547                  1.77625191211700439453
                -69.17002868652343750000                  1.93750000000000000000                  0.13564714789390563965                  1.80185282230377197266
                -53.17002868652343750000                  2.12500000000000000000                  0.31001159548759460449                  1.81498837471008300781
                -37.17002868652343750000                  1.93750000000000000000                  0.11964911967515945435                  1.81785082817077636719
                -21.17002868652343750000                  1.50000000000000000000                 -0.31398844718933105469                  1.81398844718933105469
                 -5.17002868652343750000                  1.75000000000000000000                 -0.05785514786839485168                  1.80785512924194335938
                 10.82997131347656250000                  1.50000000000000000000                 -0.30421742796897888184                  1.80421745777130126953
                 26.82997131347656250000                  1.56250000000000000000                 -0.24499401450157165527                  1.80749404430389404297
                 42.82997131347656250000                  1.75000000000000000000                 -0.07111945003271102905                  1.82111942768096923828
                 58.82997131347656250000                  1.56250000000000000000                 -0.28452232480049133301                  1.84702229499816894531
                 74.82997131347656250000                  1.81250000000000000000                 -0.07279574871063232422                  1.88529574871063232422
                 90.82997131347656250000                  1.62500000000000000000                 -0.30911207199096679688                  1.93411207199096679688
                106.82997131347656250000                  1.68750000000000000000                 -0.30239975452423095703                  1.98989975452423095703
                122.82997131347656250000                  2.18750000000000000000                  0.13973806798458099365                  2.04776191711425781250
                138.82997131347656250000                  1.31250000000000000000                 -0.78958153724670410156                  2.10208153724670410156
                154.82997131347656250000                  2.12500000000000000000                 -0.02222909964621067047                  2.14722919464111328125
                170.82997131347656250000                  2.25000000000000000000                  0.07172416895627975464                  2.17827582359313964844
                186.82997131347656250000                 15.68750000000000000000                 13.49588775634765625000                  2.19161272048950195312
                202.82997131347656250000                 15.50000000000000000000                 13.31460762023925781250                  2.18539214134216308594
                218.82997131347656250000                  2.81250000000000000000                  0.65276378393173217773                  2.15973615646362304688
                234.82997131347656250000                  1.75000000000000000000                 -0.36668848991394042969                  2.11668848991394042969
                250.82997131347656250000                  1.75000000000000000000                 -0.30992722511291503906                  2.05992722511291503906
                266.82997131347656250000                  2.00000000000000000000                  0.00571203650906682014                  1.99428796768188476562
                282.82997131347656250000                  2.06250000000000000000                  0.13732969760894775391                  1.92517030239105224609
                298.82997131347656250000                  1.75000000000000000000                 -0.10791429877281188965                  1.85791432857513427734
                314.82997131347656250000                  2.00000000000000000000                  0.20276887714862823486                  1.79723107814788818359
                330.82997131347656250000                  1.43750000000000000000                 -0.30925771594047546387                  1.74675774574279785156
                346.82997131347656250000                  2.06250000000000000000                  0.35371810197830200195                  1.70878195762634277344
                362.82997131347656250000                  1.75000000000000000000                  0.06584393978118896484                  1.68415606021881103516
                378.82997131347656250000                  1.81250000000000000000                  0.14011104404926300049                  1.67238891124725341797
                394.82997131347656250000                  1.87500000000000000000                  0.20311774313449859619                  1.67188227176666259766
                410.82997131347656250000                  1.81250000000000000000                  0.13223774731159210205                  1.68026220798492431641
                426.82997131347656250000                  1.43750000000000000000                 -0.25725096464157104492                  1.69475090503692626953
                442.82997131347656250000                  1.93750000000000000000                  0.22497604787349700928                  1.71252393722534179688
                458.82997131347656250000                  1.75000000000000000000                  0.01898796297609806061                  1.73101198673248291016
                474.82997131347656250000                  1.43750000000000000000                 -0.31061884760856628418                  1.74811887741088867188
