1.62688545225933
1.68696929633243
1.73760304413667
1.77625188479104
1.80185285035652
1.81498841018445
1.81785088020062
1.8139884474556
1.80785514880931
1.80421743136327
1.80749401450342
1.82111945226765
1.84702233308672
1.88529575113466
1.93411207589968
1.98989974217167
2.04776193360115
2.10208152236368
2.14722909992369
2.17827583424733
2.19161267973243
2.18539217326786
2.15973622986057
2.11668850254031
2.05992722205824
1.99428796365382
1.92517029940997
1.85791429918555
1.79723112715513
1.74675771646113
1.70878190762638
1.68415605883245
1.67238894891123
1.67188226055561
1.68026225748933
1.69475096360309
1.71252395541656
1.7310120378977
1.74811885863108
