               -133.17002868652343750000                  6.37500000000000000000                 -5.85624170303344726562                 12.23124122619628906250
               -117.17002868652343750000                 12.68750000000000000000                  0.47573259472846984863                 12.21176719665527343750
               -101.17002868652343750000                 12.68750000000000000000                  0.53024739027023315430                 12.15725231170654296875
                -85.17002868652343750000                 11.37500000000000000000                 -0.69409167766571044922                 12.06909179687500000000
                -69.17002868652343750000                 12.18750000000000000000                  0.23641537129878997803                 11.95108509063720703125
                -53.17002868652343750000                 12.93750000000000000000                  1.12823033332824707031                 11.80926990509033203125
                -37.17002868652343750000                 11.81250000000000000000                  0.16098511219024658203                 11.65151500701904296875
                -21.17002868652343750000                 10.06250000000000000000                 -1.42439341545104980469                 11.48689365386962890625
                 -5.17002868652343750000                 11.56250000000000000000                  0.23759999871253967285                 11.32489967346191406250
                 10.82997131347656250000                 10.12500000000000000000                 -1.04958772659301757812                 11.17458820343017578125
                 26.82997131347656250000                 10.87500000000000000000                 -0.16872107982635498047                 11.04372119903564453125
                 42.82997131347656250000                 11.68750000000000000000                  0.74945628643035888672                 10.93804359436035156250
                 58.82997131347656250000                 10.56250000000000000000                 -0.29825133085250854492                 10.86075115203857421875
                 74.82997131347656250000                 11.12500000000000000000                  0.31276571750640869141                 10.81223392486572265625
                 90.82997131347656250000                  9.43750000000000000000                 -1.35262584686279296875                 10.79012584686279296875
                106.82997131347656250000                 10.75000000000000000000                 -0.03965096920728683472                 10.78965091705322265625
                122.82997131347656250000                 10.75000000000000000000                 -0.05423257872462272644                 10.80423259735107421875
                138.82997131347656250000                  9.50000000000000000000                 -1.32628035545349121094                 10.82628059387207031250
                154.82997131347656250000                 10.68750000000000000000                 -0.16056136786937713623                 10.84806156158447265625
                170.82997131347656250000                 11.56250000000000000000                  0.69995570182800292969                 10.86254405975341796875
                186.82997131347656250000                 16.50000000000000000000                  5.63588523864746093750                 10.86411476135253906250
                202.82997131347656250000                 13.81250000000000000000                  2.96342086791992187500                 10.84907913208007812500
                218.82997131347656250000                 10.75000000000000000000                 -0.06590571254491806030                 10.81590557098388671875
                234.82997131347656250000                 12.81250000000000000000                  2.04730892181396484375                 10.76519107818603515625
                250.82997131347656250000                 10.06250000000000000000                 -0.63687682151794433594                 10.69937705993652343750
                266.82997131347656250000                 10.06250000000000000000                 -0.55977541208267211914                 10.62227535247802734375
                282.82997131347656250000                  9.62500000000000000000                 -0.91348421573638916016                 10.53848457336425781250
                298.82997131347656250000                 10.43750000000000000000                 -0.01527909655123949051                 10.45277881622314453125
                314.82997131347656250000                 10.43750000000000000000                  0.06792961061000823975                 10.36957073211669921875
                330.82997131347656250000                 11.18750000000000000000                  0.89501160383224487305                 10.29248809814453125000
                346.82997131347656250000                 10.06250000000000000000                 -0.16163869202136993408                 10.22413825988769531250
                362.82997131347656250000                 10.62500000000000000000                  0.45896315574645996094                 10.16603660583496093750
                378.82997131347656250000                  9.75000000000000000000                 -0.36870500445365905762                 10.11870479583740234375
                394.82997131347656250000                  9.62500000000000000000                 -0.45688861608505249023                 10.08188819885253906250
                410.82997131347656250000                 10.31250000000000000000                  0.25766089558601379395                 10.05483913421630859375
                426.82997131347656250000                 10.25000000000000000000                  0.21339447796344757080                 10.03660583496093750000
                442.82997131347656250000                 10.18750000000000000000                  0.16121536493301391602                 10.02628421783447265625
                458.82997131347656250000                  9.62500000000000000000                 -0.39819386601448059082                 10.02319431304931640625
                474.82997131347656250000                  8.81250000000000000000                 -1.21444976329803466797                 10.02694988250732421875
