12.2312415368209
12.2117673904924
12.1572525979345
12.0690917000732
11.9510846293868
11.8092697200892
11.6515148912165
11.4868933982941
11.3249000005946
11.1745877671415
11.0437210760109
10.9380437414475
10.8607513355566
10.8122342925671
10.7901258911049
10.7896509684505
10.8042325769565
10.8262803751777
10.8480613736908
10.8625443014287
10.8641148189427
10.8490791952592
10.8159057125402
10.7651910019562
10.6993768060214
10.6222753995622
10.5384842147841
10.4527790962994
10.3695703870141
10.2924884235577
10.2241386960778
10.1660368392636
10.1187050055503
10.0818886113929
10.054839101353
10.0366055195452
10.0262846405491
10.0231938713591
10.0269497088343
