               -133.17002868652343750000                  8.43750000000000000000
               -117.17002868652343750000                 14.25000000000000000000
               -101.17002868652343750000                 14.06250000000000000000
                -85.17002868652343750000                 12.93750000000000000000
                -69.17002868652343750000                 14.62500000000000000000
                -53.17002868652343750000                 14.37500000000000000000
                -37.17002868652343750000                 13.50000000000000000000
                -21.17002868652343750000                 16.50000000000000000000
                 -5.17002868652343750000                 17.25000000000000000000
                 10.82997131347656250000                 14.00000000000000000000
                 26.82997131347656250000                 13.87500000000000000000
                 42.82997131347656250000                 15.06250000000000000000
                 58.82997131347656250000                 16.18750000000000000000
                 74.82997131347656250000                 16.00000000000000000000
                 90.82997131347656250000                 15.43750000000000000000
                106.82997131347656250000                 14.56250000000000000000
                122.82997131347656250000                 13.56250000000000000000
                138.82997131347656250000                 12.25000000000000000000
                154.82997131347656250000                 12.81250000000000000000
                170.82997131347656250000                 13.31250000000000000000
                186.82997131347656250000                 69.62500000000000000000
                202.82997131347656250000                 85.06250000000000000000
                218.82997131347656250000                 20.43750000000000000000
                234.82997131347656250000                 12.75000000000000000000
                250.82997131347656250000                 13.50000000000000000000
                266.82997131347656250000                 12.06250000000000000000
                282.82997131347656250000                 12.81250000000000000000
                298.82997131347656250000                 13.18750000000000000000
                314.82997131347656250000                 12.12500000000000000000
                330.82997131347656250000                 12.87500000000000000000
                346.82997131347656250000                 12.50000000000000000000
                362.82997131347656250000                 12.12500000000000000000
                378.82997131347656250000                 13.06250000000000000000
                394.82997131347656250000                 14.06250000000000000000
                410.82997131347656250000                 13.00000000000000000000
                426.82997131347656250000                 13.06250000000000000000
                442.82997131347656250000                 13.56250000000000000000
                458.82997131347656250000                 12.43750000000000000000
                474.82997131347656250000                 10.81250000000000000000
