-3.8579692674114
1.44095646640633
0.734015027602299
-0.888469387670849
0.350136855588273
-0.277268733721424
-1.44129694452069
1.36723794579153
2.0239484676128
-1.22901937260455
-1.28188063566737
0.0322742292395599
1.31509552949382
1.29337228401417
0.884315172325852
0.135340800937207
-0.774451868128688
-2.03379722311492
-1.44980053887789
-0.949369219789538
55.3562239690333
70.7939937499706
6.18948438791684
-1.44756449808204
-0.611886393532426
-1.92807581538825
-1.02521770260534
-0.473401386508698
-1.3448471242196
-0.399909736527704
-0.5857103665977
-0.78509174498849
0.308990193297275
1.44361633335886
0.493155285472877
0.64623239334354
1.21756154392754
0.147281181774549
-1.43709239476084
