               -133.17002868652343750000                  8.43750000000000000000                 -3.85796928405761718750                 12.29546928405761718750
               -117.17002868652343750000                 14.25000000000000000000                  1.44095647335052490234                 12.80904388427734375000
               -101.17002868652343750000                 14.06250000000000000000                  0.73401504755020141602                 13.32848453521728515625
                -85.17002868652343750000                 12.93750000000000000000                 -0.88846939802169799805                 13.82596969604492187500
                -69.17002868652343750000                 14.62500000000000000000                  0.35013684630393981934                 14.27486324310302734375
                -53.17002868652343750000                 14.37500000000000000000                 -0.27726873755455017090                 14.65226840972900390625
                -37.17002868652343750000                 13.50000000000000000000                 -1.44129693508148193359                 14.94129657745361328125
                -21.17002868652343750000                 16.50000000000000000000                  1.36723792552947998047                 15.13276195526123046875
                 -5.17002868652343750000                 17.25000000000000000000                  2.02394843101501464844                 15.22605133056640625000
                 10.82997131347656250000                 14.00000000000000000000                 -1.22901940345764160156                 15.22901916503906250000
                 26.82997131347656250000                 13.87500000000000000000                 -1.28188061714172363281                 15.15688037872314453125
                 42.82997131347656250000                 15.06250000000000000000                  0.03227422758936882019                 15.03022575378417968750
                 58.82997131347656250000                 16.18750000000000000000                  1.31509554386138916016                 14.87240409851074218750
                 74.82997131347656250000                 16.00000000000000000000                  1.29337227344512939453                 14.70662784576416015625
                 90.82997131347656250000                 15.43750000000000000000                  0.88431519269943237305                 14.55318450927734375000
                106.82997131347656250000                 14.56250000000000000000                  0.13534079492092132568                 14.42715930938720703125
                122.82997131347656250000                 13.56250000000000000000                 -0.77445185184478759766                 14.33695220947265625000
                138.82997131347656250000                 12.25000000000000000000                 -2.03379726409912109375                 14.28379726409912109375
                154.82997131347656250000                 12.81250000000000000000                 -1.44980049133300781250                 14.26230049133300781250
                170.82997131347656250000                 13.31250000000000000000                 -0.94936919212341308594                 14.26186943054199218750
                186.82997131347656250000                 69.62500000000000000000                 55.35622406005859375000                 14.26877593994140625000
                202.82997131347656250000                 85.06250000000000000000                 70.79399108886718750000                 14.26850605010986328125
                218.82997131347656250000                 20.43750000000000000000                  6.18948459625244140625                 14.24801540374755859375
                234.82997131347656250000                 12.75000000000000000000                 -1.44756448268890380859                 14.19756412506103515625
                250.82997131347656250000                 13.50000000000000000000                 -0.61188638210296630859                 14.11188602447509765625
                266.82997131347656250000                 12.06250000000000000000                 -1.92807579040527343750                 13.99057579040527343750
                282.82997131347656250000                 12.81250000000000000000                 -1.02521765232086181641                 13.83771800994873046875
                298.82997131347656250000                 13.18750000000000000000                 -0.47340139746665954590                 13.66090106964111328125
                314.82997131347656250000                 12.12500000000000000000                 -1.34484708309173583984                 13.46984672546386718750
                330.82997131347656250000                 12.87500000000000000000                 -0.39990973472595214844                 13.27490997314453125000
                346.82997131347656250000                 12.50000000000000000000                 -0.58571034669876098633                 13.08571052551269531250
                362.82997131347656250000                 12.12500000000000000000                 -0.78509175777435302734                 12.91009140014648437500
                378.82997131347656250000                 13.06250000000000000000                  0.30899018049240112305                 12.75350952148437500000
                394.82997131347656250000                 14.06250000000000000000                  1.44361639022827148438                 12.61888408660888671875
                410.82997131347656250000                 13.00000000000000000000                  0.49315527081489562988                 12.50684452056884765625
                426.82997131347656250000                 13.06250000000000000000                  0.64623236656188964844                 12.41626739501953125000
                442.82997131347656250000                 13.56250000000000000000                  1.21756160259246826172                 12.34493827819824218750
                458.82997131347656250000                 12.43750000000000000000                  0.14728118479251861572                 12.29021835327148437500
                474.82997131347656250000                 10.81250000000000000000                 -1.43709242343902587891                 12.24959278106689453125
