-1.35011820630649
-0.0182169648034565
-0.0504863094351062
0.742492683518089
0.549003097764464
-0.193958510222985
-0.0506973440204219
-0.33668905537426
-0.118308774673273
0.412554626471739
-0.248541386516107
0.0818901221602597
-0.0992841023402136
0.0185467065096656
0.309971519311947
0.0886329902765834
-0.767865347587175
-0.1932093041631
-0.49525174736004
0.0185271733450474
7.35303128110856
8.70008683043745
0.188058253696372
0.194079245575585
0.593920775935076
-0.675500660187528
-0.303488553428936
0.082166518476916
-0.0845182118890406
0.192600225537551
0.347095683669982
0.125237081112505
-0.226306315094522
0.164674347578732
0.296003044702358
-0.33386005656005
0.461660919001962
-0.192790947818408
-0.172070117424989
