3.10011820630649
3.14321696480346
3.17548630943511
3.19500731648191
3.20099690223554
3.19395851022299
3.17569734402042
3.14918905537426
3.11830877467327
3.08744537352826
3.06104138651611
3.04310987783974
3.03678410234021
3.04395329349033
3.06502848068805
3.09886700972342
3.14286534758717
3.1932093041631
3.24525174736004
3.29397282665495
3.33446871889144
3.36241316956255
3.37444174630363
3.36842075442441
3.34357922406492
3.30050066018753
3.24098855342894
3.16783348152308
3.08451821188904
2.99489977446245
2.90290431633002
2.8122629188875
2.72630631509452
2.64782565242127
2.57899695529764
2.52136005656005
2.47583908099804
2.44279094781841
2.42207011742499
