2.35417672548559
2.37380513836312
2.38837632532583
2.39644070382133
2.3970507200355
2.38990316175625
2.37542286376782
2.35477275619412
2.32978336568439
2.30280457719264
2.27649242918262
2.25355256220163
2.23646837543132
2.22724496270983
2.22719894373135
2.23681937197474
2.25571655176058
2.28266490076902
2.31573438235528
2.35249409681167
2.39026288411868
2.42639495535327
2.45843954516747
2.48453416569913
2.50336289320127
2.51431435257409
2.51744977438604
2.51341926968805
2.50332497562039
2.48855352304933
2.47060195621661
2.45091930353084
2.43078106916274
2.41120704066611
2.39292527051901
2.37637815662135
2.36176124818472
2.34908237143625
2.33822806898928
