2.58848418477598
2.6722138565882
2.73588139948087
2.77388637431296
2.78276383878648
2.76174831190402
2.71307353193144
2.64194289135005
2.5561433232914
2.46532113959444
2.37998584218012
2.31035029096721
2.26514596028619
2.25056472421951
2.26947032406127
2.32099308438495
2.40057364508228
2.50046172369464
2.61061283976368
2.71986920372946
2.81726972717646
2.89331529464537
2.94102247872541
2.95663094534356
2.93988181223204
2.89384770899506
2.82435984968071
2.73913264501142
2.6467236834112
2.55548109492784
2.47262037392145
2.4035418642019
2.35145488265013
2.31732342951378
2.30010043723783
2.2971800267499
2.30497517225886
2.31952322330113
2.3370324496954
