-0.527775334188728
-0.0248323478646026
0.172441863383426
0.189195195394462
-0.162425608925803
0.679204356863481
0.0252190700612909
0.186345620795104
0.0980363199823908
-0.366862710052847
-0.147923492545476
-0.309449229329911
-0.040309847064248
0.0961804684627212
-0.0251710370724563
0.346065285243098
-0.10162212791848
-0.116805958598105
-0.322780841020487
0.0322551720416313
0.137520872594462
-0.00550482454719359
0.166800679066298
0.030138487725218
0.0847777278084998
-0.0444044181399814
-0.545342840357545
-0.48117993190547
0.0223466963652514
-0.0979919005464898
0.0946665871794974
-0.0251710240223646
0.0421679926945286
0.109014552212427
-0.199672269742136
-0.00884833052199951
0.119069198052551
-0.00333923239900891
-0.0635251230817537
