1.59027533418873
1.5873323478646
1.57755813661657
1.56080480460554
1.5374256089258
1.50829564313652
1.47478092993871
1.4386543792049
1.40196368001761
1.36686271005285
1.33542349254548
1.30944922932991
1.29030984706425
1.27881953153728
1.27517103707246
1.2789347147569
1.28912212791848
1.3043059585981
1.32278084102049
1.34274482795837
1.36247912740554
1.38050482454719
1.3956993209337
1.40736151227478
1.4152222721915
1.41940441813998
1.42034284035754
1.41867993190547
1.41515330363475
1.41049190054649
1.4053334128205
1.40017102402236
1.39533200730547
1.39098544778757
1.38717226974214
1.383848330522
1.38093080194745
1.37833923239901
1.37602512308175
