5.49819359689855
5.54071230596237
5.58492505612902
5.62910391059461
5.67144515132197
5.71016345350796
5.74358261055017
5.77021905520624
5.78885661696567
5.79861259013353
5.79899571442213
5.78995583059811
5.77192290159376
5.74583032469604
5.71311485789643
5.67568402724917
5.63584244297417
5.59617154360893
5.55936288081268
5.52801250599188
5.50439212376815
5.49028940071657
5.48645838258762
5.49316834621721
5.50944279304633
5.53343840880399
5.56250922489544
5.59343422361114
5.62271725203545
5.64692680500686
5.6630366769516
5.66872735241305
5.66261257917141
5.64436517262141
5.61472924069176
5.57542065296219
5.52893148263746
5.47826530651366
5.42663717112642
