               -133.17002868652343750000                  3.06250000000000000000                 -2.43569350242614746094                  5.49819374084472656250
               -117.17002868652343750000                  5.75000000000000000000                  0.20928768813610076904                  5.54071235656738281250
               -101.17002868652343750000                  5.50000000000000000000                 -0.08492505550384521484                  5.58492517471313476562
                -85.17002868652343750000                  5.68750000000000000000                  0.05839608982205390930                  5.62910413742065429688
                -69.17002868652343750000                  6.37500000000000000000                  0.70355486869812011719                  5.67144536972045898438
                -53.17002868652343750000                  5.62500000000000000000                 -0.08516345173120498657                  5.71016359329223632812
                -37.17002868652343750000                  6.06250000000000000000                  0.31891739368438720703                  5.74358272552490234375
                -21.17002868652343750000                  5.43750000000000000000                 -0.33271905779838562012                  5.77021884918212890625
                 -5.17002868652343750000                  6.00000000000000000000                  0.21114338934421539307                  5.78885650634765625000
                 10.82997131347656250000                  5.87500000000000000000                  0.07638741284608840942                  5.79861259460449218750
                 26.82997131347656250000                  5.43750000000000000000                 -0.36149570345878601074                  5.79899549484252929688
                 42.82997131347656250000                  5.87500000000000000000                  0.08504416793584823608                  5.78995561599731445312
                 58.82997131347656250000                  6.31250000000000000000                  0.54057711362838745117                  5.77192306518554687500
                 74.82997131347656250000                  5.00000000000000000000                 -0.74583029747009277344                  5.74583053588867187500
                 90.82997131347656250000                  4.50000000000000000000                 -1.21311485767364501953                  5.71311473846435546875
                106.82997131347656250000                  6.75000000000000000000                  1.07431602478027343750                  5.67568397521972656250
                122.82997131347656250000                  6.50000000000000000000                  0.86415755748748779297                  5.63584232330322265625
                138.82997131347656250000                  5.62500000000000000000                  0.02882845699787139893                  5.59617137908935546875
                154.82997131347656250000                  5.62500000000000000000                  0.06563711911439895630                  5.55936288833618164062
                170.82997131347656250000                  6.25000000000000000000                  0.72198748588562011719                  5.52801227569580078125
                186.82997131347656250000                 81.37500000000000000000                 75.87060546875000000000                  5.50439214706420898438
                202.82997131347656250000                103.31250000000000000000                 97.82221221923828125000                  5.49028921127319335938
                218.82997131347656250000                 12.31250000000000000000                  6.82604169845581054688                  5.48645830154418945312
                234.82997131347656250000                  6.93750000000000000000                  1.44433164596557617188                  5.49316835403442382812
                250.82997131347656250000                  5.31250000000000000000                 -0.19694279134273529053                  5.50944280624389648438
                266.82997131347656250000                  5.12500000000000000000                 -0.40843841433525085449                  5.53343820571899414062
                282.82997131347656250000                  6.00000000000000000000                  0.43749076128005981445                  5.56250905990600585938
                298.82997131347656250000                  5.43750000000000000000                 -0.15593422949314117432                  5.59343433380126953125
                314.82997131347656250000                  5.93750000000000000000                  0.31478273868560791016                  5.62271738052368164062
                330.82997131347656250000                  5.56250000000000000000                 -0.08442680537700653076                  5.64692687988281250000
                346.82997131347656250000                  6.18750000000000000000                  0.52446329593658447266                  5.66303682327270507812
                362.82997131347656250000                  5.81250000000000000000                  0.14377264678478240967                  5.66872739791870117188
                378.82997131347656250000                  5.31250000000000000000                 -0.35011258721351623535                  5.66261243820190429688
                394.82997131347656250000                  7.25000000000000000000                  1.60563480854034423828                  5.64436531066894531250
                410.82997131347656250000                  6.12500000000000000000                  0.51027077436447143555                  5.61472940444946289062
                426.82997131347656250000                  4.12500000000000000000                 -1.45042061805725097656                  5.57542085647583007812
                442.82997131347656250000                  5.12500000000000000000                 -0.40393146872520446777                  5.52893161773681640625
                458.82997131347656250000                  5.75000000000000000000                  0.27173468470573425293                  5.47826528549194335938
                474.82997131347656250000                  4.50000000000000000000                 -0.92663717269897460938                  5.42663717269897460938
