5.01572203797738
4.87168104370499
4.71849150630476
4.56358605886189
4.41734902661251
4.29286101671586
4.20520257339996
4.17029511430773
4.2033254273808
4.31687745610935
4.51896999013824
4.81125690669437
5.1876735641375
5.63379769789546
6.12713059883758
6.63839757036621
7.13382777317923
7.57822263262381
7.93848405219018
8.18717434542192
8.30564010714754
8.28626400202126
8.13351109779013
7.86359623991441
7.50279123209156
7.08458368536018
6.6460609697278
6.22399584640256
5.85113879933386
5.55317313338677
5.34667361218863
5.23824993658347
5.22488127203698
5.29528655438506
5.43205190765922
5.61416684706438
5.81960989702818
6.0276662790077
6.22074173036704
