               -133.17002868652343750000                 10.50000000000000000000
               -117.17002868652343750000                 19.68750000000000000000
               -101.17002868652343750000                 20.43750000000000000000
                -85.17002868652343750000                 18.31250000000000000000
                -69.17002868652343750000                 20.00000000000000000000
                -53.17002868652343750000                 18.81250000000000000000
                -37.17002868652343750000                 17.56250000000000000000
                -21.17002868652343750000                 17.62500000000000000000
                 -5.17002868652343750000                 20.00000000000000000000
                 10.82997131347656250000                 18.00000000000000000000
                 26.82997131347656250000                 18.37500000000000000000
                 42.82997131347656250000                 18.56250000000000000000
                 58.82997131347656250000                 20.00000000000000000000
                 74.82997131347656250000                 17.00000000000000000000
                 90.82997131347656250000                 18.93750000000000000000
                106.82997131347656250000                 18.06250000000000000000
                122.82997131347656250000                 19.12500000000000000000
                138.82997131347656250000                 18.81250000000000000000
                154.82997131347656250000                 19.31250000000000000000
                170.82997131347656250000                 19.25000000000000000000
                186.82997131347656250000                 40.93750000000000000000
                202.82997131347656250000                 52.75000000000000000000
                218.82997131347656250000                 24.43750000000000000000
                234.82997131347656250000                 20.25000000000000000000
                250.82997131347656250000                 17.87500000000000000000
                266.82997131347656250000                 19.62500000000000000000
                282.82997131347656250000                 17.93750000000000000000
                298.82997131347656250000                 18.43750000000000000000
                314.82997131347656250000                 16.62500000000000000000
                330.82997131347656250000                 19.12500000000000000000
                346.82997131347656250000                 17.50000000000000000000
                362.82997131347656250000                 18.12500000000000000000
                378.82997131347656250000                 18.00000000000000000000
                394.82997131347656250000                 17.87500000000000000000
                410.82997131347656250000                 17.00000000000000000000
                426.82997131347656250000                 17.25000000000000000000
                442.82997131347656250000                 16.12500000000000000000
                458.82997131347656250000                 15.87500000000000000000
                474.82997131347656250000                 12.06250000000000000000
