-8.20567937691966
1.0072713718798
1.79117846710577
-0.294239402780363
1.43492231853347
0.287008640999741
-0.929856409538566
-0.84487753040197
1.53831890162483
-0.47043630226025
-0.122546089962437
0.0195570971776888
1.39498702137773
-1.6806587842157
0.172006172562838
-0.79164977018376
0.184335692211864
-0.206411109194217
0.229469031602378
0.122173823493657
21.7884127671349
33.6062733367232
5.32705898848329
1.20128971681049
-1.08479811731068
0.778884651600247
-0.773657259816503
-0.121801600075443
-1.77058651327934
0.899520914606647
-0.554641267101601
0.236302814875899
0.266995068366125
0.282563096835844
-0.471175167729466
-0.12253127025264
-1.17380224955404
-1.37617542876327
-5.1671930887024
