               -133.17002868652343750000                 10.50000000000000000000                 -8.20567893981933593750                 18.70567893981933593750
               -117.17002868652343750000                 19.68750000000000000000                  1.00727140903472900391                 18.68022918701171875000
               -101.17002868652343750000                 20.43750000000000000000                  1.79117846488952636719                 18.64632225036621093750
                -85.17002868652343750000                 18.31250000000000000000                 -0.29423940181732177734                 18.60673904418945312500
                -69.17002868652343750000                 20.00000000000000000000                  1.43492233753204345703                 18.56507682800292968750
                -53.17002868652343750000                 18.81250000000000000000                  0.28700864315032958984                 18.52549171447753906250
                -37.17002868652343750000                 17.56250000000000000000                 -0.92985641956329345703                 18.49235725402832031250
                -21.17002868652343750000                 17.62500000000000000000                 -0.84487754106521606445                 18.46987724304199218750
                 -5.17002868652343750000                 20.00000000000000000000                  1.53831887245178222656                 18.46168136596679687500
                 10.82997131347656250000                 18.00000000000000000000                 -0.47043630480766296387                 18.47043609619140625000
                 26.82997131347656250000                 18.37500000000000000000                 -0.12254609167575836182                 18.49754524230957031250
                 42.82997131347656250000                 18.56250000000000000000                  0.01955709792673587799                 18.54294204711914062500
                 58.82997131347656250000                 20.00000000000000000000                  1.39498698711395263672                 18.60501289367675781250
                 74.82997131347656250000                 17.00000000000000000000                 -1.68065881729125976562                 18.68065834045410156250
                 90.82997131347656250000                 18.93750000000000000000                  0.17200617492198944092                 18.76549339294433593750
                106.82997131347656250000                 18.06250000000000000000                 -0.79164975881576538086                 18.85414886474609375000
                122.82997131347656250000                 19.12500000000000000000                  0.18433569371700286865                 18.94066429138183593750
                138.82997131347656250000                 18.81250000000000000000                 -0.20641110837459564209                 19.01891136169433593750
                154.82997131347656250000                 19.31250000000000000000                  0.22946903109550476074                 19.08303070068359375000
                170.82997131347656250000                 19.25000000000000000000                  0.12217382341623306274                 19.12782669067382812500
                186.82997131347656250000                 40.93750000000000000000                 21.78841209411621093750                 19.14908790588378906250
                202.82997131347656250000                 52.75000000000000000000                 33.60627365112304687500                 19.14372634887695312500
                218.82997131347656250000                 24.43750000000000000000                  5.32705879211425781250                 19.11044120788574218750
                234.82997131347656250000                 20.25000000000000000000                  1.20128977298736572266                 19.04870986938476562500
                250.82997131347656250000                 17.87500000000000000000                 -1.08479809761047363281                 18.95979881286621093750
                266.82997131347656250000                 19.62500000000000000000                  0.77888464927673339844                 18.84611511230468750000
                282.82997131347656250000                 17.93750000000000000000                 -0.77365726232528686523                 18.71115684509277343750
                298.82997131347656250000                 18.43750000000000000000                 -0.12180159986019134521                 18.55930137634277343750
                314.82997131347656250000                 16.62500000000000000000                 -1.77058649063110351562                 18.39558601379394531250
                330.82997131347656250000                 19.12500000000000000000                  0.89952093362808227539                 18.22547912597656250000
                346.82997131347656250000                 17.50000000000000000000                 -0.55464124679565429688                 18.05464172363281250000
                362.82997131347656250000                 18.12500000000000000000                  0.23630280792713165283                 17.88869667053222656250
                378.82997131347656250000                 18.00000000000000000000                  0.26699507236480712891                 17.73300552368164062500
                394.82997131347656250000                 17.87500000000000000000                  0.28256309032440185547                 17.59243774414062500000
                410.82997131347656250000                 17.00000000000000000000                 -0.47117516398429870605                 17.47117424011230468750
                426.82997131347656250000                 17.25000000000000000000                 -0.12253127247095108032                 17.37253189086914062500
                442.82997131347656250000                 16.12500000000000000000                 -1.17380225658416748047                 17.29880142211914062500
                458.82997131347656250000                 15.87500000000000000000                 -1.37617540359497070312                 17.25117492675781250000
                474.82997131347656250000                 12.06250000000000000000                 -5.16719293594360351562                 17.22969245910644531250
