18.9874558285823
18.9985425596759
18.966348782276
18.893014039191
18.7850597303427
18.6531966723853
18.5116192523007
18.376812844176
18.2659692076475
18.1951674693877
18.1775260601525
18.2215547038724
18.3299288848053
18.4988698128004
18.7182434034246
18.9724000605547
19.2416755380762
19.5043772584642
19.7390060938816
19.926424339062
20.0516848838756
20.1052857209868
20.0837012155494
19.9891530989196
19.8287010570216
19.6128347010886
19.3538177150354
19.0640591849224
18.7547631108734
18.4350406255641
18.1115741976602
17.7888178744011
17.4696224078437
17.1561060680937
16.8505620811487
16.5562049171641
16.2776049348779
16.020732440681
15.792612599533
