2.7262677069353
2.74064762620236
2.75553182148979
2.77052396034142
2.78539662607229
2.80013016492652
2.81492531668346
2.83018642541927
2.8464759904452
2.86444527771642
2.88474902338437
2.90795437744268
2.93445481705379
2.96439874296626
2.99764008758902
3.03371498775268
3.07184503970323
3.11096451202925
3.14976668369439
3.18676351110062
3.22035312957663
3.24888664525012
3.270762202422
3.28445439367658
3.28863128602627
3.28220731703428
3.26442235460063
3.23491357070591
3.19377909537
3.14162594966266
3.07959362417973
3.00934506291008
2.93301896984065
2.85314114304287
2.77249745776302
2.69397638618584
2.62039364834821
2.55431487991141
2.49789344628674
