-0.726267706935303
-0.0531476262023576
0.681968178510207
0.604476039658582
-0.84789662607229
0.0748698350734838
-0.0649253166834591
0.107313574580729
-0.283975990445198
0.198054722283578
0.0527509766156262
-0.0954543774426808
0.690545182946213
-0.151898742966255
-0.497640087589022
0.0912850122473174
0.0531549602967716
-0.298464512029249
0.100233316305613
-0.624263511100623
19.9046468704234
26.2511133547499
1.104237797578
-0.22195439367658
-0.0386312860262703
0.592792682965722
-0.639422354600634
-0.48491357070591
-0.00627909537000138
0.10837405033734
0.482906375820275
0.0531549370899169
-0.183018969840648
0.271858856957126
-0.209997457763019
0.243523613814162
-0.620393648348207
0.00818512008859207
-0.122893446286736
