2.57968473251192
2.67755860596613
2.76829241379609
2.84700609126681
2.91013584470961
2.95588599938643
2.98449901769863
2.99829170234736
3.00143216847988
2.99946556834124
2.99863256579887
3.00505790636373
3.02391150108208
3.05865625067522
3.11049202754082
3.17808296762771
3.25761768221719
3.34320434127978
3.42755227128055
3.50284727696042
3.56169731817044
3.5980142458643
3.60770834879525
3.5891037146745
3.54302824307243
3.47258416709992
3.38265368326541
3.27923116363963
3.16869244863248
3.05711064501729
2.94970844790454
2.85050443838799
2.76217234785315
2.68609561928728
2.62257123402131
2.5711008047494
2.53070449641056
2.50020274648385
2.47842826172914
