-0.068829219591042
-0.107420314854779
0.41858115656822
-0.238576329552826
0.485472656234606
0.342012889226975
0.206606642274497
0.0790267183339948
-0.354225273383976
-0.0948153682677351
-0.144898870645392
-0.0693867862138198
0.566816612121448
0.136575388086468
-0.0492466921094235
0.195889360488611
-0.128201447197505
-0.0834121495534852
-0.168413187648157
-0.0687980678270148
3.03021189110968
2.50602697573038
0.110939220153595
0.0343901142221954
-0.347219963531365
0.15433830545038
-0.398434444413898
-0.0687481050289529
0.0795659552565733
0.54470244950341
-0.487929956972868
-0.0205021741953546
0.382437775059337
-0.218357688020595
-0.199199930836024
0.251618707208978
-0.303649727337811
-0.0522386856009791
0.0690559419365508
