               -133.17002868652343750000                  1.12500000000000000000                 -0.06882921606302261353                  1.19382917881011962891
               -117.17002868652343750000                  1.12500000000000000000                 -0.10742031782865524292                  1.23242032527923583984
               -101.17002868652343750000                  1.68750000000000000000                  0.41858115792274475098                  1.26891887187957763672
                -85.17002868652343750000                  1.06250000000000000000                 -0.23857632279396057129                  1.30107629299163818359
                -69.17002868652343750000                  1.81250000000000000000                  0.48547264933586120605                  1.32702732086181640625
                -53.17002868652343750000                  1.68750000000000000000                  0.34201288223266601562                  1.34548711776733398438
                -37.17002868652343750000                  1.56250000000000000000                  0.20660664141178131104                  1.35589337348937988281
                -21.17002868652343750000                  1.43750000000000000000                  0.07902672141790390015                  1.35847330093383789062
                 -5.17002868652343750000                  1.00000000000000000000                 -0.35422527790069580078                  1.35422527790069580078
                 10.82997131347656250000                  1.25000000000000000000                 -0.09481536597013473511                  1.34481537342071533203
                 26.82997131347656250000                  1.18750000000000000000                 -0.14489887654781341553                  1.33239889144897460938
                 42.82997131347656250000                  1.25000000000000000000                 -0.06938678771257400513                  1.31938683986663818359
                 58.82997131347656250000                  1.87500000000000000000                  0.56681662797927856445                  1.30818343162536621094
                 74.82997131347656250000                  1.43750000000000000000                  0.13657538592815399170                  1.30092465877532958984
                 90.82997131347656250000                  1.25000000000000000000                 -0.04924669116735458374                  1.29924666881561279297
                106.82997131347656250000                  1.50000000000000000000                  0.19588935375213623047                  1.30411064624786376953
                122.82997131347656250000                  1.18750000000000000000                 -0.12820143997669219971                  1.31570148468017578125
                138.82997131347656250000                  1.25000000000000000000                 -0.08341214805841445923                  1.33341217041015625000
                154.82997131347656250000                  1.18750000000000000000                 -0.16841319203376770020                  1.35591316223144531250
                170.82997131347656250000                  1.31250000000000000000                 -0.06879806518554687500                  1.38129806518554687500
                186.82997131347656250000                  4.43750000000000000000                  3.03021192550659179688                  1.40728807449340820312
                202.82997131347656250000                  3.93750000000000000000                  2.50602698326110839844                  1.43147301673889160156
                218.82997131347656250000                  1.56250000000000000000                  0.11093921959400177002                  1.45156073570251464844
                234.82997131347656250000                  1.50000000000000000000                  0.03439011424779891968                  1.46560990810394287109
                250.82997131347656250000                  1.12500000000000000000                 -0.34721997380256652832                  1.47221994400024414062
                266.82997131347656250000                  1.62500000000000000000                  0.15433830022811889648                  1.47066164016723632812
                282.82997131347656250000                  1.06250000000000000000                 -0.39843443036079406738                  1.46093440055847167969
                298.82997131347656250000                  1.37500000000000000000                 -0.06874810159206390381                  1.44374811649322509766
                314.82997131347656250000                  1.50000000000000000000                  0.07956595718860626221                  1.42043399810791015625
                330.82997131347656250000                  1.93750000000000000000                  0.54470247030258178711                  1.39279758930206298828
                346.82997131347656250000                  0.87500000000000000000                 -0.48792997002601623535                  1.36292994022369384766
                362.82997131347656250000                  1.31250000000000000000                 -0.02050217427313327789                  1.33300220966339111328
                378.82997131347656250000                  1.68750000000000000000                  0.38243776559829711914                  1.30506217479705810547
                394.82997131347656250000                  1.06250000000000000000                 -0.21835768222808837891                  1.28085768222808837891
                410.82997131347656250000                  1.06250000000000000000                 -0.19919992983341217041                  1.26169991493225097656
                426.82997131347656250000                  1.50000000000000000000                  0.25161871314048767090                  1.24838125705718994141
                442.82997131347656250000                  0.93750000000000000000                 -0.30364972352981567383                  1.24114978313446044922
                458.82997131347656250000                  1.18750000000000000000                 -0.05223868414759635925                  1.23973870277404785156
                474.82997131347656250000                  1.31250000000000000000                  0.06905594468116760254                  1.24344408512115478516
