1.19382921959104
1.23242031485478
1.26891884343178
1.30107632955283
1.32702734376539
1.34548711077302
1.3558933577255
1.35847328166601
1.35422527338398
1.34481536826774
1.33239887064539
1.31938678621382
1.30818338787855
1.30092461191353
1.29924669210942
1.30411063951139
1.31570144719751
1.33341214955349
1.35591318764816
1.38129806782701
1.40728810889032
1.43147302426962
1.4515607798464
1.4656098857778
1.47221996353136
1.47066169454962
1.4609344444139
1.44374810502895
1.42043404474343
1.39279755049659
1.36292995697287
1.33300217419535
1.30506222494066
1.2808576880206
1.26169993083602
1.24838129279102
1.24114972733781
1.23973868560098
1.24344405806345
