               -133.17002868652343750000                  0.56250000000000000000                 -0.68604868650436401367                  1.24854862689971923828
               -117.17002868652343750000                  1.37500000000000000000                  0.13747480511665344238                  1.23752522468566894531
               -101.17002868652343750000                  1.50000000000000000000                  0.27241182327270507812                  1.22758817672729492188
                -85.17002868652343750000                  1.18750000000000000000                 -0.03188887611031532288                  1.21938884258270263672
                -69.17002868652343750000                  1.06250000000000000000                 -0.15111772716045379639                  1.21361768245697021484
                -53.17002868652343750000                  1.31250000000000000000                  0.10153944045305252075                  1.21096050739288330078
                -37.17002868652343750000                  1.50000000000000000000                  0.28795272111892700195                  1.21204733848571777344
                -21.17002868652343750000                  1.18750000000000000000                 -0.02989678457379341125                  1.21739673614501953125
                 -5.17002868652343750000                  1.06250000000000000000                 -0.16486343741416931152                  1.22736346721649169922
                 10.82997131347656250000                  0.93750000000000000000                 -0.30459079146385192871                  1.24209082126617431641
                 26.82997131347656250000                  1.50000000000000000000                  0.23852178454399108887                  1.26147818565368652344
                 42.82997131347656250000                  1.50000000000000000000                  0.21483485400676727295                  1.28516519069671630859
                 58.82997131347656250000                  1.31250000000000000000                 -0.00003612387081375346                  1.31253612041473388672
                 74.82997131347656250000                  1.18750000000000000000                 -0.15524782240390777588                  1.34274780750274658203
                 90.82997131347656250000                  1.37500000000000000000                  0.00022373419778887182                  1.37477624416351318359
                106.82997131347656250000                  1.43750000000000000000                  0.03001942299306392670                  1.40748059749603271484
                122.82997131347656250000                  1.00000000000000000000                 -0.43967676162719726562                  1.43967676162719726562
                138.82997131347656250000                  1.50000000000000000000                  0.02978575229644775391                  1.47021424770355224609
                154.82997131347656250000                  1.50000000000000000000                  0.00195292150601744652                  1.49804711341857910156
                170.82997131347656250000                  1.81250000000000000000                  0.29020732641220092773                  1.52229273319244384766
                186.82997131347656250000                  1.56250000000000000000                  0.02022725343704223633                  1.54227280616760253906
                202.82997131347656250000                  1.62500000000000000000                  0.06746645271778106689                  1.55753350257873535156
                218.82997131347656250000                  2.00000000000000000000                  0.43215426802635192871                  1.56784570217132568359
                234.82997131347656250000                  1.56250000000000000000                 -0.01068678125739097595                  1.57318675518035888672
                250.82997131347656250000                  1.12500000000000000000                 -0.44871097803115844727                  1.57371091842651367188
                266.82997131347656250000                  0.87500000000000000000                 -0.69471335411071777344                  1.56971335411071777344
                282.82997131347656250000                  1.43750000000000000000                 -0.12409387528896331787                  1.56159389019012451172
                298.82997131347656250000                  1.56250000000000000000                  0.01267390884459018707                  1.54982614517211914062
                314.82997131347656250000                  1.62500000000000000000                  0.09006567299365997314                  1.53493428230285644531
                330.82997131347656250000                  1.50000000000000000000                 -0.01747878454625606537                  1.51747882366180419922
                346.82997131347656250000                  1.81250000000000000000                  0.31445249915122985840                  1.49804747104644775391
                362.82997131347656250000                  1.56250000000000000000                  0.08524831384420394897                  1.47725164890289306641
                378.82997131347656250000                  1.31250000000000000000                 -0.14322042465209960938                  1.45572042465209960938
                394.82997131347656250000                  1.87500000000000000000                  0.44090846180915832520                  1.43409156799316406250
                410.82997131347656250000                  1.18750000000000000000                 -0.22549609839916229248                  1.41299605369567871094
                426.82997131347656250000                  1.18750000000000000000                 -0.20553649961948394775                  1.39303648471832275391
                442.82997131347656250000                  1.43750000000000000000                  0.06274050474166870117                  1.37475943565368652344
                458.82997131347656250000                  0.81250000000000000000                 -0.54612749814987182617                  1.35862755775451660156
                474.82997131347656250000                  1.37500000000000000000                  0.03000781126320362091                  1.34499216079711914062
