1.70548245748684
1.69813752097607
1.68048573512653
1.65287892843229
1.61653946924901
1.57352390492208
1.52659276032313
1.47899455303349
1.4341838341431
1.39550271968481
1.36586136907637
1.34745415716962
1.34154456690763
1.34834358591047
1.36699482631905
1.39566641904074
1.43173689422151
1.47205157125016
1.51321885640268
1.5519130740269
1.58515211253582
1.61052364877849
1.62634190366255
1.63172637290121
1.62660333949166
1.61163898970947
1.58811878109412
1.55779096290121
1.5226928784531
1.4849772820464
1.4467529873447
1.40995040106347
1.37621849946113
1.34685605275847
1.32277670248767
1.30450499861689
1.29219873483906
1.28569183345332
1.28455154238579
