-0.580482457486837
0.364362479023931
-0.305485735126534
0.0971210715677087
0.383460530750993
0.238976095077916
-0.276592760323135
-0.0414945530334894
-0.309183834143105
-0.0205027196848082
0.196638630923627
-0.472454157169616
-0.0290445669076305
0.0891564140895305
0.070505173680949
-0.0831664190407411
-0.244236894221515
-0.0970515712501596
0.299281143597319
0.010586925973104
4.10234788746418
3.88947635122151
-0.438841903662552
-0.506726372901214
-0.251603339491662
0.513361010290525
0.0993812189058811
-0.057790962901207
-0.210192878453103
0.2650227179536
0.0532470126553024
-0.0974504010634685
-0.0637184994611286
-0.0968560527584661
0.177223297512328
0.00799500138310982
-0.354698734839062
0.276808166546684
-0.0970515423857878
