1.23687020960717
1.28442851169614
1.32883558421369
1.36786327886074
1.39992900020084
1.42427143072277
1.44102683151158
1.45119183026202
1.45647471972317
1.45905371538234
1.46127463363921
1.46532966551318
1.47296174421317
1.48523494361216
1.50240109660782
1.52387814253914
1.54833907982722
1.57389455363436
1.59833955354367
1.61942727101741
1.63513175366283
1.64386542387502
1.64462668125059
1.63706486962903
1.62146272411574
1.59864794978595
1.56985415882859
1.53655598958133
1.50030358028987
1.46257811501781
1.42468389995988
1.38768469600813
1.35238423115475
1.31934418271565
1.28892834671093
1.26135964387864
1.2367770279969
1.21528183915925
1.19696697711625
