-0.111870209607174
-0.284428511696144
0.108664415786307
0.132136721139264
0.412570999799162
0.0757285692772329
0.0589731684884178
0.111308169737983
-0.0814747197231707
0.103446284617661
-0.21127463363921
-0.0903296655131809
-0.0979617442131688
-0.235234943612157
0.24759890339218
-0.0863781425391434
-0.110839079827223
0.176105446365637
-0.0983395535436653
-0.244427271017409
3.98986824633717
5.23113457612498
0.0428733187494144
-0.199564869629029
0.128537275884263
-0.348647949785947
-0.444854158828591
0.150944010418671
0.124696419710132
-0.400078115017807
0.137816100040118
-0.137684696008127
-0.0398842311547463
-0.319344182715654
0.398571653289074
0.676140356121364
-0.111777027996901
0.284718160840746
-0.384466977116252
