               -133.17002868652343750000                  5.87500000000000000000                 -3.62463665008544921875                  9.49963665008544921875
               -117.17002868652343750000                 11.81250000000000000000                  2.28161954879760742188                  9.53087997436523437500
               -101.17002868652343750000                 11.31250000000000000000                  1.74741899967193603516                  9.56508064270019531250
                -85.17002868652343750000                  8.06250000000000000000                 -1.53912103176116943359                  9.60162067413330078125
                -69.17002868652343750000                  9.06250000000000000000                 -0.57748937606811523438                  9.63998985290527343750
                -53.17002868652343750000                 10.50000000000000000000                  0.82016611099243164062                  9.67983341217041015625
                -37.17002868652343750000                  9.50000000000000000000                 -0.22097295522689819336                  9.72097301483154296875
                -21.17002868652343750000                  9.68750000000000000000                 -0.07585456967353820801                  9.76335430145263671875
                 -5.17002868652343750000                  9.93750000000000000000                  0.13053843379020690918                  9.80696201324462890625
                 10.82997131347656250000                 10.81250000000000000000                  0.96082651615142822266                  9.85167312622070312500
                 26.82997131347656250000                 12.06250000000000000000                  2.16539430618286132812                  9.89710521697998046875
                 42.82997131347656250000                  9.81250000000000000000                 -0.12995484471321105957                  9.94245529174804687500
                 58.82997131347656250000                  9.75000000000000000000                 -0.23638612031936645508                  9.98638629913330078125
                 74.82997131347656250000                  9.06250000000000000000                 -0.96449249982833862305                 10.02699279785156250000
                 90.82997131347656250000                 10.00000000000000000000                 -0.06185168772935867310                 10.06185150146484375000
                106.82997131347656250000                  8.43750000000000000000                 -1.65068948268890380859                 10.08818912506103515625
                122.82997131347656250000                 10.31250000000000000000                  0.20935851335525512695                 10.10314178466796875000
                138.82997131347656250000                 10.43750000000000000000                  0.33341422677040100098                 10.10408592224121093750
                154.82997131347656250000                  8.93750000000000000000                 -1.15150332450866699219                 10.08900356292724609375
                170.82997131347656250000                 10.18750000000000000000                  0.13068743050098419189                 10.05681228637695312500
                186.82997131347656250000                 12.81250000000000000000                  2.80487608909606933594                 10.00762367248535156250
                202.82997131347656250000                 12.00000000000000000000                  2.05713415145874023438                  9.94286537170410156250
                218.82997131347656250000                  9.43750000000000000000                 -0.42775422334671020508                  9.86525440216064453125
                234.82997131347656250000                  9.00000000000000000000                 -0.77859669923782348633                  9.77859687805175781250
                250.82997131347656250000                 10.37500000000000000000                  0.68754994869232177734                  9.68745040893554687500
                266.82997131347656250000                  9.68750000000000000000                  0.09082646667957305908                  9.59667396545410156250
                282.82997131347656250000                 10.62500000000000000000                  1.11406385898590087891                  9.51093578338623046875
                298.82997131347656250000                  8.56250000000000000000                 -0.87174546718597412109                  9.43424510955810546875
                314.82997131347656250000                  8.68750000000000000000                 -0.68206316232681274414                  9.36956310272216796875
                330.82997131347656250000                  9.18750000000000000000                 -0.13105759024620056152                  9.31855773925781250000
                346.82997131347656250000                  8.68750000000000000000                 -0.59402495622634887695                  9.28152465820312500000
                362.82997131347656250000                  9.50000000000000000000                  0.24251726269721984863                  9.25748252868652343750
                378.82997131347656250000                  9.37500000000000000000                  0.13058462738990783691                  9.24441528320312500000
                394.82997131347656250000                  8.37500000000000000000                 -0.86462879180908203125                  9.23962879180908203125
                410.82997131347656250000                  9.68750000000000000000                  0.44734108448028564453                  9.24015903472900390625
                426.82997131347656250000                 10.50000000000000000000                  1.25682723522186279297                  9.24317264556884765625
                442.82997131347656250000                  9.87500000000000000000                  0.62869137525558471680                  9.24630832672119140625
                458.82997131347656250000                  8.37500000000000000000                 -0.87291282415390014648                  9.24791240692138671875
                474.82997131347656250000                  7.68750000000000000000                 -1.55965244770050048828                  9.24715232849121093750
