9.49963654212991
9.53088044830161
9.5650809633081
9.60162105244971
9.63998938879996
9.67983387658518
9.72097295987497
9.76335456835746
9.806961559051
9.85167349838282
9.8971056552257
9.94245484947667
9.98638612605122
10.0269925008065
10.0618516870959
10.088189490716
10.1031414909991
10.104085761829
10.0890032709141
10.0568125705788
10.0076238980416
9.94286581242694
9.86525422770416
9.77859667164941
9.68745003071895
9.59667353661008
9.51093613426206
9.43424548390949
9.36956316667458
9.31855759382639
9.2815249320766
9.2574827402532
9.24441537065442
9.23962881035319
9.24015891110623
9.2431727799857
9.24630860816021
9.24791284031986
9.2471524683643
