-2.43562936672341
1.62539180518275
0.668545536172779
0.713953985945798
0.468900534069633
-1.48664092695745
-1.07682272459628
-1.418832326281
1.80132669079299
0.266329514443619
-0.284154420748767
0.76059964450898
0.696985962463916
-1.49055174412204
-0.502215707614553
0.216532792991309
-0.648844656144757
-2.53167016440872
-0.672191676949181
-2.11906188348623
56.2685751404426
72.0062104909084
5.29416909054107
-0.171782160260815
-1.76415485571322
-1.48664073141056
-1.16117888264763
-1.36429875849765
0.949551911816334
0.449927410907796
0.61977505635695
-0.117947215997578
-0.149104095425159
0.0822408343433985
0.0114009171377951
-1.35983542169596
-0.338961061641102
0.51878804468924
-1.21558523471504
