8.68562936672341
9.06210819481725
9.45645446382722
9.8485460140542
10.2185994659304
10.5491409269574
10.8268227245963
11.043832326281
11.198673309207
11.2961704855564
11.3466544207488
11.364400355491
11.3655140375361
11.365551744122
11.3772157076146
11.4084672070087
11.4613446561448
11.5316701644087
11.6096916769492
11.6815618834862
11.7314248595574
11.7437895090916
11.7058309094589
11.6092821602608
11.4516548557132
11.2366407314106
10.9736788826476
10.6767987584976
10.3629480881837
10.0500725890922
9.75522494364305
9.49294721599758
9.27410409542516
9.1052591656566
8.9885990828622
8.92233542169596
8.9014610616411
8.91871195531076
8.96558523471504
