               -133.17002868652343750000                  2.37500000000000000000                 -0.87613421678543090820                  3.25113415718078613281
               -117.17002868652343750000                  3.81250000000000000000                  0.49193924665451049805                  3.32056069374084472656
               -101.17002868652343750000                  3.68750000000000000000                  0.30536997318267822266                  3.38213014602661132812
                -85.17002868652343750000                  4.31250000000000000000                  0.87982243299484252930                  3.43267750740051269531
                -69.17002868652343750000                  4.06250000000000000000                  0.59125930070877075195                  3.47124075889587402344
                -53.17002868652343750000                  4.06250000000000000000                  0.56306809186935424805                  3.49943184852600097656
                -37.17002868652343750000                  4.18750000000000000000                  0.66601902246475219727                  3.52148103713989257812
                -21.17002868652343750000                  3.87500000000000000000                  0.33109933137893676758                  3.54390072822570800781
                 -5.17002868652343750000                  3.31250000000000000000                 -0.26227995753288269043                  3.57477998733520507812
                 10.82997131347656250000                  3.81250000000000000000                  0.18973243236541748047                  3.62276744842529296875
                 26.82997131347656250000                  4.06250000000000000000                  0.36664018034934997559                  3.69585990905761718750
                 42.82997131347656250000                  3.31250000000000000000                 -0.48764854669570922852                  3.80014848709106445312
                 58.82997131347656250000                  3.31250000000000000000                 -0.62620276212692260742                  3.93870282173156738281
                 74.82997131347656250000                  4.43750000000000000000                  0.32674625515937805176                  4.11075353622436523438
                 90.82997131347656250000                  3.93750000000000000000                 -0.37381944060325622559                  4.31131935119628906250
                106.82997131347656250000                  4.12500000000000000000                 -0.40634888410568237305                  4.53134870529174804688
                122.82997131347656250000                  3.87500000000000000000                 -0.88339740037918090820                  4.75839757919311523438
                138.82997131347656250000                  4.68750000000000000000                 -0.29026609659194946289                  4.97776603698730468750
                154.82997131347656250000                  4.56250000000000000000                 -0.61147224903106689453                  5.17397212982177734375
                170.82997131347656250000                  4.56250000000000000000                 -0.76986640691757202148                  5.33236646652221679688
                186.82997131347656250000                 39.25000000000000000000                 33.80931091308593750000                  5.44068861007690429688
                202.82997131347656250000                 46.93750000000000000000                 41.44713211059570312500                  5.49036741256713867188
                218.82997131347656250000                  6.31250000000000000000                  0.83510696887969970703                  5.47739315032958984375
                234.82997131347656250000                  4.31250000000000000000                 -1.09017503261566162109                  5.40267515182495117188
                250.82997131347656250000                  4.43750000000000000000                 -0.83434408903121948242                  5.27184391021728515625
                266.82997131347656250000                  4.25000000000000000000                 -0.84455490112304687500                  5.09455490112304687500
                282.82997131347656250000                  4.00000000000000000000                 -0.88339757919311523438                  4.88339757919311523438
                298.82997131347656250000                  4.31250000000000000000                 -0.34007412195205688477                  4.65257406234741210938
                314.82997131347656250000                  3.62500000000000000000                 -0.79151409864425659180                  4.41651391983032226562
                330.82997131347656250000                  3.31250000000000000000                 -0.87609630823135375977                  4.18859624862670898438
                346.82997131347656250000                  4.06250000000000000000                  0.08238775283098220825                  3.98011231422424316406
                362.82997131347656250000                  3.87500000000000000000                  0.07543867826461791992                  3.79956126213073730469
                378.82997131347656250000                  4.12500000000000000000                  0.47268539667129516602                  3.65231466293334960938
                394.82997131347656250000                  3.62500000000000000000                  0.08436714112758636475                  3.54063296318054199219
                410.82997131347656250000                  4.25000000000000000000                  0.78601706027984619141                  3.46398282051086425781
                426.82997131347656250000                  4.00000000000000000000                  0.58043175935745239258                  3.41956830024719238281
                442.82997131347656250000                  3.75000000000000000000                  0.34702146053314208984                  3.40297842025756835938
                458.82997131347656250000                  3.87500000000000000000                  0.46613404154777526855                  3.40886592864990234375
                474.82997131347656250000                  3.75000000000000000000                  0.31842970848083496094                  3.43157029151916503906
