3.25113420253187
3.32056074821816
3.3821300298457
3.43267754793829
3.47124069706235
3.49943188017145
3.52148096458065
3.54390065684447
3.57477996452021
3.62276756229707
3.69585983158428
3.80014853432736
3.93870273652736
4.11075374340712
4.31131942869832
4.53134888239599
4.75839738952452
4.97776608965633
5.17397227508269
5.33236639520262
5.44068882582827
5.49036727518387
5.47739305580005
5.40267506875594
5.27184410449035
5.09455490506202
4.88339758767163
4.65257411659343
4.41651408207142
4.18859629441059
3.980112244911
3.7995613205115
3.65231458924807
3.54063285955552
3.46398292513754
3.41956824114274
3.40297853038723
3.40886595258966
3.43157028157606
