-1.28957147304022
-0.271893244892613
0.0595225494261626
0.769838660772165
0.548992509761802
-0.101041286009876
0.258543426914044
-0.0592650061497912
1.25763008935186
-0.167053516061356
0.164623881563745
-0.499995870813388
0.336072872473368
0.0447376521999838
-1.00188655694305
-0.118713769296282
0.817528391736553
0.243445864861874
-0.715954561720775
-0.0597802823767002
33.8386561977108
44.5441781881009
2.80957831885399
0.262839489832743
0.469473716997893
0.807286463613338
-0.783794024057349
-0.364355631406823
-0.870599231827697
-0.051892771798129
0.0917156583779182
0.0595226028647371
0.0377280371133297
0.399523987273438
0.0177082933685107
0.452317977151525
-0.549224587380635
-0.0519609543978299
-0.495750843381626
