               -133.17002868652343750000                  2.50000000000000000000                 -1.28957152366638183594                  3.78957152366638183594
               -117.17002868652343750000                  3.56250000000000000000                 -0.27189323306083679199                  3.83439326286315917969
               -101.17002868652343750000                  3.93750000000000000000                  0.05952255055308341980                  3.87797737121582031250
                -85.17002868652343750000                  4.68750000000000000000                  0.76983863115310668945                  3.91766142845153808594
                -69.17002868652343750000                  4.50000000000000000000                  0.54899251461029052734                  3.95100760459899902344
                -53.17002868652343750000                  3.87500000000000000000                 -0.10104128718376159668                  3.97604131698608398438
                -37.17002868652343750000                  4.25000000000000000000                  0.25854343175888061523                  3.99145650863647460938
                -21.17002868652343750000                  3.93750000000000000000                 -0.05926500633358955383                  3.99676489830017089844
                 -5.17002868652343750000                  5.25000000000000000000                  1.25763010978698730469                  3.99236989021301269531
                 10.82997131347656250000                  3.81250000000000000000                 -0.16705352067947387695                  3.97955346107482910156
                 26.82997131347656250000                  4.12500000000000000000                  0.16462388634681701660                  3.96037602424621582031
                 42.82997131347656250000                  3.43750000000000000000                 -0.49999585747718811035                  3.93749594688415527344
                 58.82997131347656250000                  4.25000000000000000000                  0.33607286214828491211                  3.91392707824707031250
                 74.82997131347656250000                  3.93750000000000000000                  0.04473765194416046143                  3.89276242256164550781
                 90.82997131347656250000                  2.87500000000000000000                 -1.00188660621643066406                  3.87688660621643066406
                106.82997131347656250000                  3.75000000000000000000                 -0.11871376633644104004                  3.86871385574340820312
                122.82997131347656250000                  4.68750000000000000000                  0.81752836704254150391                  3.86997151374816894531
                138.82997131347656250000                  4.12500000000000000000                  0.24344585835933685303                  3.88155412673950195312
                154.82997131347656250000                  3.18750000000000000000                 -0.71595454216003417969                  3.90345454216003417969
                170.82997131347656250000                  3.87500000000000000000                 -0.05978028103709220886                  3.93478035926818847656
                186.82997131347656250000                 37.81250000000000000000                 33.83865737915039062500                  3.97384381294250488281
                202.82997131347656250000                 48.56250000000000000000                 44.54417800903320312500                  4.01832199096679687500
                218.82997131347656250000                  6.87500000000000000000                  2.80957841873168945312                  4.06542158126831054688
                234.82997131347656250000                  4.37500000000000000000                  0.26283949613571166992                  4.11216068267822265625
                250.82997131347656250000                  4.62500000000000000000                  0.46947371959686279297                  4.15552616119384765625
                266.82997131347656250000                  5.00000000000000000000                  0.80728644132614135742                  4.19271373748779296875
                282.82997131347656250000                  3.43750000000000000000                 -0.78379404544830322266                  4.22129392623901367188
                298.82997131347656250000                  3.87500000000000000000                 -0.36435562372207641602                  4.23935556411743164062
                314.82997131347656250000                  3.37500000000000000000                 -0.87059921026229858398                  4.24559926986694335938
                330.82997131347656250000                  4.18750000000000000000                 -0.05189277231693267822                  4.23939275741577148438
                346.82997131347656250000                  4.31250000000000000000                  0.09171565622091293335                  4.22078418731689453125
                362.82997131347656250000                  4.25000000000000000000                  0.05952260270714759827                  4.19047737121582031250
                378.82997131347656250000                  4.18750000000000000000                  0.03772803768515586853                  4.14977216720581054688
                394.82997131347656250000                  4.50000000000000000000                  0.39952397346496582031                  4.10047578811645507812
                410.82997131347656250000                  4.06250000000000000000                  0.01770829409360885620                  4.04479169845581054688
                426.82997131347656250000                  4.43750000000000000000                  0.45231798291206359863                  3.98518204689025878906
                442.82997131347656250000                  3.37500000000000000000                 -0.54922461509704589844                  3.92422461509704589844
                458.82997131347656250000                  3.81250000000000000000                 -0.05196095257997512817                  3.86446094512939453125
                474.82997131347656250000                  3.31250000000000000000                 -0.49575084447860717773                  3.80825090408325195312
