               -133.17002868652343750000                  0.81250000000000000000                 -0.57841241359710693359                  1.39091241359710693359
               -117.17002868652343750000                  1.62500000000000000000                  0.23817820847034454346                  1.38682174682617187500
               -101.17002868652343750000                  1.81250000000000000000                  0.42832729220390319824                  1.38417267799377441406
                -85.17002868652343750000                  1.25000000000000000000                 -0.13359160721302032471                  1.38359165191650390625
                -69.17002868652343750000                  1.37500000000000000000                 -0.01068366412073373795                  1.38568365573883056641
                -53.17002868652343750000                  1.43750000000000000000                  0.04652862623333930969                  1.39097142219543457031
                -37.17002868652343750000                  1.31250000000000000000                 -0.08733412623405456543                  1.39983415603637695312
                -21.17002868652343750000                  0.81250000000000000000                 -0.59995579719543457031                  1.41245579719543457031
                 -5.17002868652343750000                  1.56250000000000000000                  0.13371390104293823242                  1.42878615856170654297
                 10.82997131347656250000                  1.00000000000000000000                 -0.44851928949356079102                  1.44851922988891601562
                 26.82997131347656250000                  1.87500000000000000000                  0.40390694141387939453                  1.47109305858612060547
                 42.82997131347656250000                  1.93750000000000000000                  0.44179281592369079590                  1.49570715427398681641
                 58.82997131347656250000                  1.31250000000000000000                 -0.20886015892028808594                  1.52136015892028808594
                 74.82997131347656250000                  1.56250000000000000000                  0.01559909526258707047                  1.54690086841583251953
                 90.82997131347656250000                  1.43750000000000000000                 -0.13359174132347106934                  1.57109177112579345703
                106.82997131347656250000                  1.87500000000000000000                  0.28232181072235107422                  1.59267818927764892578
                122.82997131347656250000                  1.25000000000000000000                 -0.36046168208122253418                  1.61046171188354492188
                138.82997131347656250000                  1.81250000000000000000                  0.18912902474403381348                  1.62337100505828857422
                154.82997131347656250000                  1.31250000000000000000                 -0.31802901625633239746                  1.63052904605865478516
                170.82997131347656250000                  1.06250000000000000000                 -0.56881153583526611328                  1.63131153583526611328
                186.82997131347656250000                  7.50000000000000000000                  5.87460565567016601562                  1.62539422512054443359
                202.82997131347656250000                  6.87500000000000000000                  5.26221370697021484375                  1.61278629302978515625
                218.82997131347656250000                  1.93750000000000000000                  0.34365361928939819336                  1.59384632110595703125
                234.82997131347656250000                  1.25000000000000000000                 -0.31928071379661560059                  1.56928074359893798828
                250.82997131347656250000                  1.43750000000000000000                 -0.10261995345354080200                  1.54012000560760498047
                266.82997131347656250000                  1.37500000000000000000                 -0.13267563283443450928                  1.50767564773559570312
                282.82997131347656250000                  0.93750000000000000000                 -0.53597623109817504883                  1.47347629070281982422
                298.82997131347656250000                  1.62500000000000000000                  0.18581475317478179932                  1.43918526172637939453
                314.82997131347656250000                  1.43750000000000000000                  0.03099554032087326050                  1.40650451183319091797
                330.82997131347656250000                  1.81250000000000000000                  0.43543100357055664062                  1.37706899642944335938
                346.82997131347656250000                  1.31250000000000000000                 -0.03984019160270690918                  1.35234022140502929688
                362.82997131347656250000                  1.37500000000000000000                  0.04149441421031951904                  1.33350563049316406250
                378.82997131347656250000                  1.18750000000000000000                 -0.13389436900615692139                  1.32139432430267333984
                394.82997131347656250000                  1.18750000000000000000                 -0.12891727685928344727                  1.31641733646392822266
                410.82997131347656250000                  0.87500000000000000000                 -0.44353771209716796875                  1.31853771209716796875
                426.82997131347656250000                  1.00000000000000000000                 -0.32727846503257751465                  1.32727849483489990234
                442.82997131347656250000                  1.50000000000000000000                  0.15823498368263244629                  1.34176504611968994141
                458.82997131347656250000                  1.75000000000000000000                  0.38919800519943237305                  1.36080193519592285156
                474.82997131347656250000                  1.25000000000000000000                 -0.13297571241855621338                  1.38297569751739501953
