1.0585692041933
1.08985971173226
1.12278178817833
1.15545719887152
1.18601945787055
1.21278946615522
1.23443730451778
1.25010950616392
1.25950470250308
1.26288685666684
1.26103353724002
1.25512562567008
1.24659309736205
1.23693772862813
1.22755671962465
1.21959074338911
1.21381589390391
1.21059207445322
1.20987169039012
1.21126351645366
1.21413874933521
1.21776074883748
1.22141759320463
1.22453754582314
1.22677150324009
1.22803264530242
1.22849071211017
1.22852537618163
1.22864897238492
1.22941259858657
1.23131091117978
1.23469983982373
1.23973833729848
1.24636083445555
1.25428208976166
1.26303140171772
1.27200935371074
1.28055783200819
1.28803318948194
