10.907813225253
10.954291282305
11.0052062097058
11.0589336165868
11.1131800083962
11.1651365443804
11.2117259845001
11.2499193923712
11.2770852495173
11.2913243101581
11.2917408926332
11.2786064347784
11.2533837760854
11.218599132179
11.1775703138988
11.1340209598384
11.0916279013383
11.0535593797025
11.0220639600612
10.9981633782313
10.9814884478711
10.9703161138306
10.9615396475927
10.9513517544646
10.9352695764311
10.9087895235983
10.8678213783892
10.8091212563327
10.7306453676089
10.6317951065406
10.5135358439955
10.3783836362496
10.2302649456839
10.0742638901176
9.91627930336237
9.76261992222257
9.61957018959067
9.4929612281928
9.38778115113883
