-5.157813225253
-0.454291282305013
1.05729379029421
0.128566383413188
-0.55068000839624
-0.477636544380379
-0.836725984500109
0.562580607628801
2.91041475048267
0.833675689841936
-0.229240892633197
1.34639356522161
-0.128383776085379
1.40640086782104
-0.490070313898766
0.240979040161632
0.658372098661653
-0.428559379702527
-1.0845639600612
-1.12316337823126
51.4560115521289
78.5921838861694
8.41346035240725
2.73614824553539
0.314730423568927
1.59121047640171
-0.742821378389234
-0.0591212563326913
-0.29314536760887
-0.631795106540643
0.173964156004542
-0.128383636249595
0.519735054316147
-0.0117638901175674
0.958720696637625
1.54988007777743
-0.86957018959067
-1.5554612281928
-0.950281151138828
