               -133.17002868652343750000                  5.75000000000000000000                 -5.15781307220458984375                 10.90781307220458984375
               -117.17002868652343750000                 10.50000000000000000000                 -0.45429128408432006836                 10.95429134368896484375
               -101.17002868652343750000                 12.06250000000000000000                  1.05729377269744873047                 11.00520610809326171875
                -85.17002868652343750000                 11.18750000000000000000                  0.12856638431549072266                 11.05893325805664062500
                -69.17002868652343750000                 10.56250000000000000000                 -0.55067998170852661133                 11.11318016052246093750
                -53.17002868652343750000                 10.68750000000000000000                 -0.47763654589653015137                 11.16513633728027343750
                -37.17002868652343750000                 10.37500000000000000000                 -0.83672600984573364258                 11.21172618865966796875
                -21.17002868652343750000                 11.81250000000000000000                  0.56258058547973632812                 11.24991893768310546875
                 -5.17002868652343750000                 14.18750000000000000000                  2.91041469573974609375                 11.27708530426025390625
                 10.82997131347656250000                 12.12500000000000000000                  0.83367568254470825195                 11.29132461547851562500
                 26.82997131347656250000                 11.06250000000000000000                 -0.22924089431762695312                 11.29174041748046875000
                 42.82997131347656250000                 12.62500000000000000000                  1.34639358520507812500                 11.27860641479492187500
                 58.82997131347656250000                 11.12500000000000000000                 -0.12838377058506011963                 11.25338363647460937500
                 74.82997131347656250000                 12.62500000000000000000                  1.40640091896057128906                 11.21859931945800781250
                 90.82997131347656250000                 10.68750000000000000000                 -0.49007031321525573730                 11.17757034301757812500
                106.82997131347656250000                 11.37500000000000000000                  0.24097904562950134277                 11.13402080535888671875
                122.82997131347656250000                 11.75000000000000000000                  0.65837210416793823242                 11.09162807464599609375
                138.82997131347656250000                 10.62500000000000000000                 -0.42855939269065856934                 11.05355930328369140625
                154.82997131347656250000                  9.93750000000000000000                 -1.08456397056579589844                 11.02206420898437500000
                170.82997131347656250000                  9.87500000000000000000                 -1.12316334247589111328                 10.99816322326660156250
                186.82997131347656250000                 62.43750000000000000000                 51.45601272583007812500                 10.98148822784423828125
                202.82997131347656250000                 89.56250000000000000000                 78.59218597412109375000                 10.97031593322753906250
                218.82997131347656250000                 19.37500000000000000000                  8.41346073150634765625                 10.96153926849365234375
                234.82997131347656250000                 13.68750000000000000000                  2.73614835739135742188                 10.95135211944580078125
                250.82997131347656250000                 11.25000000000000000000                  0.31473043560981750488                 10.93526935577392578125
                266.82997131347656250000                 12.50000000000000000000                  1.59121048450469970703                 10.90878963470458984375
                282.82997131347656250000                 10.12500000000000000000                 -0.74282139539718627930                 10.86782169342041015625
                298.82997131347656250000                 10.75000000000000000000                 -0.05912125483155250549                 10.80912113189697265625
                314.82997131347656250000                 10.43750000000000000000                 -0.29314535856246948242                 10.73064517974853515625
                330.82997131347656250000                 10.00000000000000000000                 -0.63179510831832885742                 10.63179492950439453125
                346.82997131347656250000                 10.68750000000000000000                  0.17396415770053863525                 10.51353549957275390625
                362.82997131347656250000                 10.25000000000000000000                 -0.12838363647460937500                 10.37838363647460937500
                378.82997131347656250000                 10.75000000000000000000                  0.51973503828048706055                 10.23026466369628906250
                394.82997131347656250000                 10.06250000000000000000                 -0.01176389027386903763                 10.07426357269287109375
                410.82997131347656250000                 10.87500000000000000000                  0.95872068405151367188                  9.91627883911132812500
                426.82997131347656250000                 11.31250000000000000000                  1.54988002777099609375                  9.76261997222900390625
                442.82997131347656250000                  8.75000000000000000000                 -0.86957019567489624023                  9.61956977844238281250
                458.82997131347656250000                  7.93750000000000000000                 -1.55546128749847412109                  9.49296092987060546875
                474.82997131347656250000                  8.43750000000000000000                 -0.95028114318847656250                  9.38778114318847656250
