9.23143133152987
9.74966340272718
10.2699086798088
10.7647172513888
11.2087253910238
11.5811667833515
11.8680153844047
12.0634679627126
12.1705369740456
12.2006263407335
12.1720925873358
12.1079342943222
12.0328828647002
11.9702655365017
11.939059114206
11.9515387554773
12.0118488768736
12.1156923666139
12.2511694366657
12.4006253065338
12.5432155708331
12.6577955501833
12.7257029088763
12.7330371905673
12.6721383113458
12.5421092923504
12.3483895201813
12.1015340890811
11.8154663210722
11.5055269543674
11.1866389246472
10.8718474061519
10.5713970735432
10.2923945443133
10.0389967275485
9.81298454886473
9.61453811063857
9.44302673130491
9.29766001211009
