6.33605479890536
6.37086191453398
6.4095884119197
6.45121346387189
6.49473914315712
6.53925033675168
6.583950900376
6.62817389011015
6.67136877864952
6.71307293925358
6.75287742538667
6.79039757379789
6.82525706824389
6.85709019479567
6.88556192833982
6.9104003338813
6.93143172111375
6.94860703434095
6.96200865587218
6.97183016506387
6.97832707256894
6.98175256203527
6.98222298962677
6.97972731122258
6.97396740659119
6.96437670650367
6.95013070705005
6.93022037334302
6.90357501962585
6.8692218348338
6.82646185930607
6.7750377287893
6.71526778923422
6.64812451503543
6.57524210254126
6.49884760127817
6.42162048761096
6.34649550486633
6.27643133666568
