               -133.17002868652343750000                  3.81250000000000000000                 -2.52355480194091796875                  6.33605480194091796875
               -117.17002868652343750000                  6.68750000000000000000                  0.31663808226585388184                  6.37086200714111328125
               -101.17002868652343750000                  6.31250000000000000000                 -0.09708841145038604736                  6.40958833694458007812
                -85.17002868652343750000                  5.31250000000000000000                 -1.13871347904205322266                  6.45121335983276367188
                -69.17002868652343750000                  7.56250000000000000000                  1.06776082515716552734                  6.49473905563354492188
                -53.17002868652343750000                  7.18750000000000000000                  0.64824968576431274414                  6.53925037384033203125
                -37.17002868652343750000                  6.75000000000000000000                  0.16604909300804138184                  6.58395099639892578125
                -21.17002868652343750000                  6.50000000000000000000                 -0.12817388772964477539                  6.62817382812500000000
                 -5.17002868652343750000                  7.31250000000000000000                  0.64113122224807739258                  6.67136859893798828125
                 10.82997131347656250000                  6.12500000000000000000                 -0.58807295560836791992                  6.71307277679443359375
                 26.82997131347656250000                  6.62500000000000000000                 -0.12787742912769317627                  6.75287723541259765625
                 42.82997131347656250000                  6.00000000000000000000                 -0.79039758443832397461                  6.79039764404296875000
                 58.82997131347656250000                  7.18750000000000000000                  0.36224293708801269531                  6.82525730133056640625
                 74.82997131347656250000                  6.87500000000000000000                  0.01790980435907840729                  6.85708999633789062500
                 90.82997131347656250000                  7.00000000000000000000                  0.11443807184696197510                  6.88556194305419921875
                106.82997131347656250000                  8.25000000000000000000                  1.33959960937500000000                  6.91040039062500000000
                122.82997131347656250000                  6.37500000000000000000                 -0.55643171072006225586                  6.93143177032470703125
                138.82997131347656250000                  6.62500000000000000000                 -0.32360702753067016602                  6.94860696792602539062
                154.82997131347656250000                  7.31250000000000000000                  0.35049134492874145508                  6.96200847625732421875
                170.82997131347656250000                  6.87500000000000000000                 -0.09683016687631607056                  6.97183036804199218750
                186.82997131347656250000                 79.56250000000000000000                 72.58417510986328125000                  6.97832727432250976562
                202.82997131347656250000                101.75000000000000000000                 94.76824951171875000000                  6.98175239562988281250
                218.82997131347656250000                 14.00000000000000000000                  7.01777696609497070312                  6.98222303390502929688
                234.82997131347656250000                  6.81250000000000000000                 -0.16722731292247772217                  6.97972726821899414062
                250.82997131347656250000                  6.93750000000000000000                 -0.03646740689873695374                  6.97396755218505859375
                266.82997131347656250000                  5.62500000000000000000                 -1.33937668800354003906                  6.96437692642211914062
                282.82997131347656250000                  8.56250000000000000000                  1.61236929893493652344                  6.95013093948364257812
                298.82997131347656250000                  6.37500000000000000000                 -0.55522036552429199219                  6.93022060394287109375
                314.82997131347656250000                  7.00000000000000000000                  0.09642498195171356201                  6.90357494354248046875
                330.82997131347656250000                  7.81250000000000000000                  0.94327819347381591797                  6.86922168731689453125
                346.82997131347656250000                  6.81250000000000000000                 -0.01396185904741287231                  6.82646179199218750000
                362.82997131347656250000                  6.43750000000000000000                 -0.33753773570060729980                  6.77503776550292968750
                378.82997131347656250000                  6.81250000000000000000                  0.09723220765590667725                  6.71526765823364257812
                394.82997131347656250000                  7.81250000000000000000                  1.16437554359436035156                  6.64812469482421875000
                410.82997131347656250000                  7.56250000000000000000                  0.98725789785385131836                  6.57524204254150390625
                426.82997131347656250000                  6.18750000000000000000                 -0.31134760379791259766                  6.49884748458862304688
                442.82997131347656250000                  6.56250000000000000000                  0.14087951183319091797                  6.42162036895751953125
                458.82997131347656250000                  6.25000000000000000000                 -0.09649550169706344604                  6.34649562835693359375
                474.82997131347656250000                  5.56250000000000000000                 -0.71393132209777832031                  6.27643156051635742188
