5.70132423570529
5.69470390126182
5.68520144869505
5.67369076676003
5.66353840907309
5.66081310438056
5.67409425921943
5.71382076321418
5.79118529000861
5.91665477953688
6.09827365777483
6.33996919427593
6.64011485743441
6.99060691884146
7.37666641884003
7.77749458536176
8.16779436699424
8.52004036795275
8.80725523623508
9.00595450857348
9.09887285277467
9.07709416173239
8.9412776617661
8.70179285325587
8.37772889278386
7.99490389975869
7.5831400199097
7.17316781334049
6.79356344451218
6.46809962026897
6.21381275383555
6.03997033550766
5.94798578245555
5.93219641031453
5.98131398816791
6.08029061947105
6.21232122683298
6.36072520434199
6.51050455522407
