1.41292246529677
1.41085085147246
1.40572883684322
1.39724018075283
1.3852934743224
1.37008526652114
1.3521444904729
1.33234738252653
1.31189384173229
1.29223994317154
1.27498688843186
1.26173342321392
1.25390566934044
1.25258415954647
1.25835136236909
1.27118312189085
1.29040369501323
1.31471661222677
1.34231332001972
1.37105002723315
1.39867230780361
1.42305877644018
1.44245116010341
1.45563924008984
1.46207541938627
1.46190410618771
1.45590393694608
1.44535387513886
1.43184517411653
1.4170682535208
1.4026056358625
1.38975909202715
1.37943185047278
1.3720766632262
1.36770961480051
1.3659797305125
1.36627724694538
1.36785978260796
1.36997578611156
