-0.537922465296769
0.526649148527542
0.406771163156776
-0.0222401807528296
-0.447793474322398
-0.0575852665211365
-0.0396444904729001
0.0426526174734683
0.250606158267714
0.145260056828464
0.0375131115681364
-0.136733423213923
-0.0664056693404376
0.0599158404535305
0.116648637630913
-0.0211831218908454
-0.227903695013229
-0.377216612226769
-0.0923133200197175
-0.308550027233146
2.66382769219639
0.951941223559822
0.0575488398965895
0.669360759910157
0.412924580613735
-0.0244041061877072
-0.580903936946081
-0.195353875138863
1.00565482588347
-0.229568253520795
-0.340105635862505
0.110240907972849
-0.44193185047278
0.0654233367737953
-0.180209614800506
0.134020269487496
0.758722753054619
0.00714021739204296
-0.0574757861115589
