               -133.17002868652343750000                  0.87500000000000000000                 -0.53792244195938110352                  1.41292250156402587891
               -117.17002868652343750000                  1.93750000000000000000                  0.52664917707443237305                  1.41085088253021240234
               -101.17002868652343750000                  1.81250000000000000000                  0.40677115321159362793                  1.40572881698608398438
                -85.17002868652343750000                  1.37500000000000000000                 -0.02224018052220344543                  1.39724016189575195312
                -69.17002868652343750000                  0.93750000000000000000                 -0.44779348373413085938                  1.38529348373413085938
                -53.17002868652343750000                  1.31250000000000000000                 -0.05758526548743247986                  1.37008523941040039062
                -37.17002868652343750000                  1.31250000000000000000                 -0.03964449092745780945                  1.35214447975158691406
                -21.17002868652343750000                  1.37500000000000000000                  0.04265261813998222351                  1.33234739303588867188
                 -5.17002868652343750000                  1.56250000000000000000                  0.25060614943504333496                  1.31189382076263427734
                 10.82997131347656250000                  1.43750000000000000000                  0.14526005089282989502                  1.29223990440368652344
                 26.82997131347656250000                  1.31250000000000000000                  0.03751311078667640686                  1.27498686313629150391
                 42.82997131347656250000                  1.12500000000000000000                 -0.13673342764377593994                  1.26173341274261474609
                 58.82997131347656250000                  1.18750000000000000000                 -0.06640566885471343994                  1.25390565395355224609
                 74.82997131347656250000                  1.31250000000000000000                  0.05991584062576293945                  1.25258421897888183594
                 90.82997131347656250000                  1.37500000000000000000                  0.11664863675832748413                  1.25835132598876953125
                106.82997131347656250000                  1.25000000000000000000                 -0.02118312194943428040                  1.27118313312530517578
                122.82997131347656250000                  1.06250000000000000000                 -0.22790369391441345215                  1.29040372371673583984
                138.82997131347656250000                  0.93750000000000000000                 -0.37721660733222961426                  1.31471657752990722656
                154.82997131347656250000                  1.25000000000000000000                 -0.09231331944465637207                  1.34231328964233398438
                170.82997131347656250000                  1.06250000000000000000                 -0.30855002999305725098                  1.37105000019073486328
                186.82997131347656250000                  4.06250000000000000000                  2.66382765769958496094                  1.39867234230041503906
                202.82997131347656250000                  2.37500000000000000000                  0.95194125175476074219                  1.42305874824523925781
                218.82997131347656250000                  1.50000000000000000000                  0.05754883959889411926                  1.44245111942291259766
                234.82997131347656250000                  2.12500000000000000000                  0.66936075687408447266                  1.45563924312591552734
                250.82997131347656250000                  1.87500000000000000000                  0.41292458772659301758                  1.46207547187805175781
                266.82997131347656250000                  1.43750000000000000000                 -0.02440410666167736053                  1.46190404891967773438
                282.82997131347656250000                  0.87500000000000000000                 -0.58090394735336303711                  1.45590388774871826172
                298.82997131347656250000                  1.25000000000000000000                 -0.19535388052463531494                  1.44535386562347412109
                314.82997131347656250000                  2.43750000000000000000                  1.00565481185913085938                  1.43184518814086914062
                330.82997131347656250000                  1.18750000000000000000                 -0.22956825792789459229                  1.41706824302673339844
                346.82997131347656250000                  1.06250000000000000000                 -0.34010562300682067871                  1.40260565280914306641
                362.82997131347656250000                  1.50000000000000000000                  0.11024090647697448730                  1.38975906372070312500
                378.82997131347656250000                  0.93750000000000000000                 -0.44193184375762939453                  1.37943184375762939453
                394.82997131347656250000                  1.43750000000000000000                  0.06542333960533142090                  1.37207663059234619141
                410.82997131347656250000                  1.18750000000000000000                 -0.18020962178707122803                  1.36770963668823242188
                426.82997131347656250000                  1.50000000000000000000                  0.13402026891708374023                  1.36597967147827148438
                442.82997131347656250000                  2.12500000000000000000                  0.75872278213500976562                  1.36627721786499023438
                458.82997131347656250000                  1.37500000000000000000                  0.00714021734893321991                  1.36785984039306640625
                474.82997131347656250000                  1.31250000000000000000                 -0.05747578665614128113                  1.36997580528259277344
