-0.138236197523447
-0.0275287399324541
0.0208302785488137
-0.304631492552447
0.12194066624288
0.551117138571386
0.108101594868233
-0.144808770125982
0.166788097457555
0.0419631980498387
-0.270432602528064
-0.27162389473963
0.162249098260327
-0.0322160771777454
-0.480558457090129
0.0671264092413425
-0.138790553191851
0.0274906479222004
-0.432893269097014
-0.393602725664484
0.45924857911391
0.126937309872501
0.110495304983655
0.473112992438183
0.0275923377808538
0.0238523312033048
-0.101017947475234
0.0273296513612016
-0.279388817195432
-0.271978271661144
-0.388667349936858
0.182462699647793
0.31601616209321
0.136787182180192
-0.105265168034111
0.0274374708982337
-0.0274629875146513
0.0426837344020157
-0.512009477466089
