               -133.17002868652343750000                  0.75000000000000000000                 -0.13823619484901428223                  0.88823622465133666992
               -117.17002868652343750000                  0.87500000000000000000                 -0.02752874046564102173                  0.90252876281738281250
               -101.17002868652343750000                  0.93750000000000000000                  0.02083027921617031097                  0.91666972637176513672
                -85.17002868652343750000                  0.62500000000000000000                 -0.30463150143623352051                  0.92963147163391113281
                -69.17002868652343750000                  1.06250000000000000000                  0.12194066494703292847                  0.94055932760238647461
                -53.17002868652343750000                  1.50000000000000000000                  0.55111712217330932617                  0.94888287782669067383
                -37.17002868652343750000                  1.06250000000000000000                  0.10810159146785736084                  0.95439839363098144531
                -21.17002868652343750000                  0.81250000000000000000                 -0.14480876922607421875                  0.95730876922607421875
                 -5.17002868652343750000                  1.12500000000000000000                  0.16678810119628906250                  0.95821189880371093750
                 10.82997131347656250000                  1.00000000000000000000                  0.04196319729089736938                  0.95803678035736083984
                 26.82997131347656250000                  0.68750000000000000000                 -0.27043259143829345703                  0.95793259143829345703
                 42.82997131347656250000                  0.68750000000000000000                 -0.27162390947341918945                  0.95912390947341918945
                 58.82997131347656250000                  1.12500000000000000000                  0.16224910318851470947                  0.96275091171264648438
                 74.82997131347656250000                  0.93750000000000000000                 -0.03221607580780982971                  0.96971607208251953125
                 90.82997131347656250000                  0.50000000000000000000                 -0.48055845499038696289                  0.98055845499038696289
                106.82997131347656250000                  1.06250000000000000000                  0.06712640821933746338                  0.99537360668182373047
                122.82997131347656250000                  0.87500000000000000000                 -0.13879054784774780273                  1.01379060745239257812
                138.82997131347656250000                  1.06250000000000000000                  0.02749064750969409943                  1.03500938415527343750
                154.82997131347656250000                  0.62500000000000000000                 -0.43289327621459960938                  1.05789327621459960938
                170.82997131347656250000                  0.68750000000000000000                 -0.39360272884368896484                  1.08110272884368896484
                186.82997131347656250000                  1.56250000000000000000                  0.45924857258796691895                  1.10325145721435546875
                202.82997131347656250000                  1.25000000000000000000                  0.12693731486797332764                  1.12306272983551025391
                218.82997131347656250000                  1.25000000000000000000                  0.11049530655145645142                  1.13950467109680175781
                234.82997131347656250000                  1.62500000000000000000                  0.47311300039291381836                  1.15188705921173095703
                250.82997131347656250000                  1.18750000000000000000                  0.02759233862161636353                  1.15990769863128662109
                266.82997131347656250000                  1.18750000000000000000                  0.02385233156383037567                  1.16364765167236328125
                282.82997131347656250000                  1.06250000000000000000                 -0.10101794451475143433                  1.16351795196533203125
                298.82997131347656250000                  1.18750000000000000000                  0.02732965163886547089                  1.16017031669616699219
                314.82997131347656250000                  0.87500000000000000000                 -0.27938881516456604004                  1.15438878536224365234
                330.82997131347656250000                  0.87500000000000000000                 -0.27197825908660888672                  1.14697825908660888672
                346.82997131347656250000                  0.75000000000000000000                 -0.38866734504699707031                  1.13866734504699707031
                362.82997131347656250000                  1.31250000000000000000                  0.18246269226074218750                  1.13003730773925781250
                378.82997131347656250000                  1.43750000000000000000                  0.31601616740226745605                  1.12148380279541015625
                394.82997131347656250000                  1.25000000000000000000                  0.13678717613220214844                  1.11321282386779785156
                410.82997131347656250000                  1.00000000000000000000                 -0.10526517033576965332                  1.10526514053344726562
                426.82997131347656250000                  1.12500000000000000000                  0.02743747085332870483                  1.09756255149841308594
                442.82997131347656250000                  1.06250000000000000000                 -0.02746298722922801971                  1.08996295928955078125
                458.82997131347656250000                  1.12500000000000000000                  0.04268373548984527588                  1.08231627941131591797
                474.82997131347656250000                  0.56250000000000000000                 -0.51200950145721435547                  1.07450950145721435547
