0.888236197523447
0.902528739932454
0.916669721451186
0.929631492552447
0.94055933375712
0.948882861428614
0.954398405131767
0.957308770125982
0.958211902542445
0.958036801950161
0.957932602528064
0.95912389473963
0.962750901739673
0.969716077177745
0.980558457090129
0.995373590758658
1.01379055319185
1.0350093520778
1.05789326909701
1.08110272566448
1.10325142088609
1.1230626901275
1.13950469501635
1.15188700756182
1.15990766221915
1.1636476687967
1.16351794747523
1.1601703486388
1.15438881719543
1.14697827166114
1.13866734993686
1.13003730035221
1.12148383790679
1.11321281781981
1.10526516803411
1.09756252910177
1.08996298751465
1.08231626559798
1.07450947746609
