28.8274356750286
29.1744828963279
29.5510120647166
29.9467350673568
30.3501705131413
30.7491485552108
31.131314310592
31.4846050657087
31.7976908370473
32.0603806594594
32.2640043883386
32.4017792606867
32.4691614242492
32.4641669441086
32.3876284163077
32.2433376182848
32.0380171434187
31.7810690481401
31.4840681160362
31.1600001531747
30.822287210439
30.4835071422955
30.1551700449856
29.8449668992493
29.5578401334482
29.2947818530238
29.0531541797459
28.8272963190372
28.6095343655526
28.3914700939777
28.1653791588685
27.9255281959115
27.6692284420768
27.3974797897153
27.1151178588909
26.8304480770523
26.5544232275278
26.2994829188932
26.0782155656063
