               -133.17002868652343750000                 17.62500000000000000000                -11.20243549346923828125                 28.82743644714355468750
               -117.17002868652343750000                 28.87500000000000000000                 -0.29948288202285766602                 29.17448234558105468750
               -101.17002868652343750000                 32.50000000000000000000                  2.94898796081542968750                 29.55101203918457031250
                -85.17002868652343750000                 28.93750000000000000000                 -1.00923502445220947266                 29.94673538208007812500
                -69.17002868652343750000                 30.43750000000000000000                  0.08732948452234268188                 30.35017013549804687500
                -53.17002868652343750000                 32.62500000000000000000                  1.87585139274597167969                 30.74914932250976562500
                -37.17002868652343750000                 32.43750000000000000000                  1.30618572235107421875                 31.13131523132324218750
                -21.17002868652343750000                 31.18750000000000000000                 -0.29710507392883300781                 31.48460578918457031250
                 -5.17002868652343750000                 37.06250000000000000000                  5.26480913162231445312                 31.79769134521484375000
                 10.82997131347656250000                 31.31250000000000000000                 -0.74788063764572143555                 32.06037902832031250000
                 26.82997131347656250000                 32.56250000000000000000                  0.29849562048912048340                 32.26400375366210937500
                 42.82997131347656250000                 32.00000000000000000000                 -0.40177926421165466309                 32.40177917480468750000
                 58.82997131347656250000                 31.56250000000000000000                 -0.90666145086288452148                 32.46916198730468750000
                 74.82997131347656250000                 33.75000000000000000000                  1.28583300113677978516                 32.46416854858398437500
                 90.82997131347656250000                 32.68750000000000000000                  0.29987159371376037598                 32.38762664794921875000
                106.82997131347656250000                 33.75000000000000000000                  1.50666236877441406250                 32.24333572387695312500
                122.82997131347656250000                 33.37500000000000000000                  1.33698284626007080078                 32.03801727294921875000
                138.82997131347656250000                 28.62500000000000000000                 -3.15606904029846191406                 31.78106880187988281250
                154.82997131347656250000                 30.93750000000000000000                 -0.54656809568405151367                 31.48406791687011718750
                170.82997131347656250000                 32.37500000000000000000                  1.21499979496002197266                 31.15999984741210937500
                186.82997131347656250000                 99.93750000000000000000                 69.11521148681640625000                 30.82228660583496093750
                202.82997131347656250000                126.43750000000000000000                 95.95399475097656250000                 30.48350715637207031250
                218.82997131347656250000                 42.87500000000000000000                 12.71982955932617187500                 30.15517044067382812500
                234.82997131347656250000                 29.18750000000000000000                 -0.65746688842773437500                 29.84496688842773437500
                250.82997131347656250000                 26.56250000000000000000                 -2.99534010887145996094                 29.55784034729003906250
                266.82997131347656250000                 27.62500000000000000000                 -1.66978180408477783203                 29.29478263854980468750
                282.82997131347656250000                 28.00000000000000000000                 -1.05315423011779785156                 29.05315399169921875000
                298.82997131347656250000                 29.12500000000000000000                  0.29770368337631225586                 28.82729721069335937500
                314.82997131347656250000                 29.06250000000000000000                  0.45296564698219299316                 28.60953521728515625000
                330.82997131347656250000                 26.81250000000000000000                 -1.57897007465362548828                 28.39146995544433593750
                346.82997131347656250000                 29.93750000000000000000                  1.77212083339691162109                 28.16537857055664062500
                362.82997131347656250000                 29.00000000000000000000                  1.07447183132171630859                 27.92552757263183593750
                378.82997131347656250000                 27.56250000000000000000                 -0.10672844201326370239                 27.66922760009765625000
                394.82997131347656250000                 28.25000000000000000000                  0.85252022743225097656                 27.39748001098632812500
                410.82997131347656250000                 29.12500000000000000000                  2.00988221168518066406                 27.11511802673339843750
                426.82997131347656250000                 25.87500000000000000000                 -0.95544809103012084961                 26.83044815063476562500
                442.82997131347656250000                 25.87500000000000000000                 -0.67942321300506591797                 26.55442237854003906250
                458.82997131347656250000                 26.00000000000000000000                 -0.29948291182518005371                 26.29948234558105468750
                474.82997131347656250000                 23.00000000000000000000                 -3.07821559906005859375                 26.07821464538574218750
