28.6645405648234
29.4226076987032
30.1681161782928
30.8702300270154
31.5027399929844
32.04636470434
32.4902135963633
32.8321897950191
33.0782590993307
33.2406810493511
33.3354625886662
33.3794253279507
33.3873488865479
33.3696489608812
33.3309659498967
33.2698888067606
33.179843359614
33.0509684872923
32.8726249016947
32.6360641744249
32.3367539954773
31.9759177400178
31.5609924746452
31.104913008585
30.6243520009506
30.1372445719222
29.6600616929046
29.2053434261046
28.7799521261103
28.3843677560131
28.013150384987
27.6564777873729
27.3024709177854
26.9398833415377
26.5606761374244
26.162034076274
25.7474912844252
25.3270000997817
24.9159619729267
