               -133.17002868652343750000                  3.87500000000000000000                 -2.46863245964050292969                  6.34363222122192382812
               -117.17002868652343750000                  7.00000000000000000000                  0.67180907726287841797                  6.32819080352783203125
               -101.17002868652343750000                  6.43750000000000000000                  0.13110962510108947754                  6.30639028549194335938
                -85.17002868652343750000                  6.37500000000000000000                  0.09561877697706222534                  6.27938127517700195312
                -69.17002868652343750000                  5.62500000000000000000                 -0.62383460998535156250                  6.24883460998535156250
                -53.17002868652343750000                  5.56250000000000000000                 -0.65433669090270996094                  6.21683692932128906250
                -37.17002868652343750000                  6.37500000000000000000                  0.18927563726902008057                  6.18572425842285156250
                -21.17002868652343750000                  6.06250000000000000000                 -0.09537435322999954224                  6.15787458419799804688
                 -5.17002868652343750000                  7.00000000000000000000                  0.86453586816787719727                  6.13546419143676757812
                 10.82997131347656250000                  6.18750000000000000000                  0.06727042794227600098                  6.12022972106933593750
                 26.82997131347656250000                  6.25000000000000000000                  0.13675138354301452637                  6.11324882507324218750
                 42.82997131347656250000                  5.75000000000000000000                 -0.36477902531623840332                  6.11477899551391601562
                 58.82997131347656250000                  5.18750000000000000000                 -0.93667626380920410156                  6.12417650222778320312
                 74.82997131347656250000                  6.18750000000000000000                  0.04759137704968452454                  6.13990879058837890625
                 90.82997131347656250000                  6.18750000000000000000                  0.02782353386282920837                  6.15967655181884765625
                106.82997131347656250000                  6.37500000000000000000                  0.19437114894390106201                  6.18062877655029296875
                122.82997131347656250000                  5.68750000000000000000                 -0.51215744018554687500                  6.19965744018554687500
                138.82997131347656250000                  6.12500000000000000000                 -0.08873571455478668213                  6.21373558044433593750
                154.82997131347656250000                  4.75000000000000000000                 -1.47026300430297851562                  6.22026300430297851562
                170.82997131347656250000                  6.31250000000000000000                  0.09513009339570999146                  6.21737003326416015625
                186.82997131347656250000                 10.12500000000000000000                  3.92085433006286621094                  6.20414590835571289062
                202.82997131347656250000                  7.56250000000000000000                  1.38174510002136230469                  6.18075513839721679688
                218.82997131347656250000                  6.43750000000000000000                  0.28907206654548645020                  6.14842796325683593750
                234.82997131347656250000                  5.93750000000000000000                 -0.17182454466819763184                  6.10932445526123046875
                250.82997131347656250000                  6.06250000000000000000                 -0.00378823792561888695                  6.06628847122192382812
                266.82997131347656250000                  5.31250000000000000000                 -0.71002376079559326172                  6.02252388000488281250
                282.82997131347656250000                  5.18750000000000000000                 -0.79374033212661743164                  5.98124027252197265625
                298.82997131347656250000                  6.31250000000000000000                  0.36719238758087158203                  5.94530773162841796875
                314.82997131347656250000                  4.81250000000000000000                 -1.10446715354919433594                  5.91696739196777343750
                330.82997131347656250000                  6.50000000000000000000                  0.60236591100692749023                  5.89763402938842773438
                346.82997131347656250000                  5.50000000000000000000                 -0.38780853152275085449                  5.88780832290649414062
                362.82997131347656250000                  6.37500000000000000000                  0.48789891600608825684                  5.88710117340087890625
                378.82997131347656250000                  5.31250000000000000000                 -0.58185988664627075195                  5.89436006546020507812
                394.82997131347656250000                  5.81250000000000000000                 -0.09537444263696670532                  5.90787458419799804688
                410.82997131347656250000                  6.25000000000000000000                  0.32437714934349060059                  5.92562294006347656250
                426.82997131347656250000                  6.62500000000000000000                  0.67947351932525634766                  5.94552659988403320312
                442.82997131347656250000                  5.62500000000000000000                 -0.34067881107330322266                  5.96567869186401367188
                458.82997131347656250000                  6.37500000000000000000                  0.39047756791114807129                  5.98452234268188476562
                474.82997131347656250000                  5.31250000000000000000                 -0.68845903873443603516                  6.00095891952514648438
