6.34363239211964
6.32819091235114
6.30639036941918
6.27938122105273
6.24883463643131
6.21683670784365
6.18572436804022
6.15787435694991
6.13546410851002
6.12022956888414
6.11324861820811
6.11477903541419
6.12417626853145
6.13990862397886
6.15967646577625
6.18062884855026
6.19965744542904
6.21373571116144
6.22026294598008
6.21736990393724
6.20414569805028
6.18075491221213
6.1484279307659
6.10932453852658
6.06628823786288
6.02252374040973
5.98124032622626
5.94530760882371
5.91696716142206
5.89763407718922
5.88780852306912
5.88710109002976
5.89435989959786
5.90787444490772
5.92562284396058
5.94552647838472
5.9656788015249
5.98452244606433
6.00095902011588
