10.9160170320337
11.0070094393389
11.1044964332586
11.2041809739165
11.3018002970528
11.3935295909214
11.476347319097
11.5483142604799
11.6087271334668
11.658122740528
11.6981279883968
11.7311721463407
11.7600971282415
11.7877163677137
11.8163805936299
11.8476081885885
11.8818288496793
11.9182733518083
11.9550218467887
11.9892015105282
12.0173047932692
12.0355654669849
12.040477335218
12.0289962139645
11.9990607020071
11.949719304292
11.8812547872454
11.7951682767446
11.6940549012627
11.5813936764424
11.4612802675014
11.3381328073208
11.2163987714749
11.100286131898
10.9935358796571
10.8992466482512
10.8197564011536
10.756581417484
10.7104092253078
