-5.04101703203366
0.117990560661081
-0.0419964332586158
-1.07918097391654
0.448199702947184
0.168970409078648
-0.913847319096982
-0.0483142604799323
1.76627286653317
0.654377259471952
-0.385627988396781
0.393827853659344
-1.19759712824155
0.649783632286278
-0.316380593629884
-0.785108188588527
0.118171150320661
0.206726648191713
-0.892521846788696
-1.05170151052815
66.7951952067308
104.464434533015
11.459522664782
1.53350378603546
1.00093929799288
-1.887219304292
0.118745212754616
-0.545168276744572
-0.694054901262717
0.106106323557647
0.913719732498594
0.849367192679173
0.908601228525141
-0.162786131898038
-0.118535879657058
-0.961746648251172
0.305243598846431
0.11841858251605
-2.21040922530785
