               -133.17002868652343750000                  5.87500000000000000000                 -5.04101705551147460938                 10.91601657867431640625
               -117.17002868652343750000                 11.12500000000000000000                  0.11799056082963943481                 11.00700950622558593750
               -101.17002868652343750000                 11.06250000000000000000                 -0.04199643433094024658                 11.10449600219726562500
                -85.17002868652343750000                 10.12500000000000000000                 -1.07918095588684082031                 11.20418071746826171875
                -69.17002868652343750000                 11.75000000000000000000                  0.44819968938827514648                 11.30180072784423828125
                -53.17002868652343750000                 11.56250000000000000000                  0.16897040605545043945                 11.39352989196777343750
                -37.17002868652343750000                 10.56250000000000000000                 -0.91384732723236083984                 11.47634696960449218750
                -21.17002868652343750000                 11.50000000000000000000                 -0.04831426218152046204                 11.54831409454345703125
                 -5.17002868652343750000                 13.37500000000000000000                  1.76627290248870849609                 11.60872745513916015625
                 10.82997131347656250000                 12.31250000000000000000                  0.65437728166580200195                 11.65812301635742187500
                 26.82997131347656250000                 11.31250000000000000000                 -0.38562798500061035156                 11.69812774658203125000
                 42.82997131347656250000                 12.12500000000000000000                  0.39382785558700561523                 11.73117256164550781250
                 58.82997131347656250000                 10.56250000000000000000                 -1.19759714603424072266                 11.76009750366210937500
                 74.82997131347656250000                 12.43750000000000000000                  0.64978361129760742188                 11.78771591186523437500
                 90.82997131347656250000                 11.50000000000000000000                 -0.31638059020042419434                 11.81638050079345703125
                106.82997131347656250000                 11.06250000000000000000                 -0.78510820865631103516                 11.84760856628417968750
                122.82997131347656250000                 12.00000000000000000000                  0.11817114800214767456                 11.88182926177978515625
                138.82997131347656250000                 12.12500000000000000000                  0.20672665536403656006                 11.91827297210693359375
                154.82997131347656250000                 11.06250000000000000000                 -0.89252185821533203125                 11.95502185821533203125
                170.82997131347656250000                 10.93750000000000000000                 -1.05170154571533203125                 11.98920154571533203125
                186.82997131347656250000                 78.81250000000000000000                 66.79519653320312500000                 12.01730442047119140625
                202.82997131347656250000                116.50000000000000000000                104.46443176269531250000                 12.03556537628173828125
                218.82997131347656250000                 23.50000000000000000000                 11.45952224731445312500                 12.04047775268554687500
                234.82997131347656250000                 13.56250000000000000000                  1.53350377082824707031                 12.02899646759033203125
                250.82997131347656250000                 13.00000000000000000000                  1.00093924999237060547                 11.99906063079833984375
                266.82997131347656250000                 10.06250000000000000000                 -1.88721930980682373047                 11.94971942901611328125
                282.82997131347656250000                 12.00000000000000000000                  0.11874521523714065552                 11.88125514984130859375
                298.82997131347656250000                 11.25000000000000000000                 -0.54516828060150146484                 11.79516792297363281250
                314.82997131347656250000                 11.00000000000000000000                 -0.69405490159988403320                 11.69405460357666015625
                330.82997131347656250000                 11.68750000000000000000                  0.10610632598400115967                 11.58139324188232421875
                346.82997131347656250000                 12.37500000000000000000                  0.91371971368789672852                 11.46127986907958984375
                362.82997131347656250000                 12.18750000000000000000                  0.84936720132827758789                 11.33813285827636718750
                378.82997131347656250000                 12.12500000000000000000                  0.90860122442245483398                 11.21639919281005859375
                394.82997131347656250000                 10.93750000000000000000                 -0.16278612613677978516                 11.10028648376464843750
                410.82997131347656250000                 10.87500000000000000000                 -0.11853587627410888672                 10.99353599548339843750
                426.82997131347656250000                  9.93750000000000000000                 -0.96174663305282592773                 10.89924621582031250000
                442.82997131347656250000                 11.12500000000000000000                  0.30524361133575439453                 10.81975650787353515625
                458.82997131347656250000                 10.87500000000000000000                  0.11841858178377151489                 10.75658130645751953125
                474.82997131347656250000                  8.50000000000000000000                 -2.21040916442871093750                 10.71040916442871093750
