8.72191398206147
9.13668799095101
9.56048340996452
9.97180898557511
10.3521598977405
10.6881960767661
10.9733941602307
11.2089020065956
11.4034110221929
11.5719850065887
11.7339296068682
11.9099331810094
12.1188347202348
12.3744554516022
12.6829509961103
13.0410923814628
13.4357697284722
13.8448464694039
14.2392987340473
14.5863843305192
14.8534296950612
15.0117276166693
15.0400199497747
14.9271012831537
14.6732110974978
14.290060800367
13.7995379607251
13.231310898556
12.6196943504336
12.0002120320569
11.4062972892968
10.8665137986107
10.4025699972343
10.0282657665078
9.74937196566084
9.56432423327085
9.4655274917748
9.4410243456213
9.47627859029703
