-0.726495943941075
0.660118704238176
0.0545604270353075
0.21877239321886
0.10051617206177
0.332138227421417
0.729591499367062
0.291863977188483
0.138423151913309
0.322221726600254
0.330734078769607
0.587415675529393
0.328411092176646
0.729291793528103
0.406590825592042
-0.0810781220033174
-0.107476878493311
-0.728855428168688
-0.872210251750824
0.0384137619595233
28.3927562410158
35.2675366633042
0.862254280318535
-1.1896867166577
-0.196859358243881
-0.722611327092519
-0.022270355151532
-0.167330847017741
0.393240644756109
-0.728096260667489
0.581457649413445
0.99879692551523
0.328374614047162
0.0027896794952782
0.457972040728616
-0.929508769092562
0.282056782179121
0.723805839123429
-0.284515117031887
