               -133.17002868652343750000                  1.93750000000000000000                 -0.72649592161178588867                  2.66399598121643066406
               -117.17002868652343750000                  3.50000000000000000000                  0.66011869907379150391                  2.83988118171691894531
               -101.17002868652343750000                  3.06250000000000000000                  0.05456042662262916565                  3.00793957710266113281
                -85.17002868652343750000                  3.37500000000000000000                  0.21877239644527435303                  3.15622758865356445312
                -69.17002868652343750000                  3.37500000000000000000                  0.10051617026329040527                  3.27448391914367675781
                -53.17002868652343750000                  3.68750000000000000000                  0.33213824033737182617                  3.35536170005798339844
                -37.17002868652343750000                  4.12500000000000000000                  0.72959148883819580078                  3.39540839195251464844
                -21.17002868652343750000                  3.68750000000000000000                  0.29186397790908813477                  3.39563608169555664062
                 -5.17002868652343750000                  3.50000000000000000000                  0.13842314481735229492                  3.36157679557800292969
                 10.82997131347656250000                  3.62500000000000000000                  0.32222172617912292480                  3.30277824401855468750
                 26.82997131347656250000                  3.56250000000000000000                  0.33073407411575317383                  3.23176598548889160156
                 42.82997131347656250000                  3.75000000000000000000                  0.58741569519042968750                  3.16258430480957031250
                 58.82997131347656250000                  3.43750000000000000000                  0.32841110229492187500                  3.10908889770507812500
                 74.82997131347656250000                  3.81250000000000000000                  0.72929179668426513672                  3.08320832252502441406
                 90.82997131347656250000                  3.50000000000000000000                  0.40659081935882568359                  3.09340906143188476562
                106.82997131347656250000                  3.06250000000000000000                 -0.08107811957597732544                  3.14357805252075195312
                122.82997131347656250000                  3.12500000000000000000                 -0.10747687518596649170                  3.23247694969177246094
                138.82997131347656250000                  2.62500000000000000000                 -0.72885543107986450195                  3.35385537147521972656
                154.82997131347656250000                  2.62500000000000000000                 -0.87221026420593261719                  3.49721026420593261719
                170.82997131347656250000                  3.68750000000000000000                  0.03841376304626464844                  3.64908623695373535156
                186.82997131347656250000                 32.18750000000000000000                 28.39275550842285156250                  3.79474377632141113281
                202.82997131347656250000                 39.18750000000000000000                 35.26753616333007812500                  3.91996335983276367188
                218.82997131347656250000                  4.87500000000000000000                  0.86225426197052001953                  4.01274585723876953125
                234.82997131347656250000                  2.87500000000000000000                 -1.18968677520751953125                  4.06468677520751953125
                250.82997131347656250000                  3.87500000000000000000                 -0.19685935974121093750                  4.07185935974121093750
                266.82997131347656250000                  3.31250000000000000000                 -0.72261130809783935547                  4.03511142730712890625
                282.82997131347656250000                  3.93750000000000000000                 -0.02227035537362098694                  3.95977044105529785156
                298.82997131347656250000                  3.68750000000000000000                 -0.16733084619045257568                  3.85483074188232421875
                314.82997131347656250000                  4.12500000000000000000                  0.39324063062667846680                  3.73175930976867675781
                330.82997131347656250000                  2.87500000000000000000                 -0.72809624671936035156                  3.60309624671936035156
                346.82997131347656250000                  4.06250000000000000000                  0.58145767450332641602                  3.48104238510131835938
                362.82997131347656250000                  4.37500000000000000000                  0.99879693984985351562                  3.37620306015014648438
                378.82997131347656250000                  3.62500000000000000000                  0.32837462425231933594                  3.29662537574768066406
                394.82997131347656250000                  3.25000000000000000000                  0.00278967944905161858                  3.24721026420593261719
                410.82997131347656250000                  3.68750000000000000000                  0.45797204971313476562                  3.22952795028686523438
                426.82997131347656250000                  2.31250000000000000000                 -0.92950874567031860352                  3.24200868606567382812
                442.82997131347656250000                  3.56250000000000000000                  0.28205677866935729980                  3.28044319152832031250
                458.82997131347656250000                  4.06250000000000000000                  0.72380584478378295898                  3.33869409561157226562
                474.82997131347656250000                  3.12500000000000000000                 -0.28451511263847351074                  3.40951514244079589844
