               -133.17002868652343750000                  2.56250000000000000000                 -1.59626948833465576172                  4.15876960754394531250
               -117.17002868652343750000                  5.37500000000000000000                  1.07552349567413330078                  4.29947662353515625000
               -101.17002868652343750000                  5.68750000000000000000                  1.25992608070373535156                  4.42757368087768554688
                -85.17002868652343750000                  5.43750000000000000000                  0.90068227052688598633                  4.53681755065917968750
                -69.17002868652343750000                  5.37500000000000000000                  0.75040197372436523438                  4.62459802627563476562
                -53.17002868652343750000                  4.75000000000000000000                  0.05748307704925537109                  4.69251680374145507812
                -37.17002868652343750000                  5.25000000000000000000                  0.50359743833541870117                  4.74640274047851562500
                -21.17002868652343750000                  5.06250000000000000000                  0.26680278778076171875                  4.79569721221923828125
                 -5.17002868652343750000                  5.50000000000000000000                  0.64775323867797851562                  4.85224676132202148438
                 10.82997131347656250000                  6.00000000000000000000                  1.07138526439666748047                  4.92861461639404296875
                 26.82997131347656250000                  5.18750000000000000000                  0.15137116611003875732                  5.03612899780273437500
                 42.82997131347656250000                  5.25000000000000000000                  0.06707145273685455322                  5.18292856216430664062
                 58.82997131347656250000                  4.56250000000000000000                 -0.80980789661407470703                  5.37230777740478515625
                 74.82997131347656250000                  4.62500000000000000000                 -0.97662478685379028320                  5.60162496566772460938
                 90.82997131347656250000                  6.18750000000000000000                  0.32551613450050354004                  5.86198377609252929688
                106.82997131347656250000                  5.06250000000000000000                 -1.07629394531250000000                  6.13879394531250000000
                122.82997131347656250000                  5.43750000000000000000                 -0.97567510604858398438                  6.41317510604858398438
                138.82997131347656250000                  5.12500000000000000000                 -1.53905856609344482422                  6.66405868530273437500
                154.82997131347656250000                  6.00000000000000000000                 -0.87070775032043457031                  6.87070798873901367188
                170.82997131347656250000                  6.87500000000000000000                 -0.14031554758548736572                  7.01531553268432617188
                186.82997131347656250000                 47.87500000000000000000                 40.78969192504882812500                  7.08530855178833007812
                202.82997131347656250000                 58.37500000000000000000                 51.29997253417968750000                  7.07502555847167968750
                218.82997131347656250000                  8.37500000000000000000                  1.38847553730010986328                  6.98652458190917968750
                234.82997131347656250000                  6.18750000000000000000                 -0.64190155267715454102                  6.82940149307250976562
                250.82997131347656250000                  4.18750000000000000000                 -2.43215703964233398438                  6.61965703964233398438
                266.82997131347656250000                  5.00000000000000000000                 -1.37777400016784667969                  6.37777376174926757812
                282.82997131347656250000                  5.87500000000000000000                 -0.25129699707031250000                  6.12629699707031250000
                298.82997131347656250000                  4.81250000000000000000                 -1.07475352287292480469                  5.88725328445434570312
                314.82997131347656250000                  5.43750000000000000000                 -0.24227266013622283936                  5.67977285385131835938
                330.82997131347656250000                  4.56250000000000000000                 -0.95570534467697143555                  5.51820516586303710938
                346.82997131347656250000                  4.93750000000000000000                 -0.47345843911170959473                  5.41095829010009765625
                362.82997131347656250000                  5.62500000000000000000                  0.26486164331436157227                  5.36013841629028320312
                378.82997131347656250000                  6.43750000000000000000                  1.07552361488342285156                  5.36197614669799804688
                394.82997131347656250000                  5.31250000000000000000                 -0.09540085494518280029                  5.40790081024169921875
                410.82997131347656250000                  5.75000000000000000000                  0.26395329833030700684                  5.48604679107666015625
                426.82997131347656250000                  5.62500000000000000000                  0.04204424470663070679                  5.58295583724975585938
                442.82997131347656250000                  5.75000000000000000000                  0.06477151811122894287                  5.68522834777832031250
                458.82997131347656250000                  5.62500000000000000000                 -0.15592670440673828125                  5.78092670440673828125
                474.82997131347656250000                  5.00000000000000000000                 -0.86059081554412841797                  5.86059093475341796875
