4.15876951442547
4.29947655255858
4.42757391521994
4.53681773246546
4.62459802553987
4.69251692116644
4.74640258401785
4.79569721413367
4.85224673611023
4.92861474432833
5.03612884036148
5.18292854601959
5.37230787093778
5.60162480084848
5.86198387713132
6.13879389766669
6.41317508212174
6.66405857826313
6.87070777450947
7.0153155455113
7.08530865312084
7.07502576202008
6.98652449346917
6.82940156176719
6.61965698871905
6.37777399167269
6.126296985307
5.88725348176058
5.67977265448012
5.51820535625865
5.41095844089364
5.36013835020007
5.36197635045262
5.40790085778067
5.48604671236054
5.58295575429632
5.6852284797462
5.7809267079121
5.8605908353682
