6.89290806775796
6.95035578149309
7.00599202395797
7.05652505928035
7.09897238426826
7.13094612100305
7.1508922993033
7.15825543464287
7.15354773575339
7.1383130808406
7.11498811514329
7.08667477015102
7.05684857147621
7.02903398477339
7.00648094360645
6.99187540270585
6.98711164903296
6.99314605980467
7.00994222806239
7.03650721855599
7.07100943623012
7.11097718328897
7.15344445266134
7.19535565604586
7.23364761219689
7.26554790271766
7.28873918955055
7.30149162157182
7.30274318729236
7.29212868252631
7.26996174815524
7.23717696999202
7.19524036260959
7.14603690632048
7.09174349771597
7.03469504690155
6.97725077626025
6.92166718949909
6.86998368913375
