               -133.17002868652343750000                  4.68750000000000000000
               -117.17002868652343750000                  6.87500000000000000000
               -101.17002868652343750000                  6.93750000000000000000
                -85.17002868652343750000                  6.50000000000000000000
                -69.17002868652343750000                  7.37500000000000000000
                -53.17002868652343750000                  8.18750000000000000000
                -37.17002868652343750000                  7.50000000000000000000
                -21.17002868652343750000                  8.43750000000000000000
                 -5.17002868652343750000                  9.87500000000000000000
                 10.82997131347656250000                  6.81250000000000000000
                 26.82997131347656250000                  8.37500000000000000000
                 42.82997131347656250000                  7.00000000000000000000
                 58.82997131347656250000                  7.06250000000000000000
                 74.82997131347656250000                  8.50000000000000000000
                 90.82997131347656250000                  6.93750000000000000000
                106.82997131347656250000                  6.81250000000000000000
                122.82997131347656250000                  7.06250000000000000000
                138.82997131347656250000                  6.00000000000000000000
                154.82997131347656250000                  6.37500000000000000000
                170.82997131347656250000                  7.12500000000000000000
                186.82997131347656250000                 81.31250000000000000000
                202.82997131347656250000                105.50000000000000000000
                218.82997131347656250000                 15.31250000000000000000
                234.82997131347656250000                  7.25000000000000000000
                250.82997131347656250000                  6.81250000000000000000
                266.82997131347656250000                  7.31250000000000000000
                282.82997131347656250000                  8.12500000000000000000
                298.82997131347656250000                  7.75000000000000000000
                314.82997131347656250000                  8.18750000000000000000
                330.82997131347656250000                  7.06250000000000000000
                346.82997131347656250000                  6.75000000000000000000
                362.82997131347656250000                  7.31250000000000000000
                378.82997131347656250000                  6.68750000000000000000
                394.82997131347656250000                  7.37500000000000000000
                410.82997131347656250000                  7.06250000000000000000
                426.82997131347656250000                  7.43750000000000000000
                442.82997131347656250000                  7.06250000000000000000
                458.82997131347656250000                  6.00000000000000000000
                474.82997131347656250000                  6.62500000000000000000
