               -133.17002868652343750000                  4.68750000000000000000                 -2.20540809631347656250                  6.89290809631347656250
               -117.17002868652343750000                  6.87500000000000000000                 -0.07535578310489654541                  6.95035600662231445312
               -101.17002868652343750000                  6.93750000000000000000                 -0.06849202513694763184                  7.00599193572998046875
                -85.17002868652343750000                  6.50000000000000000000                 -0.55652505159378051758                  7.05652523040771484375
                -69.17002868652343750000                  7.37500000000000000000                  0.27602761983871459961                  7.09897232055664062500
                -53.17002868652343750000                  8.18750000000000000000                  1.05655384063720703125                  7.13094615936279296875
                -37.17002868652343750000                  7.50000000000000000000                  0.34910771250724792480                  7.15089225769042968750
                -21.17002868652343750000                  8.43750000000000000000                  1.27924454212188720703                  7.15825557708740234375
                 -5.17002868652343750000                  9.87500000000000000000                  2.72145223617553710938                  7.15354776382446289062
                 10.82997131347656250000                  6.81250000000000000000                 -0.32581308484077453613                  7.13831329345703125000
                 26.82997131347656250000                  8.37500000000000000000                  1.26001191139221191406                  7.11498832702636718750
                 42.82997131347656250000                  7.00000000000000000000                 -0.08667477220296859741                  7.08667469024658203125
                 58.82997131347656250000                  7.06250000000000000000                  0.00565142836421728134                  7.05684852600097656250
                 74.82997131347656250000                  8.50000000000000000000                  1.47096598148345947266                  7.02903413772583007812
                 90.82997131347656250000                  6.93750000000000000000                 -0.06898094713687896729                  7.00648117065429687500
                106.82997131347656250000                  6.81250000000000000000                 -0.17937541007995605469                  6.99187517166137695312
                122.82997131347656250000                  7.06250000000000000000                  0.07538834959268569946                  6.98711156845092773438
                138.82997131347656250000                  6.00000000000000000000                 -0.99314606189727783203                  6.99314594268798828125
                154.82997131347656250000                  6.37500000000000000000                 -0.63494223356246948242                  7.00994205474853515625
                170.82997131347656250000                  7.12500000000000000000                  0.08849278092384338379                  7.03650712966918945312
                186.82997131347656250000                 81.31250000000000000000                 74.24149322509765625000                  7.07100963592529296875
                202.82997131347656250000                105.50000000000000000000                 98.38902282714843750000                  7.11097717285156250000
                218.82997131347656250000                 15.31250000000000000000                  8.15905570983886718750                  7.15344429016113281250
                234.82997131347656250000                  7.25000000000000000000                  0.05464434251189231873                  7.19535589218139648438
                250.82997131347656250000                  6.81250000000000000000                 -0.42114761471748352051                  7.23364782333374023438
                266.82997131347656250000                  7.31250000000000000000                  0.04695209860801696777                  7.26554775238037109375
                282.82997131347656250000                  8.12500000000000000000                  0.83626079559326171875                  7.28873920440673828125
                298.82997131347656250000                  7.75000000000000000000                  0.44850838184356689453                  7.30149173736572265625
                314.82997131347656250000                  8.18750000000000000000                  0.88475680351257324219                  7.30274295806884765625
                330.82997131347656250000                  7.06250000000000000000                 -0.22962868213653564453                  7.29212856292724609375
                346.82997131347656250000                  6.75000000000000000000                 -0.51996177434921264648                  7.26996183395385742188
                362.82997131347656250000                  7.31250000000000000000                  0.07532303035259246826                  7.23717689514160156250
                378.82997131347656250000                  6.68750000000000000000                 -0.50774037837982177734                  7.19524049758911132812
                394.82997131347656250000                  7.37500000000000000000                  0.22896309196949005127                  7.14603710174560546875
                410.82997131347656250000                  7.06250000000000000000                 -0.02924349717795848846                  7.09174346923828125000
                426.82997131347656250000                  7.43750000000000000000                  0.40280494093894958496                  7.03469514846801757812
                442.82997131347656250000                  7.06250000000000000000                  0.08524922281503677368                  6.97725057601928710938
                458.82997131347656250000                  6.00000000000000000000                 -0.92166721820831298828                  6.92166709899902343750
                474.82997131347656250000                  6.62500000000000000000                 -0.24498368799686431885                  6.86998367309570312500
