-0.0824339843204468
-0.0287039943480893
0.206994313914542
-0.187455283922016
-0.023948088141632
-0.239209602095167
-0.0198593027323208
0.135020834132668
0.226321629700747
-0.120146227891576
-0.0286872898788345
0.00126449787319605
0.0951522383207266
0.065819327910605
-0.273957088253677
-0.236430656147469
0.116143339554534
-0.0284760374648878
-0.482516632734189
-0.183212184275649
0.119664230501869
0.801258715032572
0.174095443468538
-0.0119553013924338
-0.00719247640381582
-0.124578312484498
0.135289965352314
0.0217277983725563
-0.0284760288687376
0.48400564956523
-0.128901625075955
-0.180127498043391
-0.0449301049826238
0.214107981246797
0.22206187824025
-0.020871389379564
-0.014420147561544
0.116710826730761
-0.314707142376373
