2.2481914009462
2.24880312316435
2.23764724478282
2.21493551302507
2.18228649447719
2.14267907627752
2.10023309259496
2.05983045013549
2.02661229672781
2.00540614046384
2.00014865505798
2.01337344845103
2.04582779070518
2.09626889658957
2.16147060334737
2.23644768624355
2.3148804862456
2.38969983860758
2.45377399753102
2.50062727749684
2.52511567369534
2.52398818464627
2.49627354919901
2.4434495017955
2.36937368873531
2.27997984099443
2.18276715049368
2.08613248178933
1.99861171220167
1.92810623797247
1.88117231728952
1.86244412086829
1.87424676649034
1.91643480431674
1.98646696911981
2.07970243031067
2.18988033110308
2.30972595794048
2.43161562443777
