-2.95659556252394
-0.0812288608410405
1.41454759771166
-0.466159583448258
0.154897294986792
0.905830627308889
-0.33566438841199
-0.31756759958985
2.21126135258019
-0.0615434866391329
0.113115344351957
0.92087314257463
-0.390920432872317
0.0495634741495667
-0.073537857295527
-0.638416855921289
-0.022737497667972
0.709181992517879
-0.44338841990673
0.332549841476919
85.7262450435493
120.553021838869
10.5044076329067
0.834617103922319
0.923358995153158
-1.09993248477371
0.0810596933009133
0.219171861646467
-0.871519766817109
0.871632567738617
0.322306650649054
-0.0847015987936075
0.896729319723978
-0.0506488511097132
0.00541640569897872
-0.565422143720326
-0.0807213763118533
0.705097470901171
-1.33647961447396
