               -133.17002868652343750000                  4.93750000000000000000                 -2.95659565925598144531                  7.89409542083740234375
               -117.17002868652343750000                  7.87500000000000000000                 -0.08122885972261428833                  7.95622873306274414062
               -101.17002868652343750000                  9.43750000000000000000                  1.41454756259918212891                  8.02295207977294921875
                -85.17002868652343750000                  7.62500000000000000000                 -0.46615958213806152344                  8.09115982055664062500
                -69.17002868652343750000                  8.31250000000000000000                  0.15489730238914489746                  8.15760231018066406250
                -53.17002868652343750000                  9.12500000000000000000                  0.90583062171936035156                  8.21916961669921875000
                -37.17002868652343750000                  7.93750000000000000000                 -0.33566439151763916016                  8.27316474914550781250
                -21.17002868652343750000                  8.00000000000000000000                 -0.31756758689880371094                  8.31756782531738281250
                 -5.17002868652343750000                 10.56250000000000000000                  2.21126127243041992188                  8.35123825073242187500
                 10.82997131347656250000                  8.31250000000000000000                 -0.06154348701238632202                  8.37404346466064453125
                 26.82997131347656250000                  8.50000000000000000000                  0.11311534792184829712                  8.38688468933105468750
                 42.82997131347656250000                  9.31250000000000000000                  0.92087316513061523438                  8.39162731170654296875
                 58.82997131347656250000                  8.00000000000000000000                 -0.39092043042182922363                  8.39092063903808593750
                 74.82997131347656250000                  8.43750000000000000000                  0.04956347495317459106                  8.38793659210205078125
                 90.82997131347656250000                  8.31250000000000000000                 -0.07353785634040832520                  8.38603782653808593750
                106.82997131347656250000                  7.75000000000000000000                 -0.63841682672500610352                  8.38841724395751953125
                122.82997131347656250000                  8.37500000000000000000                 -0.02273749746382236481                  8.39773750305175781250
                138.82997131347656250000                  9.12500000000000000000                  0.70918196439743041992                  8.41581821441650390625
                154.82997131347656250000                  8.00000000000000000000                 -0.44338843226432800293                  8.44338798522949218750
                170.82997131347656250000                  8.81250000000000000000                  0.33254984021186828613                  8.47994995117187500000
                186.82997131347656250000                 94.25000000000000000000                 85.72624206542968750000                  8.52375507354736328125
                202.82997131347656250000                129.12500000000000000000                120.55302429199218750000                  8.57197856903076171875
                218.82997131347656250000                 19.12500000000000000000                 10.50440788269042968750                  8.62059211730957031250
                234.82997131347656250000                  9.50000000000000000000                  0.83461707830429077148                  8.66538333892822265625
                250.82997131347656250000                  9.62500000000000000000                  0.92335897684097290039                  8.70164108276367187500
                266.82997131347656250000                  7.62500000000000000000                 -1.09993243217468261719                  8.72493267059326171875
                282.82997131347656250000                  8.81250000000000000000                  0.08105969429016113281                  8.73144054412841796875
                298.82997131347656250000                  8.93750000000000000000                  0.21917186677455902100                  8.71832847595214843750
                314.82997131347656250000                  7.81250000000000000000                 -0.87151974439620971680                  8.68402004241943359375
                330.82997131347656250000                  9.50000000000000000000                  0.87163257598876953125                  8.62836742401123046875
                346.82997131347656250000                  8.87500000000000000000                  0.32230666279792785645                  8.55269336700439453125
                362.82997131347656250000                  8.37500000000000000000                 -0.08470159769058227539                  8.45970153808593750000
                378.82997131347656250000                  9.25000000000000000000                  0.89672929048538208008                  8.35327053070068359375
                394.82997131347656250000                  8.18750000000000000000                 -0.05064884945750236511                  8.23814868927001953125
                410.82997131347656250000                  8.12500000000000000000                  0.00541640585288405418                  8.11958312988281250000
                426.82997131347656250000                  7.43750000000000000000                 -0.56542211771011352539                  8.00292205810546875000
                442.82997131347656250000                  7.81250000000000000000                 -0.08072137832641601562                  7.89322137832641601562
                458.82997131347656250000                  8.50000000000000000000                  0.70509749650955200195                  7.79490232467651367188
                474.82997131347656250000                  6.37500000000000000000                 -1.33647966384887695312                  7.71147966384887695312
