7.2748421709836
7.4360293283067
7.596831618692
7.74705594082173
7.87894384580228
7.98861228544483
8.07711280851251
8.15088382508312
8.22143155981912
8.30417383765318
8.41650553482651
8.57527734225169
8.79399816165037
9.0801532326268
9.43305612028908
9.84261222902116
10.2892649533856
10.7452355857332
11.176978246956
11.548582180142
11.82569825721
11.9794725176199
11.9899548955271
11.8485200125143
11.5589780872491
11.1372437408841
10.6096364981873
10.0100747334932
9.37656475054687
8.74745852659968
8.1579503512415
7.63721057850756
7.20643163014788
6.87791183843786
6.65515306109547
6.53382140165892
6.50333304830901
6.54878657020669
6.65296754076087
