-3.96689893113495
0.518075198677561
-0.0142648303915855
-0.563042440732938
0.0603938326033013
-0.892781287963928
0.953388211777755
-0.150549228766689
3.04545023286675
0.353447577229048
0.460170766765497
-0.760218630361967
-0.683273773789431
0.628625850849659
-0.260858409381386
0.150762730159599
-1.19503685123076
-1.4178064266469
0.114197285674161
0.158660782885423
25.7237325828879
38.1300262986607
4.69720132513092
0.244076506531217
-0.724997254434196
-0.582638998404375
0.233813594612679
-1.84021864207679
0.316072386767335
0.821642799470913
-1.08103798422165
-0.150549066169804
0.853960389617862
0.735758502624245
-0.389001905759658
-0.090861283108616
-0.189198308364473
0.498040939995855
-2.22048253473788
