               -133.17002868652343750000                  5.18750000000000000000                 -3.96689891815185546875                  9.15439891815185546875
               -117.17002868652343750000                  9.68750000000000000000                  0.51807522773742675781                  9.16942501068115234375
               -101.17002868652343750000                  9.18750000000000000000                 -0.01426483038812875748                  9.20176506042480468750
                -85.17002868652343750000                  8.68750000000000000000                 -0.56304246187210083008                  9.25054264068603515625
                -69.17002868652343750000                  9.37500000000000000000                  0.06039383262395858765                  9.31460571289062500000
                -53.17002868652343750000                  8.50000000000000000000                 -0.89278131723403930664                  9.39278125762939453125
                -37.17002868652343750000                 10.43750000000000000000                  0.95338821411132812500                  9.48411178588867187500
                -21.17002868652343750000                  9.43750000000000000000                 -0.15054923295974731445                  9.58804893493652343750
                 -5.17002868652343750000                 12.75000000000000000000                  3.04545021057128906250                  9.70454978942871093750
                 10.82997131347656250000                 10.18750000000000000000                  0.35344758629798889160                  9.83405208587646484375
                 26.82997131347656250000                 10.43750000000000000000                  0.46017077565193176270                  9.97732925415039062500
                 42.82997131347656250000                  9.37500000000000000000                 -0.76021862030029296875                 10.13521862030029296875
                 58.82997131347656250000                  9.62500000000000000000                 -0.68327379226684570312                 10.30827331542968750000
                 74.82997131347656250000                 11.12500000000000000000                  0.62862586975097656250                 10.49637413024902343750
                 90.82997131347656250000                 10.43750000000000000000                 -0.26085841655731201172                 10.69835853576660156250
                106.82997131347656250000                 11.06250000000000000000                  0.15076273679733276367                 10.91173744201660156250
                122.82997131347656250000                  9.93750000000000000000                 -1.19503688812255859375                 11.13253688812255859375
                138.82997131347656250000                  9.93750000000000000000                 -1.41780638694763183594                 11.35530662536621093750
                154.82997131347656250000                 11.68750000000000000000                  0.11419728398323059082                 11.57330226898193359375
                170.82997131347656250000                 11.93750000000000000000                  0.15866078436374664307                 11.77883911132812500000
                186.82997131347656250000                 37.68750000000000000000                 25.72373199462890625000                 11.96376705169677734375
                202.82997131347656250000                 50.25000000000000000000                 38.13002777099609375000                 12.11997413635253906250
                218.82997131347656250000                 16.93750000000000000000                  4.69720125198364257812                 12.24029827117919921875
                234.82997131347656250000                 12.56250000000000000000                  0.24407650530338287354                 12.31842327117919921875
                250.82997131347656250000                 11.62500000000000000000                 -0.72499728202819824219                 12.34999752044677734375
                266.82997131347656250000                 11.75000000000000000000                 -0.58263897895812988281                 12.33263874053955078125
                282.82997131347656250000                 12.50000000000000000000                  0.23381359875202178955                 12.26618671417236328125
                298.82997131347656250000                 10.31250000000000000000                 -1.84021866321563720703                 12.15271854400634765625
                314.82997131347656250000                 12.31250000000000000000                  0.31607237458229064941                 11.99642753601074218750
                330.82997131347656250000                 12.62500000000000000000                  0.82164281606674194336                 11.80335712432861328125
                346.82997131347656250000                 10.50000000000000000000                 -1.08103799819946289062                 11.58103752136230468750
                362.82997131347656250000                 11.18750000000000000000                 -0.15054906904697418213                 11.33804893493652343750
                378.82997131347656250000                 11.93750000000000000000                  0.85396039485931396484                 11.08353996276855468750
                394.82997131347656250000                 11.56250000000000000000                  0.73575848340988159180                 10.82674121856689453125
                410.82997131347656250000                 10.18750000000000000000                 -0.38900190591812133789                 10.57650184631347656250
                426.82997131347656250000                 10.25000000000000000000                 -0.09086128324270248413                 10.34086132049560546875
                442.82997131347656250000                  9.93750000000000000000                 -0.18919831514358520508                 10.12669849395751953125
                458.82997131347656250000                 10.43750000000000000000                  0.49804094433784484863                  9.93945884704589843750
                474.82997131347656250000                  7.56250000000000000000                 -2.22048258781433105469                  9.78298282623291015625
