8.75296168023853
8.90679624194559
9.07069315776257
9.23538342879898
9.39234602319783
9.53490013704015
9.65913657061668
9.76453513676996
9.854146135828
9.93426939605261
10.0136373642838
10.102188126232
10.2095863314387
10.3437009840288
10.5092678592216
10.7069451368434
10.9329148960543
11.1790988491215
11.4339585669367
11.6837562569787
11.9140794642223
12.1113955516231
12.2644063120014
12.3650180385669
12.4088182411561
12.395041346307
12.326093950595
12.2067785885276
12.0433914357268
11.8428689896775
11.6121245192247
11.3576567027604
11.0854444057059
10.8010779738243
10.5100314253622
10.2179593701387
9.93090914918614
9.6553684719697
9.39811319970756
