7.31570189632843
7.33492841482553
7.35213442818388
7.36673268839755
7.37824498551178
7.38634944680065
7.39092725113147
7.39210519644131
7.39028934318989
7.38618395965629
7.38078954759074
7.37537413431634
7.37141348451589
7.37049845440501
7.37421123067519
7.38397632320167
7.40089641997798
7.42558698893959
7.45802624902073
7.49743833891889
7.54222684244624
7.59003586782491
7.6375093429579
7.68106941673268
7.71651418263719
7.7396182943916
7.74639911774635
7.73346101905159
7.69832398487365
7.63970385989654
7.55771331445053
7.4539581620689
7.33151259695366
7.1947685542997
7.04916747849114
6.90083573241005
6.75615597959225
6.6213145397664
6.50186778672423
