-3.25320189632843
1.29007158517447
1.71036557181612
-0.429232688397549
0.121755014488222
-0.136349446800646
-0.453427251131473
0.607894803558689
0.922210656810106
-0.323683959656285
1.18171045240926
-0.312874134316337
-0.121413484515891
0.254501545594993
-0.249211230675191
0.178523676798335
0.0366035800220166
0.0119130110604084
-0.0205262490207252
-0.12243833891889
84.6452731575538
119.347464132175
10.2374906570421
1.44393058326732
-0.0290141826371926
-1.1146182943916
0.0661008822536475
0.39153898094841
-0.823323984873655
-1.51470385989654
0.754786685549469
0.296041837931103
0.98098740304634
-0.819768554299698
0.825832521508865
-0.838335732410049
0.681344020407748
-0.183814539766398
-0.56436778672423
