6.38369891866723
6.57585879502709
6.73554408892482
6.85306446449383
6.92426444714598
6.95161434597255
6.94455446875844
6.91895306690898
6.89564547321595
6.89814716229445
6.94976033489108
7.07040299389131
7.27356252037566
7.56379709728472
7.93516910028046
8.37089480229209
8.84434444316657
9.32134533523648
9.76355461831387
10.1325068603106
10.3938320870473
10.5211019158368
10.4988037977892
10.3240609858497
10.0068907130375
9.56899711903798
9.04129567516916
8.46053035256929
7.86544868790752
7.29302972634776
6.77521541876277
6.33648990529785
5.99250519827399
5.74979277060505
5.60645459827176
5.55361524252582
5.5773512156891
5.66079830901473
5.78616626076285
