-0.853215639241206
0.62274047330427
0.485993009718276
0.557282867861532
-0.34483738997484
0.97025163113047
-0.622684748573644
0.62274588497484
0.449972559021217
0.475265296773231
-0.0611578106426292
-0.231361177453342
0.519070418460231
0.622112281182015
-0.736954223174765
0.880762674071278
-0.894916357009617
-0.618882658207403
0.280753557647925
-0.623563540119298
24.1773936630343
30.2534988624402
0.546920409232933
0.184160146491512
-0.0239752818462344
-0.45699388718239
-0.871509729888402
0.0996711627010938
-0.0514715213912829
-0.269768745058128
0.626354767693259
0.445337543727823
-0.0648485002539756
0.0957026474731109
-0.00898445714622964
0.498777116525647
-0.0651769540678337
-0.322356430624959
-0.394531075593543
