2.66571563924121
2.81475952669573
2.95150699028172
3.06771713213847
3.15733738997484
3.21724836886953
3.24768474857364
3.25225411502516
3.23752744097878
3.21223470322677
3.18615781064263
3.16886117745334
3.16842958153977
3.19038771881798
3.23695422317476
3.30673732592872
3.39491635700962
3.4938826582074
3.59424644235208
3.6860635401193
3.76010633696575
3.80900113755982
3.82807959076707
3.81583985350849
3.77397528184623
3.70699388718239
3.6215097298884
3.52532883729891
3.42647152139128
3.33226874505813
3.24864523230674
3.17966245627218
3.12734850025398
3.09179735252689
3.07148445714623
3.06372288347435
3.06517695406783
3.07235643062496
3.08203107559354
