0.836412993443206
0.821405754427362
0.806552500420327
0.79279541879355
0.781204017704431
0.772911985357719
0.769037319689766
0.770591003668115
0.778381545568898
0.79292425370864
0.814364900406323
0.842427213572744
0.876392257423992
0.915115194501641
0.957081297547113
1.00049873293049
1.04342108068236
1.08388843240325
1.12007289504641
1.15041301547746
1.173722401735
1.18926070705696
1.19675984812455
1.19640418933227
1.18876953202003
1.17473110497114
1.15535446469142
1.13178466534454
1.1051480398194
1.07647768858848
1.04666894934393
1.0164656378108
0.986472714405471
0.957187134249272
0.929036587530631
0.902415853899228
0.877712392650151
0.855316043093894
0.83561157913311
