-0.523912993443206
0.178594245572638
0.818447499579673
-0.0427954187935496
0.0312959822955692
-0.147911985357719
0.168462680310234
-0.145591003668115
0.0341184544311023
-0.0429242537086403
0.0606350995936772
-0.0299272135727441
-0.313892257423992
0.147384805498359
0.0429187024528865
-0.0629987329304911
-0.168421080682359
-0.333888432403254
0.504927104953587
0.59958698452254
1.013777598265
1.12323929294304
-0.0717598481245523
-0.00890418933226833
0.498730467979973
-0.112231104971145
-0.0303544646914158
-0.0692846653445356
0.0198519601806031
0.236022311411521
-0.109168949343934
0.108534362189203
-0.298972714405471
0.0428128657507283
0.570963412469369
-0.152415853899228
0.184787607349849
-0.0428160430938941
-0.27311157913311
