               -133.17002868652343750000                  0.31250000000000000000                 -0.52391296625137329102                  0.83641296625137329102
               -117.17002868652343750000                  1.00000000000000000000                  0.17859424650669097900                  0.82140576839447021484
               -101.17002868652343750000                  1.62500000000000000000                  0.81844747066497802734                  0.80655252933502197266
                -85.17002868652343750000                  0.75000000000000000000                 -0.04279541969299316406                  0.79279541969299316406
                -69.17002868652343750000                  0.81250000000000000000                  0.03129598125815391541                  0.78120404481887817383
                -53.17002868652343750000                  0.62500000000000000000                 -0.14791198074817657471                  0.77291196584701538086
                -37.17002868652343750000                  0.93750000000000000000                  0.16846267879009246826                  0.76903730630874633789
                -21.17002868652343750000                  0.62500000000000000000                 -0.14559100568294525146                  0.77059102058410644531
                 -5.17002868652343750000                  0.81250000000000000000                  0.03411845490336418152                  0.77838152647018432617
                 10.82997131347656250000                  0.75000000000000000000                 -0.04292425513267517090                  0.79292422533035278320
                 26.82997131347656250000                  0.87500000000000000000                  0.06063510105013847351                  0.81436491012573242188
                 42.82997131347656250000                  0.81250000000000000000                 -0.02992721274495124817                  0.84242719411849975586
                 58.82997131347656250000                  0.56250000000000000000                 -0.31389224529266357422                  0.87639224529266357422
                 74.82997131347656250000                  1.06250000000000000000                  0.14738480746746063232                  0.91511517763137817383
                 90.82997131347656250000                  1.00000000000000000000                  0.04291870072484016418                  0.95708131790161132812
                106.82997131347656250000                  0.93750000000000000000                 -0.06299873441457748413                  1.00049877166748046875
                122.82997131347656250000                  0.87500000000000000000                 -0.16842107474803924561                  1.04342103004455566406
                138.82997131347656250000                  0.75000000000000000000                 -0.33388844132423400879                  1.08388841152191162109
                154.82997131347656250000                  1.62500000000000000000                  0.50492709875106811523                  1.12007284164428710938
                170.82997131347656250000                  1.75000000000000000000                  0.59958696365356445312                  1.15041303634643554688
                186.82997131347656250000                  2.18750000000000000000                  1.01377761363983154297                  1.17372238636016845703
                202.82997131347656250000                  2.31250000000000000000                  1.12323927879333496094                  1.18926072120666503906
                218.82997131347656250000                  1.12500000000000000000                 -0.07175984978675842285                  1.19675981998443603516
                234.82997131347656250000                  1.18750000000000000000                 -0.00890418887138366699                  1.19640421867370605469
                250.82997131347656250000                  1.68750000000000000000                  0.49873048067092895508                  1.18876957893371582031
                266.82997131347656250000                  1.06250000000000000000                 -0.11223110556602478027                  1.17473113536834716797
                282.82997131347656250000                  1.12500000000000000000                 -0.03035446442663669586                  1.15535449981689453125
                298.82997131347656250000                  1.06250000000000000000                 -0.06928466260433197021                  1.13178467750549316406
                314.82997131347656250000                  1.12500000000000000000                  0.01985196024179458618                  1.10514807701110839844
                330.82997131347656250000                  1.31250000000000000000                  0.23602230846881866455                  1.07647764682769775391
                346.82997131347656250000                  0.93750000000000000000                 -0.10916894674301147461                  1.04666900634765625000
                362.82997131347656250000                  1.12500000000000000000                  0.10853436589241027832                  1.01646566390991210938
                378.82997131347656250000                  0.68750000000000000000                 -0.29897272586822509766                  0.98647272586822509766
                394.82997131347656250000                  1.00000000000000000000                  0.04281286522746086121                  0.95718711614608764648
                410.82997131347656250000                  1.50000000000000000000                  0.57096338272094726562                  0.92903661727905273438
                426.82997131347656250000                  0.75000000000000000000                 -0.15241585671901702881                  0.90241587162017822266
                442.82997131347656250000                  1.06250000000000000000                  0.18478760123252868652                  0.87771236896514892578
                458.82997131347656250000                  0.81250000000000000000                 -0.04281604290008544922                  0.85531604290008544922
                474.82997131347656250000                  0.56250000000000000000                 -0.27311158180236816406                  0.83561158180236816406
