               -133.17002868652343750000                 20.50000000000000000000
               -117.17002868652343750000                 35.75000000000000000000
               -101.17002868652343750000                 35.87500000000000000000
                -85.17002868652343750000                 33.68750000000000000000
                -69.17002868652343750000                 35.62500000000000000000
                -53.17002868652343750000                 33.93750000000000000000
                -37.17002868652343750000                 32.31250000000000000000
                -21.17002868652343750000                 31.75000000000000000000
                 -5.17002868652343750000                 35.37500000000000000000
                 10.82997131347656250000                 31.56250000000000000000
                 26.82997131347656250000                 32.31250000000000000000
                 42.82997131347656250000                 32.31250000000000000000
                 58.82997131347656250000                 34.50000000000000000000
                 74.82997131347656250000                 33.81250000000000000000
                 90.82997131347656250000                 34.81250000000000000000
                106.82997131347656250000                 35.62500000000000000000
                122.82997131347656250000                 35.12500000000000000000
                138.82997131347656250000                 35.00000000000000000000
                154.82997131347656250000                 33.56250000000000000000
                170.82997131347656250000                 35.81250000000000000000
                186.82997131347656250000                 74.75000000000000000000
                202.82997131347656250000                 89.43750000000000000000
                218.82997131347656250000                 40.93750000000000000000
                234.82997131347656250000                 33.18750000000000000000
                250.82997131347656250000                 31.56250000000000000000
                266.82997131347656250000                 28.62500000000000000000
                282.82997131347656250000                 32.68750000000000000000
                298.82997131347656250000                 30.50000000000000000000
                314.82997131347656250000                 31.37500000000000000000
                330.82997131347656250000                 29.31250000000000000000
                346.82997131347656250000                 31.00000000000000000000
                362.82997131347656250000                 27.37500000000000000000
                378.82997131347656250000                 29.68750000000000000000
                394.82997131347656250000                 28.12500000000000000000
                410.82997131347656250000                 26.43750000000000000000
                426.82997131347656250000                 27.12500000000000000000
                442.82997131347656250000                 28.93750000000000000000
                458.82997131347656250000                 24.37500000000000000000
                474.82997131347656250000                 22.93750000000000000000
