-14.0570031717064
1.20409211136166
1.42827880952627
-0.584030849597198
1.58454746251054
0.157396594934077
-1.20866234102876
-1.54524530177753
2.2435624615759
-1.49039754820338
-0.76146603422788
-0.885670648759948
1.08258343653878
0.0999941057544049
0.757544600114514
1.21509361720327
0.385230564552003
-0.00814303714970066
-1.62100599800226
0.570283090796082
39.5795444544527
54.4726029821884
6.30540426947361
-0.99924367928913
-2.08662635205231
-4.41720386389977
0.298721704446528
-1.20916597924444
0.355315729822781
-1.01960644272064
1.34593595656068
-1.61521432597537
1.34363080358397
0.406278949122772
-0.682807885894448
0.56806981198978
2.89765088068241
-1.20773550869173
-2.26297556023244
