               -133.17002868652343750000                 24.93750000000000000000
               -117.17002868652343750000                 45.12500000000000000000
               -101.17002868652343750000                 44.93750000000000000000
                -85.17002868652343750000                 45.18750000000000000000
                -69.17002868652343750000                 46.12500000000000000000
                -53.17002868652343750000                 47.06250000000000000000
                -37.17002868652343750000                 45.93750000000000000000
                -21.17002868652343750000                 44.31250000000000000000
                 -5.17002868652343750000                 41.31250000000000000000
                 10.82997131347656250000                 45.18750000000000000000
                 26.82997131347656250000                 44.56250000000000000000
                 42.82997131347656250000                 44.18750000000000000000
                 58.82997131347656250000                 46.25000000000000000000
                 74.82997131347656250000                 46.37500000000000000000
                 90.82997131347656250000                 44.56250000000000000000
                106.82997131347656250000                 43.93750000000000000000
                122.82997131347656250000                 46.37500000000000000000
                138.82997131347656250000                 46.31250000000000000000
                154.82997131347656250000                 44.12500000000000000000
                170.82997131347656250000                 44.81250000000000000000
                186.82997131347656250000                 88.50000000000000000000
                202.82997131347656250000                 82.18750000000000000000
                218.82997131347656250000                 45.81250000000000000000
                234.82997131347656250000                 44.56250000000000000000
                250.82997131347656250000                 41.31250000000000000000
                266.82997131347656250000                 46.68750000000000000000
                282.82997131347656250000                 45.87500000000000000000
                298.82997131347656250000                 45.12500000000000000000
                314.82997131347656250000                 42.81250000000000000000
                330.82997131347656250000                 44.43750000000000000000
                346.82997131347656250000                 43.18750000000000000000
                362.82997131347656250000                 45.43750000000000000000
                378.82997131347656250000                 43.56250000000000000000
                394.82997131347656250000                 45.81250000000000000000
                410.82997131347656250000                 40.93750000000000000000
                426.82997131347656250000                 39.62500000000000000000
                442.82997131347656250000                 45.06250000000000000000
                458.82997131347656250000                 44.56250000000000000000
                474.82997131347656250000                 32.81250000000000000000
