-18.933422103212
0.913434842887753
0.411616525176377
0.389234082752239
1.1075541358073
1.88484875656984
0.658377489450253
-1.01541209370067
-4.02247494397817
-0.1271576652113
-0.720278417380399
-1.06704841340042
1.00739069698579
1.11955466377054
-0.733877058687256
-1.4257620218555
0.92607052349824
0.77022537968012
-1.50484840110895
-0.885214033512447
42.7666895508139
36.460430055121
0.138919350517249
-1.00965690008121
-4.11427056870288
1.44211039601244
0.836147925486777
0.305537497134225
-1.78702415071406
0.0474864358862703
-1.01206534159537
1.40362598992291
-0.333047691970535
2.02812238909351
-2.76042983451976
-4.0073291743119
1.47940641093586
1.01661020774452
-10.7046120200375
