43.870922103212
44.2115651571122
44.5258834748236
44.7982659172478
45.0174458641927
45.1776512434302
45.2791225105497
45.3279120937007
45.3349749439782
45.3146576652113
45.2827784173804
45.2545484134004
45.2426093030142
45.2554453362295
45.2963770586873
45.3632620218555
45.4489294765018
45.5422746203199
45.629848401109
45.6977140335124
45.7333104491861
45.727069944879
45.6735806494828
45.5721569000812
45.4267705687029
45.2453896039876
45.0388520745132
44.8194625028658
44.5995241507141
44.3900135641137
44.1995653415954
44.0338740100771
43.8955476919705
43.7843776109065
43.6979298345198
43.6323291743119
43.5830935890641
43.5458897922555
43.5171120200375
