3.23398235598346
3.21266825191301
3.18786428816063
3.16107698362926
3.13423637163929
3.10957808963022
3.0894768172272
3.07624355750454
3.07190518281874
3.07798879812423
3.09533504568465
3.12396303767592
3.16300512619575
3.2107226254902
3.26460472577992
3.32154332387426
3.37806762255146
3.4306153388675
3.47581317902237
3.51073844478906
3.53313629908776
3.54150661414535
3.53551246248183
3.51531515924254
3.48216148784147
3.4379160415673
3.38494885333707
3.32593501248383
3.26365311199768
3.20080056529548
3.13983956663715
3.0828822454662
3.03161819637476
2.98728276699063
2.95066077656705
2.92211799709915
2.90165179013596
2.8889525816086
2.88346905533509
