               -133.17002868652343750000                  1.43750000000000000000                 -1.79648232460021972656                  3.23398232460021972656
               -117.17002868652343750000                  3.37500000000000000000                  0.16233174502849578857                  3.21266818046569824219
               -101.17002868652343750000                  3.43750000000000000000                  0.24963571131229400635                  3.18786430358886718750
                -85.17002868652343750000                  3.00000000000000000000                 -0.16107697784900665283                  3.16107702255249023438
                -69.17002868652343750000                  3.50000000000000000000                  0.36576363444328308105                  3.13423633575439453125
                -53.17002868652343750000                  3.06250000000000000000                 -0.04707808792591094971                  3.10957813262939453125
                -37.17002868652343750000                  3.25000000000000000000                  0.16052317619323730469                  3.08947682380676269531
                -21.17002868652343750000                  2.62500000000000000000                 -0.45124354958534240723                  3.07624363899230957031
                 -5.17002868652343750000                  2.68750000000000000000                 -0.38440519571304321289                  3.07190513610839843750
                 10.82997131347656250000                  3.12500000000000000000                  0.04701120033860206604                  3.07798886299133300781
                 26.82997131347656250000                  2.81250000000000000000                 -0.28283503651618957520                  3.09533500671386718750
                 42.82997131347656250000                  3.37500000000000000000                  0.25103697180747985840                  3.12396311759948730469
                 58.82997131347656250000                  3.12500000000000000000                 -0.03800512477755546570                  3.16300511360168457031
                 74.82997131347656250000                  2.68750000000000000000                 -0.52322262525558471680                  3.21072268486022949219
                 90.82997131347656250000                  3.06250000000000000000                 -0.20210473239421844482                  3.26460480690002441406
                106.82997131347656250000                  2.68750000000000000000                 -0.63404333591461181641                  3.32154321670532226562
                122.82997131347656250000                  3.43750000000000000000                  0.05943237617611885071                  3.37806773185729980469
                138.82997131347656250000                  3.87500000000000000000                  0.44438466429710388184                  3.43061542510986328125
                154.82997131347656250000                  3.43750000000000000000                 -0.03831318020820617676                  3.47581315040588378906
                170.82997131347656250000                  3.62500000000000000000                  0.11426155269145965576                  3.51073837280273437500
                186.82997131347656250000                 25.87500000000000000000                 22.34186363220214843750                  3.53313636779785156250
                202.82997131347656250000                 34.81250000000000000000                 31.27099418640136718750                  3.54150652885437011719
                218.82997131347656250000                  4.93750000000000000000                  1.40198755264282226562                  3.53551244735717773438
                234.82997131347656250000                  3.56250000000000000000                  0.04718483984470367432                  3.51531505584716796875
                250.82997131347656250000                  3.43750000000000000000                 -0.04466148838400840759                  3.48216152191162109375
                266.82997131347656250000                  3.18750000000000000000                 -0.25041604042053222656                  3.43791604042053222656
                282.82997131347656250000                  3.81250000000000000000                  0.42755115032196044922                  3.38494896888732910156
                298.82997131347656250000                  3.12500000000000000000                 -0.20093500614166259766                  3.32593512535095214844
                314.82997131347656250000                  4.43750000000000000000                  1.17384684085845947266                  3.26365303993225097656
                330.82997131347656250000                  4.12500000000000000000                  0.92419946193695068359                  3.20080065727233886719
                346.82997131347656250000                  2.62500000000000000000                 -0.51483958959579467773                  3.13983964920043945312
                362.82997131347656250000                  2.81250000000000000000                 -0.27038225531578063965                  3.08288216590881347656
                378.82997131347656250000                  2.93750000000000000000                 -0.09411819279193878174                  3.03161811828613281250
                394.82997131347656250000                  3.06250000000000000000                  0.07521723210811614990                  2.98728275299072265625
                410.82997131347656250000                  3.43750000000000000000                  0.48683923482894897461                  2.95066070556640625000
                426.82997131347656250000                  2.87500000000000000000                 -0.04711799696087837219                  2.92211794853210449219
                442.82997131347656250000                  2.68750000000000000000                 -0.21415178477764129639                  2.90165185928344726562
                458.82997131347656250000                  3.06250000000000000000                  0.17354741692543029785                  2.88895249366760253906
                474.82997131347656250000                  2.81250000000000000000                 -0.07096905261278152466                  2.88346910476684570312
