2.69012436473785
2.75872060392388
2.81532280784429
2.8571450511578
2.88372053866552
2.89713529437793
2.90192422108532
2.90461202450939
2.91293375472287
2.93482145901715
2.97728594334868
3.04534797025785
3.14117576831934
3.26356344600934
3.40783998414008
3.56623726632711
3.72867767752588
3.88387837044898
4.02062118515476
4.1290127692027
4.20156293427979
4.23393995491966
4.22531372995805
4.17826205639028
4.09828034666116
3.99298989668957
3.87117564754962
3.74179660990744
3.61310069206469
3.49194483722389
3.38337848463295
3.2905021525769
3.21457166681745
3.15528848791905
3.11120103660604
3.08014102797563
3.05963006106199
3.04721078488568
3.04067899452543
