-0.617008336890871
0.0850398769975818
0.225071464902392
-0.0733238307998312
0.500872975355167
-0.241228660239251
-0.050758220920625
0.196574702345931
-0.124394217311545
-0.325711355403872
-0.906298982700139
0.197978151318028
-0.0733237699942539
0.219577541770432
0.641457096876304
0.0693361083885584
-0.245249471612533
0.0735622301311551
-0.286663545639822
0.0483021893582285
2.70190297370567
3.10943521557334
-0.0442392915342706
0.050570847865705
0.0161732999911133
-0.399731495674442
-0.0738160022622774
0.493039230532623
-0.449178154470665
-0.212132693629108
0.33074584924676
-0.193427688121707
0.217763804800982
0.19177607101742
-0.269149092763945
0.461804057220026
0.0733761130612089
0.0661593584556923
-0.372397267176343
