               -133.17002868652343750000                  0.75000000000000000000                 -0.61700832843780517578                  1.36700832843780517578
               -117.17002868652343750000                  1.43750000000000000000                  0.08503987640142440796                  1.35246014595031738281
               -101.17002868652343750000                  1.56250000000000000000                  0.22507146000862121582                  1.33742856979370117188
                -85.17002868652343750000                  1.25000000000000000000                 -0.07332383096218109131                  1.32332384586334228516
                -69.17002868652343750000                  1.81250000000000000000                  0.50087296962738037109                  1.31162703037261962891
                -53.17002868652343750000                  1.06250000000000000000                 -0.24122865498065948486                  1.30372869968414306641
                -37.17002868652343750000                  1.25000000000000000000                 -0.05075822025537490845                  1.30075824260711669922
                -21.17002868652343750000                  1.50000000000000000000                  0.19657470285892486572                  1.30342531204223632812
                 -5.17002868652343750000                  1.18750000000000000000                 -0.12439421564340591431                  1.31189417839050292969
                 10.82997131347656250000                  1.00000000000000000000                 -0.32571136951446533203                  1.32571136951446533203
                 26.82997131347656250000                  0.43750000000000000000                 -0.90629899501800537109                  1.34379899501800537109
                 42.82997131347656250000                  1.56250000000000000000                  0.19797815382480621338                  1.36452186107635498047
                 58.82997131347656250000                  1.31250000000000000000                 -0.07332377135753631592                  1.38582372665405273438
                 74.82997131347656250000                  1.62500000000000000000                  0.21957753598690032959                  1.40542244911193847656
                 90.82997131347656250000                  2.06250000000000000000                  0.64145708084106445312                  1.42104291915893554688
                106.82997131347656250000                  1.50000000000000000000                  0.06933610886335372925                  1.43066394329071044922
                122.82997131347656250000                  1.18750000000000000000                 -0.24524946510791778564                  1.43274950981140136719
                138.82997131347656250000                  1.50000000000000000000                  0.07356222718954086304                  1.42643773555755615234
                154.82997131347656250000                  1.12500000000000000000                 -0.28666353225708007812                  1.41166353225708007812
                170.82997131347656250000                  1.43750000000000000000                  0.04830218851566314697                  1.38919782638549804688
                186.82997131347656250000                  4.06250000000000000000                  2.70190286636352539062                  1.36059701442718505859
                202.82997131347656250000                  4.43750000000000000000                  3.10943531990051269531                  1.32806479930877685547
                218.82997131347656250000                  1.25000000000000000000                 -0.04423929005861282349                  1.29423928260803222656
                234.82997131347656250000                  1.31250000000000000000                  0.05057084932923316956                  1.26192915439605712891
                250.82997131347656250000                  1.25000000000000000000                  0.01617329940199851990                  1.23382675647735595703
                266.82997131347656250000                  0.81250000000000000000                 -0.39973148703575134277                  1.21223151683807373047
                282.82997131347656250000                  1.12500000000000000000                 -0.07381600141525268555                  1.19881606101989746094
                298.82997131347656250000                  1.68750000000000000000                  0.49303922057151794434                  1.19446074962615966797
                314.82997131347656250000                  0.75000000000000000000                 -0.44917815923690795898                  1.19917809963226318359
                330.82997131347656250000                  1.00000000000000000000                 -0.21213269233703613281                  1.21213269233703613281
                346.82997131347656250000                  1.56250000000000000000                  0.33074584603309631348                  1.23175418376922607422
                362.82997131347656250000                  1.06250000000000000000                 -0.19342768192291259766                  1.25592768192291259766
                378.82997131347656250000                  1.50000000000000000000                  0.21776381134986877441                  1.28223621845245361328
                394.82997131347656250000                  1.50000000000000000000                  0.19177606701850891113                  1.30822396278381347656
                410.82997131347656250000                  1.06250000000000000000                 -0.26914909482002258301                  1.33164906501770019531
                426.82997131347656250000                  1.81250000000000000000                  0.46180406212806701660                  1.35069596767425537109
                442.82997131347656250000                  1.43750000000000000000                  0.07337611168622970581                  1.36412394046783447266
                458.82997131347656250000                  1.43750000000000000000                  0.06615936011075973511                  1.37134063243865966797
                474.82997131347656250000                  1.00000000000000000000                 -0.37239727377891540527                  1.37239730358123779297
