1.36700833689087
1.35246012300242
1.33742853509761
1.32332383079983
1.31162702464483
1.30372866023925
1.30075822092062
1.30342529765407
1.31189421731154
1.32571135540387
1.34379898270014
1.36452184868197
1.38582376999425
1.40542245822957
1.4210429031237
1.43066389161144
1.43274947161253
1.42643776986884
1.41166354563982
1.38919781064177
1.36059702629433
1.32806478442666
1.29423929153427
1.2619291521343
1.23382670000889
1.21223149567444
1.19881600226228
1.19446076946738
1.19917815447066
1.21213269362911
1.23175415075324
1.25592768812171
1.28223619519902
1.30822392898258
1.33164909276395
1.35069594277997
1.36412388693879
1.37134064154431
1.37239726717634
