-0.730070073303725
0.0743166247890839
-0.109322849419731
0.282466615546703
-0.000328589720976158
0.228711616220829
0.0924526088328943
-0.349664415143857
0.398621518675011
-0.291772903666798
-0.174883080199352
0.683206104711437
0.0297232376891072
-0.0745133943244429
-0.192443341941504
0.0517436359118806
0.0349689710215177
-0.490000541230073
-0.0824088732454256
0.13609223620782
2.66855987254226
3.39244123743825
0.121859594885425
0.357527737915737
-0.15070826104069
-0.341211975336462
-0.0278192552215812
-0.649563474785543
-0.332908631249136
0.295969659525172
-0.138673427317137
0.300400307318483
0.238376555457678
-0.0742183395231493
-0.0116692394719742
-0.0732384286285457
0.241683167432603
-0.00403696507064244
-0.310333574740656
