               -133.17002868652343750000                  0.93750000000000000000                 -0.73007005453109741211                  1.66757011413574218750
               -117.17002868652343750000                  1.75000000000000000000                  0.07431662827730178833                  1.67568337917327880859
               -101.17002868652343750000                  1.56250000000000000000                 -0.10932284593582153320                  1.67182290554046630859
                -85.17002868652343750000                  1.93750000000000000000                  0.28246662020683288574                  1.65503334999084472656
                -69.17002868652343750000                  1.62500000000000000000                 -0.00032858972554095089                  1.62532854080200195312
                -53.17002868652343750000                  1.81250000000000000000                  0.22871161997318267822                  1.58378839492797851562
                -37.17002868652343750000                  1.62500000000000000000                  0.09245260804891586304                  1.53254735469818115234
                -21.17002868652343750000                  1.12500000000000000000                 -0.34966441988945007324                  1.47466444969177246094
                 -5.17002868652343750000                  1.81250000000000000000                  0.39862152934074401855                  1.41387844085693359375
                 10.82997131347656250000                  1.06250000000000000000                 -0.29177290201187133789                  1.35427296161651611328
                 26.82997131347656250000                  1.12500000000000000000                 -0.17488308250904083252                  1.29988312721252441406
                 42.82997131347656250000                  1.93750000000000000000                  0.68320608139038085938                  1.25429391860961914062
                 58.82997131347656250000                  1.25000000000000000000                  0.02972323819994926453                  1.22027671337127685547
                 74.82997131347656250000                  1.12500000000000000000                 -0.07451339066028594971                  1.19951343536376953125
                 90.82997131347656250000                  1.00000000000000000000                 -0.19244334101676940918                  1.19244337081909179688
                106.82997131347656250000                  1.25000000000000000000                  0.05174363777041435242                  1.19825637340545654297
                122.82997131347656250000                  1.25000000000000000000                  0.03496897220611572266                  1.21503102779388427734
                138.82997131347656250000                  0.75000000000000000000                 -0.49000054597854614258                  1.24000048637390136719
                154.82997131347656250000                  1.18750000000000000000                 -0.08240887522697448730                  1.26990890502929687500
                170.82997131347656250000                  1.43750000000000000000                  0.13609223067760467529                  1.30140781402587890625
                186.82997131347656250000                  4.00000000000000000000                  2.66855978965759277344                  1.33144009113311767578
                202.82997131347656250000                  4.75000000000000000000                  3.39244127273559570312                  1.35755872726440429688
                218.82997131347656250000                  1.50000000000000000000                  0.12185959517955780029                  1.37814044952392578125
                234.82997131347656250000                  1.75000000000000000000                  0.35752773284912109375                  1.39247226715087890625
                250.82997131347656250000                  1.25000000000000000000                 -0.15070825815200805664                  1.40070831775665283203
                266.82997131347656250000                  1.06250000000000000000                 -0.34121197462081909180                  1.40371203422546386719
                282.82997131347656250000                  1.37500000000000000000                 -0.02781925536692142487                  1.40281927585601806641
                298.82997131347656250000                  0.75000000000000000000                 -0.64956349134445190430                  1.39956343173980712891
                314.82997131347656250000                  1.06250000000000000000                 -0.33290863037109375000                  1.39540863037109375000
                330.82997131347656250000                  1.68750000000000000000                  0.29596966505050659180                  1.39153039455413818359
                346.82997131347656250000                  1.25000000000000000000                 -0.13867342472076416016                  1.38867342472076416016
                362.82997131347656250000                  1.68750000000000000000                  0.30040031671524047852                  1.38709974288940429688
                378.82997131347656250000                  1.62500000000000000000                  0.23837655782699584961                  1.38662350177764892578
                394.82997131347656250000                  1.31250000000000000000                 -0.07421834021806716919                  1.38671839237213134766
                410.82997131347656250000                  1.37500000000000000000                 -0.01166923902928829193                  1.38666927814483642578
                426.82997131347656250000                  1.31250000000000000000                 -0.07323842495679855347                  1.38573837280273437500
                442.82997131347656250000                  1.62500000000000000000                  0.24168317019939422607                  1.38331687450408935547
                458.82997131347656250000                  1.37500000000000000000                 -0.00403696484863758087                  1.37903702259063720703
                474.82997131347656250000                  1.06250000000000000000                 -0.31033357977867126465                  1.37283360958099365234
