1.66757007330373
1.67568337521092
1.67182284941973
1.6550333844533
1.62532858972098
1.58378838377917
1.53254739116711
1.47466441514386
1.41387848132499
1.3542729036668
1.29988308019935
1.25429389528856
1.22027676231089
1.19951339432444
1.1924433419415
1.19825636408812
1.21503102897848
1.24000054123007
1.26990887324543
1.30140776379218
1.33144012745774
1.35755876256175
1.37814040511457
1.39247226208426
1.40070826104069
1.40371197533646
1.40281925522158
1.39956347478554
1.39540863124914
1.39153034047483
1.38867342731714
1.38709969268152
1.38662344454232
1.38671833952315
1.38666923947197
1.38573842862855
1.3833168325674
1.37903696507064
1.37283357474066
