-18.2335371693585
4.37118841487638
2.29729611439075
2.66594312505101
2.15142464195505
0.981909116368328
-0.558519321336057
0.310863066591295
1.93400007214389
-0.0900062086350459
0.784786772883379
-0.445555363663587
-1.08303262839934
-1.60277020083487
-2.65509393628793
-2.25696565324237
-1.29732099502438
1.45689640571135
-1.64513900804707
-0.0179732183646308
105.28207520134
122.618646592882
2.65200776597985
-2.6570722352668
0.0206832676848094
-2.9856449412318
-2.15354599094469
0.425451082731392
0.173974523632481
-2.65775536615106
-1.18081246329058
-0.93346121958038
0.301552406594162
-0.570878232560084
5.28666791870913
1.70255918449589
0.431115849598875
2.65197022780181
-4.96625236696142
