               -133.17002868652343750000                 29.18750000000000000000                -18.23353767395019531250                 47.42103576660156250000
               -117.17002868652343750000                 51.93750000000000000000                  4.37118864059448242188                 47.56631088256835937500
               -101.17002868652343750000                 49.93750000000000000000                  2.29729604721069335938                 47.64020538330078125000
                -85.17002868652343750000                 50.31250000000000000000                  2.66594314575195312500                 47.64655685424804687500
                -69.17002868652343750000                 49.75000000000000000000                  2.15142464637756347656                 47.59857559204101562500
                -53.17002868652343750000                 48.50000000000000000000                  0.98190909624099731445                 47.51808929443359375000
                -37.17002868652343750000                 46.87500000000000000000                 -0.55851930379867553711                 47.43351745605468750000
                -21.17002868652343750000                 47.68750000000000000000                  0.31086307764053344727                 47.37663650512695312500
                 -5.17002868652343750000                 49.31250000000000000000                  1.93400001525878906250                 47.37849807739257812500
                 10.82997131347656250000                 47.37500000000000000000                 -0.09000620990991592407                 47.46500778198242187500
                 26.82997131347656250000                 48.43750000000000000000                  0.78478676080703735352                 47.65271377563476562500
                 42.82997131347656250000                 47.50000000000000000000                 -0.44555535912513732910                 47.94555664062500000000
                 58.82997131347656250000                 47.25000000000000000000                 -1.08303260803222656250                 48.33303451538085937500
                 74.82997131347656250000                 47.18750000000000000000                 -1.60277020931243896484                 48.79027175903320312500
                 90.82997131347656250000                 46.62500000000000000000                 -2.65509390830993652344                 49.28009414672851562500
                106.82997131347656250000                 47.50000000000000000000                 -2.25696563720703125000                 49.75696563720703125000
                122.82997131347656250000                 48.87500000000000000000                 -1.29732096195220947266                 50.17232131958007812500
                138.82997131347656250000                 51.93750000000000000000                  1.45689642429351806641                 50.48060226440429687500
                154.82997131347656250000                 49.00000000000000000000                 -1.64513897895812988281                 50.64513778686523437500
                170.82997131347656250000                 50.62500000000000000000                 -0.01797321811318397522                 50.64297485351562500000
                186.82997131347656250000                155.75000000000000000000                105.28207397460937500000                 50.46792602539062500000
                202.82997131347656250000                172.75000000000000000000                122.61864471435546875000                 50.13135528564453125000
                218.82997131347656250000                 52.31250000000000000000                  2.65200781822204589844                 49.66049194335937500000
                234.82997131347656250000                 46.43750000000000000000                 -2.65707230567932128906                 49.09457397460937500000
                250.82997131347656250000                 48.50000000000000000000                  0.02068326808512210846                 48.47931671142578125000
                266.82997131347656250000                 44.87500000000000000000                 -2.98564505577087402344                 47.86064529418945312500
                282.82997131347656250000                 45.12500000000000000000                 -2.15354609489440917969                 47.27854537963867187500
                298.82997131347656250000                 47.18750000000000000000                  0.42545107007026672363                 46.76205062866210937500
                314.82997131347656250000                 46.50000000000000000000                  0.17397452890872955322                 46.32602691650390625000
                330.82997131347656250000                 43.31250000000000000000                 -2.65775537490844726562                 45.97025680541992187500
                346.82997131347656250000                 44.50000000000000000000                 -1.18081247806549072266                 45.68081283569335937500
                362.82997131347656250000                 44.50000000000000000000                 -0.93346124887466430664                 45.43346023559570312500
                378.82997131347656250000                 45.50000000000000000000                  0.30155241489410400391                 45.19844818115234375000
                394.82997131347656250000                 44.37500000000000000000                 -0.57087820768356323242                 44.94587707519531250000
                410.82997131347656250000                 49.93750000000000000000                  5.28666782379150390625                 44.65083312988281250000
                426.82997131347656250000                 46.00000000000000000000                  1.70255923271179199219                 44.29743957519531250000
                442.82997131347656250000                 44.31250000000000000000                  0.43111583590507507324                 43.88138580322265625000
                458.82997131347656250000                 46.06250000000000000000                  2.65197014808654785156                 43.41053009033203125000
                474.82997131347656250000                 37.93750000000000000000                 -4.96625232696533203125                 42.90375137329101562500
