9.64684572050592
9.77881323756537
9.92254066049762
10.0722466177674
10.2213960450157
10.3631293231204
10.4907448381013
10.5981922661101
10.6805309443977
10.7343097420419
10.7578316899159
10.7512774557178
10.7166752723283
10.6577195894997
10.5794549137934
10.4878535803179
10.3893254266285
10.2902027830716
10.1962455507921
10.1122084978731
10.0415066795818
9.98613118851032
9.94595258231372
9.92004953547942
9.90566242353281
9.89914134018176
9.89622287884636
9.89247543836647
9.88374549290848
9.86656296277586
9.83846815848564
9.79823090352907
9.74594363339916
9.68298337511365
9.61185109153507
9.53590936294883
9.45904929634602
9.38532372558046
9.31858550260963
