-3.95934572050592
0.346186762434629
-0.172540660497615
-0.134746617767368
1.09110395498428
-1.36312932312035
0.134255161898654
0.0268077338899371
3.31946905560231
-0.734309742041923
0.179668310084132
0.373722544282158
-0.154175272328287
-1.15771958949969
0.23304508620658
-0.0503535803178821
0.42317457337152
-1.29020278307156
-0.133745550792087
0.575291502126868
63.8959933204182
86.3888688114897
8.30404741768628
0.829950464520575
0.656837576467188
-1.08664134018176
-1.27122287884636
0.232524561633529
-0.133745492908485
-0.0540629627758644
1.59903184151436
-0.735730903529069
0.0665563666008371
0.754516624886355
1.88814890846493
-0.910909362948827
-0.209049296346024
0.177176274419535
-1.88108550260963
