               -133.17002868652343750000                  5.68750000000000000000                 -3.95934581756591796875                  9.64684581756591796875
               -117.17002868652343750000                 10.12500000000000000000                  0.34618675708770751953                  9.77881336212158203125
               -101.17002868652343750000                  9.75000000000000000000                 -0.17254066467285156250                  9.92254066467285156250
                -85.17002868652343750000                  9.93750000000000000000                 -0.13474661111831665039                 10.07224655151367187500
                -69.17002868652343750000                 11.31250000000000000000                  1.09110391139984130859                 10.22139644622802734375
                -53.17002868652343750000                  9.00000000000000000000                 -1.36312937736511230469                 10.36312961578369140625
                -37.17002868652343750000                 10.62500000000000000000                  0.13425515592098236084                 10.49074459075927734375
                -21.17002868652343750000                 10.62500000000000000000                  0.02680773474276065826                 10.59819221496582031250
                 -5.17002868652343750000                 14.00000000000000000000                  3.31946897506713867188                 10.68053054809570312500
                 10.82997131347656250000                 10.00000000000000000000                 -0.73430973291397094727                 10.73431015014648437500
                 26.82997131347656250000                 10.93750000000000000000                  0.17966830730438232422                 10.75783157348632812500
                 42.82997131347656250000                 11.12500000000000000000                  0.37372255325317382812                 10.75127792358398437500
                 58.82997131347656250000                 10.56250000000000000000                 -0.15417526662349700928                 10.71667480468750000000
                 74.82997131347656250000                  9.50000000000000000000                 -1.15771961212158203125                 10.65771961212158203125
                 90.82997131347656250000                 10.81250000000000000000                  0.23304508626461029053                 10.57945537567138671875
                106.82997131347656250000                 10.43750000000000000000                 -0.05035357922315597534                 10.48785400390625000000
                122.82997131347656250000                 10.81250000000000000000                  0.42317456007003784180                 10.38932514190673828125
                138.82997131347656250000                  9.00000000000000000000                 -1.29020273685455322266                 10.29020309448242187500
                154.82997131347656250000                 10.06250000000000000000                 -0.13374555110931396484                 10.19624519348144531250
                170.82997131347656250000                 10.68750000000000000000                  0.57529151439666748047                 10.11220836639404296875
                186.82997131347656250000                 73.93750000000000000000                 63.89599227905273437500                 10.04150676727294921875
                202.82997131347656250000                 96.37500000000000000000                 86.38887023925781250000                  9.98613071441650390625
                218.82997131347656250000                 18.25000000000000000000                  8.30404758453369140625                  9.94595241546630859375
                234.82997131347656250000                 10.75000000000000000000                  0.82995045185089111328                  9.92004966735839843750
                250.82997131347656250000                 10.56250000000000000000                  0.65683758258819580078                  9.90566253662109375000
                266.82997131347656250000                  8.81250000000000000000                 -1.08664131164550781250                  9.89914131164550781250
                282.82997131347656250000                  8.62500000000000000000                 -1.27122282981872558594                  9.89622306823730468750
                298.82997131347656250000                 10.12500000000000000000                  0.23252455890178680420                  9.89247512817382812500
                314.82997131347656250000                  9.75000000000000000000                 -0.13374549150466918945                  9.88374519348144531250
                330.82997131347656250000                  9.81250000000000000000                 -0.05406296253204345703                  9.86656284332275390625
                346.82997131347656250000                 11.43750000000000000000                  1.59903180599212646484                  9.83846855163574218750
                362.82997131347656250000                  9.06250000000000000000                 -0.73573088645935058594                  9.79823112487792968750
                378.82997131347656250000                  9.81250000000000000000                  0.06655636429786682129                  9.74594402313232421875
                394.82997131347656250000                 10.43750000000000000000                  0.75451660156250000000                  9.68298339843750000000
                410.82997131347656250000                 11.50000000000000000000                  1.88814890384674072266                  9.61185073852539062500
                426.82997131347656250000                  8.62500000000000000000                 -0.91090935468673706055                  9.53590965270996093750
                442.82997131347656250000                  9.25000000000000000000                 -0.20904929935932159424                  9.45904922485351562500
                458.82997131347656250000                  9.56250000000000000000                  0.17717628180980682373                  9.38532352447509765625
                474.82997131347656250000                  7.43750000000000000000                 -1.88108551502227783203                  9.31858539581298828125
