7.81778234757137
8.42494595979256
9.02371956174987
9.58175338041973
10.0713543794292
10.4725409785199
10.7752474069074
10.9803079811202
11.099008028188
11.1511946775973
11.1621663342874
11.1587664539765
11.1652571017813
11.1996096076573
11.2708061926417
11.3775988985356
11.5089413257954
11.6460323339365
11.7656373221821
11.8441319266204
11.8615866809592
11.805204333292
11.6715367736163
11.4671252942691
11.2074860321051
10.9146501045293
10.613711973945
10.3289960043997
10.0804938462032
9.88115055581124
9.73540407317984
9.63914751450455
9.58103310042945
9.54481689042855
9.51229225187075
9.46629889446348
9.39332644906388
9.28534248624768
9.14063698618834
