               -133.17002868652343750000                  0.75000000000000000000                 -0.82366561889648437500                  1.57366561889648437500
               -117.17002868652343750000                  1.62500000000000000000                  0.05533285811543464661                  1.56966710090637207031
               -101.17002868652343750000                  1.62500000000000000000                  0.06415924429893493652                  1.56084072589874267578
                -85.17002868652343750000                  1.56250000000000000000                  0.01478799153119325638                  1.54771196842193603516
                -69.17002868652343750000                  2.43750000000000000000                  0.90632200241088867188                  1.53117799758911132812
                -53.17002868652343750000                  1.62500000000000000000                  0.11256785690784454346                  1.51243209838867187500
                -37.17002868652343750000                  1.43750000000000000000                 -0.05535138025879859924                  1.49285137653350830078
                -21.17002868652343750000                  1.31250000000000000000                 -0.16135807335376739502                  1.47385811805725097656
                 -5.17002868652343750000                  1.31250000000000000000                 -0.14427503943443298340                  1.45677506923675537109
                 10.82997131347656250000                  1.81250000000000000000                  0.36980739235877990723                  1.44269263744354248047
                 26.82997131347656250000                  1.12500000000000000000                 -0.30736616253852844238                  1.43236613273620605469
                 42.82997131347656250000                  2.06250000000000000000                  0.63634186983108520508                  1.42615807056427001953
                 58.82997131347656250000                  1.12500000000000000000                 -0.29903191328048706055                  1.42403185367584228516
                 74.82997131347656250000                  1.62500000000000000000                  0.19940294325351715088                  1.42559707164764404297
                 90.82997131347656250000                  1.37500000000000000000                 -0.05519693344831466675                  1.43019688129425048828
                106.82997131347656250000                  1.43750000000000000000                  0.00047661652206443250                  1.43702340126037597656
                122.82997131347656250000                  1.43750000000000000000                 -0.00773874716833233833                  1.44523870944976806641
                138.82997131347656250000                  1.25000000000000000000                 -0.20408466458320617676                  1.45408463478088378906
                154.82997131347656250000                  1.68750000000000000000                  0.22454003989696502686                  1.46296000480651855469
                170.82997131347656250000                  1.43750000000000000000                 -0.03395595028996467590                  1.47145593166351318359
                186.82997131347656250000                  3.87500000000000000000                  2.39565467834472656250                  1.47934520244598388672
                202.82997131347656250000                  2.68750000000000000000                  1.20097064971923828125                  1.48652935028076171875
                218.82997131347656250000                  1.43750000000000000000                 -0.05545816943049430847                  1.49295818805694580078
                234.82997131347656250000                  1.25000000000000000000                 -0.24853897094726562500                  1.49853897094726562500
                250.82997131347656250000                  0.93750000000000000000                 -0.56555652618408203125                  1.50305652618408203125
                266.82997131347656250000                  0.81250000000000000000                 -0.69362175464630126953                  1.50612175464630126953
                282.82997131347656250000                  1.56250000000000000000                  0.05533677712082862854                  1.50716316699981689453
                298.82997131347656250000                  1.06250000000000000000                 -0.44296538829803466797                  1.50546538829803466797
                314.82997131347656250000                  1.62500000000000000000                  0.12474851310253143311                  1.50025153160095214844
                330.82997131347656250000                  1.43750000000000000000                 -0.05329736694693565369                  1.49079740047454833984
                346.82997131347656250000                  1.62500000000000000000                  0.14844122529029846191                  1.47655880451202392578
                362.82997131347656250000                  1.43750000000000000000                 -0.01979014649987220764                  1.45729017257690429688
                378.82997131347656250000                  1.81250000000000000000                  0.37936562299728393555                  1.43313443660736083984
                394.82997131347656250000                  0.87500000000000000000                 -0.52966749668121337891                  1.40466749668121337891
                410.82997131347656250000                  1.68750000000000000000                  0.31461101770401000977                  1.37288892269134521484
                426.82997131347656250000                  1.06250000000000000000                 -0.27665758132934570312                  1.33915758132934570312
                442.82997131347656250000                  1.25000000000000000000                 -0.05508029460906982422                  1.30508029460906982422
                458.82997131347656250000                  1.37500000000000000000                  0.10263044387102127075                  1.27236950397491455078
                474.82997131347656250000                  1.00000000000000000000                 -0.24268761277198791504                  1.24268758296966552734
