1.57366561337094
1.56966714352799
1.56084075236834
1.54771200847216
1.53117797518282
1.51243214250276
1.49285137977926
1.47385807636194
1.45677504440216
1.44269261290131
1.43236615803436
1.42615811822932
1.42403190246476
1.42559705515809
1.43019693232456
1.43702338347126
1.44523874728273
1.4540846605962
1.46295996615109
1.47145595167915
1.47934523484143
1.48652937852919
1.49295817103933
1.49853896604754
1.503056500351
1.50612177691789
1.50716322416001
1.50546540152974
1.5002514900857
1.49079736679693
1.47655877806155
1.45729014704915
1.43313438218864
1.40466749152382
1.37288898089793
1.33915758331366
1.30508029615582
1.27236955879501
1.24268761604486
