               -133.17002868652343750000                  0.37500000000000000000                 -0.48154169321060180664                  0.85654169321060180664
               -117.17002868652343750000                  0.62500000000000000000                 -0.25281208753585815430                  0.87781208753585815430
               -101.17002868652343750000                  1.12500000000000000000                  0.22457242012023925781                  0.90042757987976074219
                -85.17002868652343750000                  0.62500000000000000000                 -0.29809620976448059082                  0.92309623956680297852
                -69.17002868652343750000                  1.00000000000000000000                  0.05544734746217727661                  0.94455265998840332031
                -53.17002868652343750000                  0.93750000000000000000                 -0.02618415467441082001                  0.96368414163589477539
                -37.17002868652343750000                  1.18750000000000000000                  0.20785565674304962158                  0.97964435815811157227
                -21.17002868652343750000                  1.00000000000000000000                  0.00806028675287961960                  0.99193972349166870117
                 -5.17002868652343750000                  1.25000000000000000000                  0.24952302873134613037                  1.00047695636749267578
                 10.82997131347656250000                  1.18750000000000000000                  0.18193589150905609131                  1.00556409358978271484
                 26.82997131347656250000                  1.00000000000000000000                 -0.00786389037966728210                  1.00786387920379638672
                 42.82997131347656250000                  0.93750000000000000000                 -0.07080543041229248047                  1.00830543041229248047
                 58.82997131347656250000                  0.93750000000000000000                 -0.07046452909708023071                  1.00796449184417724609
                 74.82997131347656250000                  1.31250000000000000000                  0.30457147955894470215                  1.00792849063873291016
                 90.82997131347656250000                  0.93750000000000000000                 -0.07166292518377304077                  1.00916290283203125000
                106.82997131347656250000                  1.12500000000000000000                  0.11260305345058441162                  1.01239693164825439453
                122.82997131347656250000                  0.81250000000000000000                 -0.20554196834564208984                  1.01804196834564208984
                138.82997131347656250000                  1.00000000000000000000                 -0.02615225501358509064                  1.02615225315093994141
                154.82997131347656250000                  0.93750000000000000000                 -0.09893108159303665161                  1.03643107414245605469
                170.82997131347656250000                  1.06250000000000000000                  0.01422069966793060303                  1.04827928543090820312
                186.82997131347656250000                  1.62500000000000000000                  0.56412231922149658203                  1.06087768077850341797
                202.82997131347656250000                  1.75000000000000000000                  0.67670917510986328125                  1.07329082489013671875
                218.82997131347656250000                  1.06250000000000000000                 -0.02207741700112819672                  1.08457744121551513672
                234.82997131347656250000                  1.37500000000000000000                  0.28110599517822265625                  1.09389400482177734375
                250.82997131347656250000                  1.12500000000000000000                  0.02442126162350177765                  1.10057878494262695312
                266.82997131347656250000                  1.00000000000000000000                 -0.10420784354209899902                  1.10420787334442138672
                282.82997131347656250000                  0.93750000000000000000                 -0.16712054610252380371                  1.10462057590484619141
                298.82997131347656250000                  1.18750000000000000000                  0.08558697998523712158                  1.10191297531127929688
                314.82997131347656250000                  1.62500000000000000000                  0.52859419584274291992                  1.09640586376190185547
                330.82997131347656250000                  1.06250000000000000000                 -0.02609185315668582916                  1.08859181404113769531
                346.82997131347656250000                  0.87500000000000000000                 -0.20407347381114959717                  1.07907342910766601562
                362.82997131347656250000                  1.06250000000000000000                 -0.00599716370925307274                  1.06849718093872070312
                378.82997131347656250000                  1.06250000000000000000                  0.00500662392005324364                  1.05749332904815673828
                394.82997131347656250000                  1.37500000000000000000                  0.32837301492691040039                  1.04662704467773437500
                410.82997131347656250000                  1.06250000000000000000                  0.02613800205290317535                  1.03636205196380615234
                426.82997131347656250000                  0.87500000000000000000                 -0.15204131603240966797                  1.02704131603240966797
                442.82997131347656250000                  1.00000000000000000000                 -0.01888125017285346985                  1.01888120174407958984
                458.82997131347656250000                  0.87500000000000000000                 -0.13697825372219085693                  1.01197826862335205078
                474.82997131347656250000                  1.06250000000000000000                  0.05617506429553031921                  1.00632488727569580078
