0.85654169877216
0.877812102178361
0.900427578896281
0.923096217439797
0.944552653307436
0.963684154629188
0.979644343846992
0.991939713251387
1.00047697820603
1.00556410377572
1.00786389081843
1.00830542830724
1.00796452555404
1.007928519094
1.00916292459577
1.01239694827496
1.0180419710727
1.02615225470132
1.03643108272633
1.04827930030385
1.06087770968303
1.07329080755882
1.08457741656504
1.09389400971391
1.10057873818032
1.10420784039067
1.10462054281403
1.1019130214859
1.09640582129853
1.08859185296157
1.07907346867753
1.06849716393227
1.05749337609826
1.04662699802608
1.03636199749759
1.02704130984599
1.01888124994698
1.01197825920411
1.00632493624713
