               -133.17002868652343750000                 20.25000000000000000000                -12.80768299102783203125                 33.05768203735351562500
               -117.17002868652343750000                 32.18750000000000000000                 -1.03072392940521240234                 33.21822357177734375000
               -101.17002868652343750000                 33.81250000000000000000                  0.40960958600044250488                 33.40288925170898437500
                -85.17002868652343750000                 34.87500000000000000000                  1.26166021823883056641                 33.61333847045898437500
                -69.17002868652343750000                 33.62500000000000000000                 -0.22265985608100891113                 33.84766006469726562500
                -53.17002868652343750000                 33.68750000000000000000                 -0.41220024228096008301                 34.09970092773437500000
                -37.17002868652343750000                 33.18750000000000000000                 -1.17135941982269287109                 34.35886001586914062500
                -21.17002868652343750000                 34.12500000000000000000                 -0.48543098568916320801                 34.61043167114257812500
                 -5.17002868652343750000                 40.18750000000000000000                  5.35095882415771484375                 34.83654022216796875000
                 10.82997131347656250000                 31.12500000000000000000                 -3.89262890815734863281                 35.01762771606445312500
                 26.82997131347656250000                 33.62500000000000000000                 -1.50932586193084716797                 35.13432693481445312500
                 42.82997131347656250000                 36.81250000000000000000                  1.64296770095825195312                 35.16953277587890625000
                 58.82997131347656250000                 36.06250000000000000000                  0.95207697153091430664                 35.11042404174804687500
                 74.82997131347656250000                 36.12500000000000000000                  1.17488372325897216797                 34.95011520385742187500
                 90.82997131347656250000                 36.62500000000000000000                  1.93624019622802734375                 34.68875885009765625000
                106.82997131347656250000                 34.87500000000000000000                  0.54114043712615966797                 34.33385848999023437500
                122.82997131347656250000                 34.31250000000000000000                  0.41273081302642822266                 33.89976882934570312500
                138.82997131347656250000                 32.31250000000000000000                 -1.09387445449829101562                 33.40637588500976562500
                154.82997131347656250000                 30.06250000000000000000                 -2.81461620330810546875                 32.87711715698242187500
                170.82997131347656250000                 33.18750000000000000000                  0.85091090202331542969                 32.33658981323242187500
                186.82997131347656250000                 93.25000000000000000000                 61.44198226928710937500                 31.80801773071289062500
                202.82997131347656250000                120.06250000000000000000                 88.75115966796875000000                 31.31133842468261718750
                218.82997131347656250000                 42.31250000000000000000                 11.45319938659667968750                 30.85930061340332031250
                234.82997131347656250000                 30.43750000000000000000                 -0.02294310927391052246                 30.46044349670410156250
                250.82997131347656250000                 30.93750000000000000000                  0.82279753684997558594                 30.11470222473144531250
                266.82997131347656250000                 29.25000000000000000000                 -0.56603807210922241211                 29.81603813171386718750
                282.82997131347656250000                 29.18750000000000000000                 -0.36585587263107299805                 29.55335617065429687500
                298.82997131347656250000                 31.93750000000000000000                  2.62508511543273925781                 29.31241416931152343750
                314.82997131347656250000                 27.68750000000000000000                 -1.39054489135742187500                 29.07804489135742187500
                330.82997131347656250000                 29.25000000000000000000                  0.41361454129219055176                 28.83638572692871093750
                346.82997131347656250000                 29.25000000000000000000                  0.67313432693481445312                 28.57686614990234375000
                362.82997131347656250000                 29.00000000000000000000                  0.70631086826324462891                 28.29368972778320312500
                378.82997131347656250000                 26.31250000000000000000                 -1.67416286468505859375                 27.98666381835937500000
                394.82997131347656250000                 27.25000000000000000000                 -0.41129812598228454590                 27.66129875183105468750
                410.82997131347656250000                 28.37500000000000000000                  1.04679298400878906250                 27.32820701599121093750
                426.82997131347656250000                 26.87500000000000000000                 -0.12690368294715881348                 27.00190353393554687500
                442.82997131347656250000                 26.43750000000000000000                 -0.26168426871299743652                 26.69918441772460937500
                458.82997131347656250000                 25.81250000000000000000                 -0.62480139732360839844                 26.43730163574218750000
                474.82997131347656250000                 21.00000000000000000000                 -5.23215627670288085938                 26.23215675354003906250
