30.2859118226271
31.173215982965
32.0408832573372
32.8532878320952
33.5793144276353
34.1948634575127
34.6845927614603
35.0426831775544
35.2725423781756
35.3855038329612
35.3987140912722
35.3325107370376
35.2076580845682
35.0428173903121
34.8525811139738
34.6463038286281
34.4278312816287
34.1960853100633
33.9463297634387
33.671843652192
33.365679210771
33.0221924225984
32.6380992165159
32.2129190078498
31.7487972937431
31.2498251060493
30.7210704560307
30.1675863833085
29.5936524875467
29.0024442938668
28.3962212497548
27.7770018103808
27.1475789169152
26.5126453780634
25.879763478409
25.2599333524311
24.6675854297781
24.1199284487216
23.6357042852129
