2.61507658428342
2.65939992407381
2.69830799134445
2.72961728097247
2.75203637279439
2.7653522910173
2.77048005589057
2.76935716691076
2.76468746466684
2.75956282231483
2.75701234746087
2.75954332289295
2.76874299544291
2.78500410831404
2.8074202570597
2.83387215331472
2.86129667734959
2.88610202883266
2.90466917245827
2.91386605049649
2.91149900564756
2.89663579698272
2.86975470914117
2.83270105769023
2.78846135243892
2.74079176329688
2.69375723960058
2.65124787343214
2.6165387941831
2.59194974640797
2.57864278694835
2.57657453536192
2.58459682818619
2.60067992913841
2.62221831867264
2.64637207289904
2.67039722148209
2.69192535310051
2.70916432898162
