-0.927576584283419
-0.0968999240738122
0.426692008655546
-0.167117280972472
-1.12703637279439
0.359647708982704
0.16701994410943
0.293142833089244
-0.38968746466684
0.42793717768517
-0.257012347460866
0.36545667710705
-1.08124299544291
-0.472504108314037
-0.432420257059699
0.166127846685276
0.326203322650409
-0.636102028832656
0.657830827541731
-0.60136605049649
6.83850099435244
7.04086420301728
0.0677452908588272
0.167298942309766
-0.288461352438919
-0.178291763296884
-0.00625723960057822
0.28625212656786
0.00846120581690002
-0.279449746407969
0.0463572130516523
0.173425464638075
-0.209596828186189
0.0243200708615898
0.00278168132736445
0.166127927100962
-0.107897221482087
0.183074646899492
-0.521664328981625
