5.87703248891293
5.89314139082261
5.89736904190206
5.88832163392208
5.86558254562504
5.82987347432592
5.78311338781035
5.72835614846458
5.66960070251795
5.61148307555957
5.55887513319996
5.51642894018645
5.48811541367651
5.47681004240062
5.48397567941567
5.5094827205219
5.55159132693399
5.6071007077927
5.67164955705377
5.74013259019209
5.80718364111721
5.86764478086291
5.91712867646733
5.95213430523558
5.97050201007933
5.97137400291914
5.95515716531876
5.92334698529387
5.8782713616822
5.8227956930616
5.76002986017906
5.69307084600992
5.62480366002838
5.55777035699709
5.49410473835923
5.43552084552903
5.38333787155199
5.33852296627083
5.30173603852811
