-2.50203248891293
-0.0806413908226054
0.165130958097941
0.674178366077924
-0.365582545625038
0.170126525674077
0.279386612189653
-0.103356148464582
0.0803992974820531
-0.361483075559571
0.753624866800044
0.233571059813555
0.0743845863234869
-0.289310042400623
-0.54647567941567
-0.00948272052189925
-0.801591326933986
0.0803992922073045
0.0158504429462338
-0.677632590192089
80.5678163588828
106.382355219137
7.70787132353267
0.297865694764422
0.654497989920674
0.716125997080858
-0.0801571653187638
-0.360846985293872
-0.253271361682196
-0.447795693061605
-0.0100298601790643
0.681929153990085
0.0626963399716214
1.37972964300291
-0.619104738359234
0.939479154470971
1.11666212844801
-0.401022966270828
-1.98923603852811
