               -133.17002868652343750000                  3.37500000000000000000                 -2.50203251838684082031                  5.87703227996826171875
               -117.17002868652343750000                  5.81250000000000000000                 -0.08064138889312744141                  5.89314126968383789062
               -101.17002868652343750000                  6.06250000000000000000                  0.16513095796108245850                  5.89736890792846679688
                -85.17002868652343750000                  6.56250000000000000000                  0.67417836189270019531                  5.88832139968872070312
                -69.17002868652343750000                  5.50000000000000000000                 -0.36558255553245544434                  5.86558246612548828125
                -53.17002868652343750000                  6.00000000000000000000                  0.17012652754783630371                  5.82987356185913085938
                -37.17002868652343750000                  6.06250000000000000000                  0.27938660979270935059                  5.78311347961425781250
                -21.17002868652343750000                  5.62500000000000000000                 -0.10335614532232284546                  5.72835636138916015625
                 -5.17002868652343750000                  5.75000000000000000000                  0.08039929717779159546                  5.66960048675537109375
                 10.82997131347656250000                  5.25000000000000000000                 -0.36148306727409362793                  5.61148309707641601562
                 26.82997131347656250000                  6.31250000000000000000                  0.75362485647201538086                  5.55887508392333984375
                 42.82997131347656250000                  5.75000000000000000000                  0.23357105255126953125                  5.51642894744873046875
                 58.82997131347656250000                  5.56250000000000000000                  0.07438458502292633057                  5.48811531066894531250
                 74.82997131347656250000                  5.18750000000000000000                 -0.28931003808975219727                  5.47680997848510742188
                 90.82997131347656250000                  4.93750000000000000000                 -0.54647570848464965820                  5.48397588729858398438
                106.82997131347656250000                  5.50000000000000000000                 -0.00948272086679935455                  5.50948286056518554688
                122.82997131347656250000                  4.75000000000000000000                 -0.80159133672714233398                  5.55159139633178710938
                138.82997131347656250000                  5.68750000000000000000                  0.08039928972721099854                  5.60710048675537109375
                154.82997131347656250000                  5.68750000000000000000                  0.01585044339299201965                  5.67164945602416992188
                170.82997131347656250000                  5.06250000000000000000                 -0.67763257026672363281                  5.74013280868530273438
                186.82997131347656250000                 86.37500000000000000000                 80.56781768798828125000                  5.80718374252319335938
                202.82997131347656250000                112.25000000000000000000                106.38235473632812500000                  5.86764478683471679688
                218.82997131347656250000                 13.62500000000000000000                  7.70787143707275390625                  5.91712856292724609375
                234.82997131347656250000                  6.25000000000000000000                  0.29786568880081176758                  5.95213413238525390625
                250.82997131347656250000                  6.62500000000000000000                  0.65449798107147216797                  5.97050189971923828125
                266.82997131347656250000                  6.68750000000000000000                  0.71612602472305297852                  5.97137403488159179688
                282.82997131347656250000                  5.87500000000000000000                 -0.08015716820955276489                  5.95515727996826171875
                298.82997131347656250000                  5.56250000000000000000                 -0.36084699630737304688                  5.92334699630737304688
                314.82997131347656250000                  5.62500000000000000000                 -0.25327137112617492676                  5.87827157974243164062
                330.82997131347656250000                  5.37500000000000000000                 -0.44779568910598754883                  5.82279586791992187500
                346.82997131347656250000                  5.75000000000000000000                 -0.01002985984086990356                  5.76002979278564453125
                362.82997131347656250000                  6.37500000000000000000                  0.68192917108535766602                  5.69307088851928710938
                378.82997131347656250000                  5.68750000000000000000                  0.06269633769989013672                  5.62480354309082031250
                394.82997131347656250000                  6.93750000000000000000                  1.37972962856292724609                  5.55777025222778320312
                410.82997131347656250000                  4.87500000000000000000                 -0.61910474300384521484                  5.49410486221313476562
                426.82997131347656250000                  6.37500000000000000000                  0.93947917222976684570                  5.43552064895629882812
                442.82997131347656250000                  6.50000000000000000000                  1.11666214466094970703                  5.38333797454833984375
                458.82997131347656250000                  4.93750000000000000000                 -0.40102297067642211914                  5.33852291107177734375
                474.82997131347656250000                  3.31250000000000000000                 -1.98923599720001220703                  5.30173587799072265625
