5.11902537046744
4.96709370417001
4.80101899696966
4.62708456109916
4.45428707701716
4.29428948917711
4.16104698496489
4.07005908706593
4.03724321851682
4.0774798781472
4.20294024170395
4.42136419955913
4.73449961607834
5.13693137521076
5.61551361921056
6.14956731924534
6.71192101740238
7.27076494906828
7.79217310304343
8.24304267555954
8.594124338613
8.82278459306954
8.91516116995889
8.86744311824885
8.68611896101276
8.38717176495637
7.99433753323295
7.53666116833298
7.04566438801748
6.55247151131289
6.0852198328287
5.66701790427509
5.31462084628122
5.03788411406416
4.83995365658594
4.71806610209752
4.66477738606745
4.66941592935625
4.71956504204675
