25.8168468806015
25.7692770968253
25.7095667590992
25.6439329509732
25.5791245819007
25.5217779225814
25.4777383160868
25.4514233362455
25.4453034027635
25.4595666596586
25.4920162265652
25.5382215961105
25.5919150911733
25.6455929398997
25.6912530853461
25.7211824793429
25.7286985604979
25.7087546310174
25.6583367801315
25.5766086934803
25.4647961699874
25.3258096031284
25.1638802702273
24.9836530726003
24.7899015942406
24.5868847692487
24.3780581157205
24.165965144416
23.9523424420585
23.7384046390503
23.5252451641095
23.3142698834554
23.1075764801532
22.9082032136449
22.7201943215637
22.5484613899529
22.3984547755012
22.2756906010406
22.1852017863415
