22.6762276586999
23.5507031514525
24.4002418728893
25.1814562986452
25.857856556948
26.403787354335
26.8072002491868
27.0708080214123
27.2113737021055
27.2571493855496
27.2437596503717
27.2090749077054
27.1877962962406
27.2065409348625
27.2801570010091
27.4098168642843
27.5831605438454
27.7764367651052
27.958271092248
28.0944362657541
28.1528543281391
28.1080487405391
27.9443876395139
27.6576914824792
27.255074145853
26.7531896328501
26.1753109312923
25.5478288732018
24.8968028203047
24.245121456329
23.6106636093535
23.0056254822566
22.4369493200007
21.9075943241867
21.4182670786831
20.9691921974498
20.5615517702548
20.1983354511761
19.8844919299867
