7.31060318111086
7.92132356964255
8.51986154211102
9.07512036085675
9.56128494524125
9.96055637465773
10.2650405656857
10.4775050525676
10.6108529719125
10.6863285638836
10.7306412949752
10.7723510668935
10.8379710615434
10.9482986951594
11.1154682185398
11.3411303532187
11.616015621377
11.9209491963546
12.2291836845053
12.5097325892941
12.7312495434504
12.8659280447207
12.8929040034424
12.8007268110219
12.5886093498465
12.2663490222898
11.8530006799995
11.3745484397726
10.8609421703214
10.3429206673941
9.84903345152956
9.40320432657058
9.02306899335087
8.71918803134576
8.49510815180595
8.34813818668829
8.2706349006993
8.25156277479445
8.27809930701509
