-0.753315836488001
0.416496159916877
-0.285914228924414
0.515737474711624
0.00982894853323502
-0.0533201186654217
-0.174042839435461
0.0841572262805557
0.532177372170305
0.167975602164684
-0.198195025210606
-0.318504639148391
0.367745548602055
0.421883739801634
-0.28144392248612
-0.241688732419965
-0.20743629615174
-0.0515642944573573
-0.084001432555582
-0.0520512165570977
3.04676696209858
3.71441041556096
0.202085328688701
0.26013153476726
-0.799465552203458
0.0845579152659615
-0.277027610736035
-0.261161691422157
-0.119702582063538
0.145825965778029
-0.153087242349691
0.0456398965228433
0.17966172340185
-0.062905363119536
-0.056155907730991
0.575903018354133
0.0841572335687055
0.0317285875713667
-0.268623001476765
