               -133.17002868652343750000                  0.50000000000000000000                 -0.75331586599349975586                  1.25331580638885498047
               -117.17002868652343750000                  1.68750000000000000000                  0.41649615764617919922                  1.27100384235382080078
               -101.17002868652343750000                  1.00000000000000000000                 -0.28591424226760864258                  1.28591418266296386719
                -85.17002868652343750000                  1.81250000000000000000                  0.51573747396469116211                  1.29676246643066406250
                -69.17002868652343750000                  1.31250000000000000000                  0.00982894841581583023                  1.30267107486724853516
                -53.17002868652343750000                  1.25000000000000000000                 -0.05332011729478836060                  1.30332016944885253906
                -37.17002868652343750000                  1.12500000000000000000                 -0.17404283583164215088                  1.29904282093048095703
                -21.17002868652343750000                  1.37500000000000000000                  0.08415722846984863281                  1.29084277153015136719
                 -5.17002868652343750000                  1.81250000000000000000                  0.53217738866806030273                  1.28032267093658447266
                 10.82997131347656250000                  1.43750000000000000000                  0.16797560453414916992                  1.26952445507049560547
                 26.82997131347656250000                  1.06250000000000000000                 -0.19819502532482147217                  1.26069498062133789062
                 42.82997131347656250000                  0.93750000000000000000                 -0.31850463151931762695                  1.25600469112396240234
                 58.82997131347656250000                  1.62500000000000000000                  0.36774554848670959473                  1.25725448131561279297
                 74.82997131347656250000                  1.68750000000000000000                  0.42188373208045959473                  1.26561629772186279297
                 90.82997131347656250000                  1.00000000000000000000                 -0.28144392371177673340                  1.28144395351409912109
                106.82997131347656250000                  1.06250000000000000000                 -0.24168872833251953125                  1.30418872833251953125
                122.82997131347656250000                  1.12500000000000000000                 -0.20743629336357116699                  1.33243632316589355469
                138.82997131347656250000                  1.31250000000000000000                 -0.05156429484486579895                  1.36406433582305908203
                154.82997131347656250000                  1.31250000000000000000                 -0.08400142937898635864                  1.39650142192840576172
                170.82997131347656250000                  1.37500000000000000000                 -0.05205121636390686035                  1.42705118656158447266
                186.82997131347656250000                  4.50000000000000000000                  3.04676699638366699219                  1.45323300361633300781
                202.82997131347656250000                  5.18750000000000000000                  3.71441030502319335938                  1.47308957576751708984
                218.82997131347656250000                  1.68750000000000000000                  0.20208533108234405518                  1.48541462421417236328
                234.82997131347656250000                  1.75000000000000000000                  0.26013153791427612305                  1.48986852169036865234
                250.82997131347656250000                  0.68750000000000000000                 -0.79946553707122802734                  1.48696553707122802734
                266.82997131347656250000                  1.56250000000000000000                  0.08455791324377059937                  1.47794210910797119141
                282.82997131347656250000                  1.18750000000000000000                 -0.27702760696411132812                  1.46452760696411132812
                298.82997131347656250000                  1.18750000000000000000                 -0.26116168498992919922                  1.44866168498992919922
                314.82997131347656250000                  1.31250000000000000000                 -0.11970258504152297974                  1.43220257759094238281
                330.82997131347656250000                  1.56250000000000000000                  0.14582596719264984131                  1.41667401790618896484
                346.82997131347656250000                  1.25000000000000000000                 -0.15308724343776702881                  1.40308725833892822266
                362.82997131347656250000                  1.43750000000000000000                  0.04563989490270614624                  1.39186012744903564453
                378.82997131347656250000                  1.56250000000000000000                  0.17966172099113464355                  1.38283824920654296875
                394.82997131347656250000                  1.31250000000000000000                 -0.06290536373853683472                  1.37540531158447265625
                410.82997131347656250000                  1.31250000000000000000                 -0.05615590885281562805                  1.36865592002868652344
                426.82997131347656250000                  1.93750000000000000000                  0.57590299844741821289                  1.36159694194793701172
                442.82997131347656250000                  1.43750000000000000000                  0.08415723592042922974                  1.35334277153015136719
                458.82997131347656250000                  1.37500000000000000000                  0.03172858804464340210                  1.34327137470245361328
                474.82997131347656250000                  1.06250000000000000000                 -0.26862299442291259766                  1.33112299442291259766
