1.253315836488
1.27100384008312
1.28591422892441
1.29676252528838
1.30267105146676
1.30332011866542
1.29904283943546
1.29084277371944
1.2803226278297
1.26952439783532
1.26069502521061
1.25600463914839
1.25725445139795
1.26561626019837
1.28144392248612
1.30418873241997
1.33243629615174
1.36406429445736
1.39650143255558
1.4270512165571
1.45323303790142
1.47308958443904
1.4854146713113
1.48986846523274
1.48696555220346
1.47794208473404
1.46452761073604
1.44866169142216
1.43220258206354
1.41667403422197
1.40308724234969
1.39186010347716
1.38283827659815
1.37540536311954
1.36865590773099
1.36159698164587
1.35334276643129
1.34327141242863
1.33112300147676
