-1.20636186253726
0.0878298178394274
-0.368245994636947
-1.19506570695926
-0.0132251829801033
0.306178123017098
0.516195413041588
0.806248396239251
0.176954300206808
0.00257364964262319
-1.65641407482777
-0.67811669852613
-0.0664405335759186
1.11176082084287
-0.460437712199039
0.0878298653633589
-0.80946350336489
0.345005732162909
1.04956756537926
0.0536211818229209
62.7951088007935
84.9628835818273
5.12168931623087
0.58666811001425
-0.826579522931486
0.635130776477778
0.0373763326893695
0.882931506052508
-0.825895407912437
0.22511387316087
-0.0879933268262256
-0.889876880464613
-0.868395632400402
0.850443140889267
0.890072479417491
-0.00151344656761498
0.235885390126437
-0.087666418583848
-1.7245782346421
