5.29071961054887
5.21357609683737
5.10976036981115
4.98146649609801
4.83419204199345
4.67693744905268
4.52200013116041
4.38430005399467
4.28023113663949
4.22610330421996
4.2363136037048
4.32144916406846
4.48656713456459
4.72990624725899
5.04225495011812
5.4071321405647
5.80183560458273
6.19929419052114
6.57054100824463
6.8875264804053
7.12592951645205
7.26761421831037
7.302421758205
7.22907646925518
7.05510744411245
6.79582198729912
6.47249311368569
6.11002013391165
5.73437522647536
5.37015388809095
5.03850610685372
4.75564840128555
4.5320599248656
4.37236582086735
4.27582358736782
4.23726492953549
4.24831239438656
4.29868714627914
4.37744678174209
