1.35683671451327
1.36838805771141
1.38387941132171
1.4027332297124
1.4242140395594
1.44748608584903
1.47167805044385
1.49594765003534
1.51953907705473
1.54182738279436
1.56234583695847
1.58079472369563
1.5970325675927
1.61105303241843
1.62295236668474
1.63289306133328
1.64106925879264
1.64767848379306
1.65290266231151
1.65689945688474
1.65980301544167
1.66173163047098
1.66279878929398
1.66312380810761
1.66283869521586
1.66208896576311
1.66102760778639
1.65980298812939
1.65854288387161
1.65733776905259
1.65622680525483
1.65518962587657
1.65414604417853
1.65296444336685
1.65147808642316
1.64950719959229
1.64688368824099
1.64347490770874
1.63920309404117
