-1.09854081788407
0.52255445184453
0.786940650680878
0.011553737257846
0.511161632100686
0.285407792768145
-0.168881956673761
-0.232578920889039
-0.476302610340675
-0.0971697306632091
0.269691333161079
0.489757237826725
-0.257270439736168
0.0235203559453359
0.142974331222947
-0.521775025681766
-0.0898760614943335
0.0102355144729684
-0.522555719770112
-0.738223936916699
19.9380724281863
25.0171806759356
0.757320980371107
-0.649230665504144
-0.514047570246934
0.159994690251936
-0.320803188358316
-0.402631462910716
-0.470605491459185
0.652387142397724
-0.730722353340822
-0.81528510123291
0.330677875800312
0.391754016941475
0.617585343255693
-0.427471447084965
0.19760832793014
-0.00263913924206527
-0.523333842778362
