               -133.17002868652343750000                  1.81250000000000000000                 -1.09854078292846679688                  2.91104078292846679688
               -117.17002868652343750000                  3.50000000000000000000                  0.52255445718765258789                  2.97744560241699218750
               -101.17002868652343750000                  3.81250000000000000000                  0.78694063425064086914                  3.02555942535400390625
                -85.17002868652343750000                  3.06250000000000000000                  0.01155373733490705490                  3.05094623565673828125
                -69.17002868652343750000                  3.56250000000000000000                  0.51116162538528442383                  3.05133843421936035156
                -53.17002868652343750000                  3.31250000000000000000                  0.28540778160095214844                  3.02709221839904785156
                -37.17002868652343750000                  2.81250000000000000000                 -0.16888195276260375977                  2.98138189315795898438
                -21.17002868652343750000                  2.68750000000000000000                 -0.23257891833782196045                  2.92007899284362792969
                 -5.17002868652343750000                  2.37500000000000000000                 -0.47630262374877929688                  2.85130262374877929688
                 10.82997131347656250000                  2.68750000000000000000                 -0.09716972708702087402                  2.78466963768005371094
                 26.82997131347656250000                  3.00000000000000000000                  0.26969131827354431152                  2.73030877113342285156
                 42.82997131347656250000                  3.18750000000000000000                  0.48975723981857299805                  2.69774270057678222656
                 58.82997131347656250000                  2.43750000000000000000                 -0.25727042555809020996                  2.69477033615112304688
                 74.82997131347656250000                  2.75000000000000000000                  0.02352035604417324066                  2.72647953033447265625
                 90.82997131347656250000                  2.93750000000000000000                  0.14297433197498321533                  2.79452562332153320312
                106.82997131347656250000                  2.37500000000000000000                 -0.52177500724792480469                  2.89677500724792480469
                122.82997131347656250000                  2.93750000000000000000                 -0.08987606316804885864                  3.02737617492675781250
                138.82997131347656250000                  3.18750000000000000000                  0.01023551449179649353                  3.17726445198059082031
                154.82997131347656250000                  2.81250000000000000000                 -0.52255570888519287109                  3.33505582809448242188
                170.82997131347656250000                  2.75000000000000000000                 -0.73822391033172607422                  3.48822402954101562500
                186.82997131347656250000                 23.56250000000000000000                 19.93807220458984375000                  3.62442755699157714844
                202.82997131347656250000                 28.75000000000000000000                 25.01718139648437500000                  3.73281931877136230469
                218.82997131347656250000                  4.56250000000000000000                  0.75732100009918212891                  3.80517911911010742188
                234.82997131347656250000                  3.18750000000000000000                 -0.64923065900802612305                  3.83673071861267089844
                250.82997131347656250000                  3.31250000000000000000                 -0.51404756307601928711                  3.82654762268066406250
                266.82997131347656250000                  3.93750000000000000000                  0.15999469161033630371                  3.77750539779663085938
                282.82997131347656250000                  3.37500000000000000000                 -0.32080319523811340332                  3.69580316543579101562
                298.82997131347656250000                  3.18750000000000000000                 -0.40263146162033081055                  3.59013152122497558594
                314.82997131347656250000                  3.00000000000000000000                 -0.47060549259185791016                  3.47060537338256835938
                330.82997131347656250000                  4.00000000000000000000                  0.65238714218139648438                  3.34761285781860351562
                346.82997131347656250000                  2.50000000000000000000                 -0.73072236776351928711                  3.23072242736816406250
                362.82997131347656250000                  2.31250000000000000000                 -0.81528508663177490234                  3.12778520584106445312
                378.82997131347656250000                  3.37500000000000000000                  0.33067786693572998047                  3.04432201385498046875
                394.82997131347656250000                  3.37500000000000000000                  0.39175403118133544922                  2.98324608802795410156
                410.82997131347656250000                  3.56250000000000000000                  0.61758536100387573242                  2.94491457939147949219
                426.82997131347656250000                  2.50000000000000000000                 -0.42747145891189575195                  2.92747139930725097656
                442.82997131347656250000                  3.12500000000000000000                  0.19760832190513610840                  2.92739176750183105469
                458.82997131347656250000                  2.93750000000000000000                 -0.00263913930393755436                  2.94013905525207519531
                474.82997131347656250000                  2.43750000000000000000                 -0.52333384752273559570                  2.96083378791809082031
