2.91104081788407
2.97744554815547
3.02555934931912
3.05094626274215
3.05133836789931
3.02709220723185
2.98138195667376
2.92007892088904
2.85130261034068
2.78466973066321
2.73030866683892
2.69774276217327
2.69477043973617
2.72647964405466
2.79452566877705
2.89677502568177
3.02737606149433
3.17726448552703
3.33505571977011
3.4882239369167
3.62442757181369
3.73281932406439
3.80517901962889
3.83673066550414
3.82654757024693
3.77750530974806
3.69580318835832
3.59013146291072
3.47060549145918
3.34761285760228
3.23072235334082
3.12778510123291
3.04432212419969
2.98324598305853
2.94491465674431
2.92747144708497
2.92739167206986
2.94013913924207
2.96083384277836
