-0.413880597669267
-0.37469517888044
-0.0248284005421715
0.261854288895466
0.236554906591448
0.0254531963792155
-0.120384085838257
0.0499138442915907
-0.0255453960163257
-0.158962275107889
0.587136211604257
0.024906056047475
0.0912223753828898
0.0352382801126492
-0.0190394392449724
-0.13516499330552
-0.126666275588868
-0.119462832458132
0.0732045869641994
-0.174171954684852
0.638166784869454
0.38526038326816
0.317420632384124
-0.127296635794512
-0.0731374713399402
-0.019210248565761
-0.277056579605614
0.0292720890916884
0.0256376072354314
0.0877437893881716
-0.221423529951696
0.0358603197315273
-0.327963284464932
0.249265267931671
0.266949420237765
-0.150715906862508
0.370320963963591
-0.295955001702287
-0.0255453995519653
