               -133.17002868652343750000                  0.43750000000000000000                 -0.41388058662414550781                  0.85138058662414550781
               -117.17002868652343750000                  0.50000000000000000000                 -0.37469518184661865234                  0.87469518184661865234
               -101.17002868652343750000                  0.87500000000000000000                 -0.02482840046286582947                  0.89982837438583374023
                -85.17002868652343750000                  1.18750000000000000000                  0.26185429096221923828                  0.92564570903778076172
                -69.17002868652343750000                  1.18750000000000000000                  0.23655490577220916748                  0.95094507932662963867
                -53.17002868652343750000                  1.00000000000000000000                  0.02545319683849811554                  0.97454679012298583984
                -37.17002868652343750000                  0.87500000000000000000                 -0.12038408219814300537                  0.99538409709930419922
                -21.17002868652343750000                  1.06250000000000000000                  0.04991384595632553101                  1.01258611679077148438
                 -5.17002868652343750000                  1.00000000000000000000                 -0.02554539591073989868                  1.02554535865783691406
                 10.82997131347656250000                  0.87500000000000000000                 -0.15896227955818176270                  1.03396224975585937500
                 26.82997131347656250000                  1.62500000000000000000                  0.58713620901107788086                  1.03786373138427734375
                 42.82997131347656250000                  1.06250000000000000000                  0.02490605600178241730                  1.03759396076202392578
                 58.82997131347656250000                  1.12500000000000000000                  0.09122237563133239746                  1.03377759456634521484
                 74.82997131347656250000                  1.06250000000000000000                  0.03523828089237213135                  1.02726173400878906250
                 90.82997131347656250000                  1.00000000000000000000                 -0.01903943903744220734                  1.01903939247131347656
                106.82997131347656250000                  0.87500000000000000000                 -0.13516499102115631104                  1.01016497611999511719
                122.82997131347656250000                  0.87500000000000000000                 -0.12666627764701843262                  1.00166630744934082031
                138.82997131347656250000                  0.87500000000000000000                 -0.11946283280849456787                  0.99446284770965576172
                154.82997131347656250000                  1.06250000000000000000                  0.07320458441972732544                  0.98929542303085327148
                170.82997131347656250000                  0.81250000000000000000                 -0.17417195439338684082                  0.98667198419570922852
                186.82997131347656250000                  1.62500000000000000000                  0.63816678524017333984                  0.98683321475982666016
                202.82997131347656250000                  1.37500000000000000000                  0.38526037335395812988                  0.98973959684371948242
                218.82997131347656250000                  1.31250000000000000000                  0.31742063164710998535                  0.99507933855056762695
                234.82997131347656250000                  0.87500000000000000000                 -0.12729664146900177002                  1.00229668617248535156
                250.82997131347656250000                  0.93750000000000000000                 -0.07313746958971023560                  1.01063752174377441406
                266.82997131347656250000                  1.00000000000000000000                 -0.01921024918556213379                  1.01921021938323974609
                282.82997131347656250000                  0.75000000000000000000                 -0.27705657482147216797                  1.02705657482147216797
                298.82997131347656250000                  1.06250000000000000000                  0.02927208878099918365                  1.03322792053222656250
                314.82997131347656250000                  1.06250000000000000000                  0.02563760802149772644                  1.03686237335205078125
                330.82997131347656250000                  1.12500000000000000000                  0.08774378895759582520                  1.03725624084472656250
                346.82997131347656250000                  0.81250000000000000000                 -0.22142353653907775879                  1.03392350673675537109
                362.82997131347656250000                  1.06250000000000000000                  0.03586031869053840637                  1.02663969993591308594
                378.82997131347656250000                  0.68750000000000000000                 -0.32796329259872436523                  1.01546323299407958984
                394.82997131347656250000                  1.25000000000000000000                  0.24926526844501495361                  1.00073468685150146484
                410.82997131347656250000                  1.25000000000000000000                  0.26694941520690917969                  0.98305058479309082031
                426.82997131347656250000                  0.81250000000000000000                 -0.15071590244770050049                  0.96321588754653930664
                442.82997131347656250000                  1.31250000000000000000                  0.37032097578048706055                  0.94217902421951293945
                458.82997131347656250000                  0.62500000000000000000                 -0.29595500230789184570                  0.92095500230789184570
                474.82997131347656250000                  0.87500000000000000000                 -0.02554539963603019714                  0.90054541826248168945
