0.851380597669267
0.87469517888044
0.899828400542172
0.925645711104534
0.950945093408552
0.974546803620784
0.995384085838257
1.01258615570841
1.02554539601633
1.03396227510789
1.03786378839574
1.03759394395253
1.03377762461711
1.02726171988735
1.01903943924497
1.01016499330552
1.00166627558887
0.994462832458132
0.989295413035801
0.986671954684852
0.986833215130546
0.98973961673184
0.995079367615876
1.00229663579451
1.01063747133994
1.01921024856576
1.02705657960561
1.03322791090831
1.03686239276457
1.03725621061183
1.0339235299517
1.02663968026847
1.01546328446493
1.00073473206833
0.983050579762235
0.963215906862508
0.942179036036409
0.920955001702287
0.900545399551965
