-1.04766594411121
0.63906654948697
0.0808815221735957
0.0282704164726177
-0.0811236094728764
-0.310088432287988
-0.159395369404324
-0.0678073007145819
0.337968228951624
0.180885885389764
0.0837264805865794
-0.0806939320538578
-0.75179038043067
0.444021935402054
-0.118974948975913
-0.378167533369826
-0.332563636868733
0.207154107627051
0.0559734632787521
-0.158189937855918
3.38020363000261
2.79898903204579
0.912982801137609
-0.15127541487944
-0.0806939669951876
0.249308088878119
0.212353267609307
-0.631235550274139
-0.346691714134052
0.625491338208754
0.28237187629969
-0.191149732319756
-0.297094170975878
-0.1617431984914
0.464431270601097
0.456748637729268
-0.183777992234174
-0.0805997722958325
0.0806734212125253
