               -133.17002868652343750000                  1.18750000000000000000                 -1.04766595363616943359                  2.23516583442687988281
               -117.17002868652343750000                  2.87500000000000000000                  0.63906657695770263672                  2.23593354225158691406
               -101.17002868652343750000                  2.31250000000000000000                  0.08088152110576629639                  2.23161840438842773438
                -85.17002868652343750000                  2.25000000000000000000                  0.02827041596174240112                  2.22172951698303222656
                -69.17002868652343750000                  2.12500000000000000000                 -0.08112361282110214233                  2.20612359046936035156
                -53.17002868652343750000                  1.87500000000000000000                 -0.31008842587471008301                  2.18508839607238769531
                -37.17002868652343750000                  2.00000000000000000000                 -0.15939536690711975098                  2.15939545631408691406
                -21.17002868652343750000                  2.06250000000000000000                 -0.06780730187892913818                  2.13030719757080078125
                 -5.17002868652343750000                  2.43750000000000000000                  0.33796823024749755859                  2.09953188896179199219
                 10.82997131347656250000                  2.25000000000000000000                  0.18088588118553161621                  2.06911420822143554688
                 26.82997131347656250000                  2.12500000000000000000                  0.08372648060321807861                  2.04127359390258789062
                 42.82997131347656250000                  1.93750000000000000000                 -0.08069393038749694824                  2.01819396018981933594
                 58.82997131347656250000                  1.25000000000000000000                 -0.75179040431976318359                  2.00179028511047363281
                 74.82997131347656250000                  2.43750000000000000000                  0.44402194023132324219                  1.99347805976867675781
                 90.82997131347656250000                  1.87500000000000000000                 -0.11897494643926620483                  1.99397492408752441406
                106.82997131347656250000                  1.62500000000000000000                 -0.37816753983497619629                  2.00316762924194335938
                122.82997131347656250000                  1.68750000000000000000                 -0.33256363868713378906                  2.02006363868713378906
                138.82997131347656250000                  2.25000000000000000000                  0.20715411007404327393                  2.04284596443176269531
                154.82997131347656250000                  2.12500000000000000000                  0.05597346276044845581                  2.06902647018432617188
                170.82997131347656250000                  1.93750000000000000000                 -0.15818993747234344482                  2.09569001197814941406
                186.82997131347656250000                  5.50000000000000000000                  3.38020372390747070312                  2.11979627609252929688
                202.82997131347656250000                  4.93750000000000000000                  2.79898905754089355469                  2.13851094245910644531
                218.82997131347656250000                  3.06250000000000000000                  0.91298282146453857422                  2.14951729774475097656
                234.82997131347656250000                  2.00000000000000000000                 -0.15127541124820709229                  2.15127539634704589844
                250.82997131347656250000                  2.06250000000000000000                 -0.08069396764039993286                  2.14319396018981933594
                266.82997131347656250000                  2.37500000000000000000                  0.24930809438228607178                  2.12569189071655273438
                282.82997131347656250000                  2.31250000000000000000                  0.21235327422618865967                  2.10014677047729492188
                298.82997131347656250000                  1.43750000000000000000                 -0.63123553991317749023                  2.06873559951782226562
                314.82997131347656250000                  1.68750000000000000000                 -0.34669172763824462891                  2.03419160842895507812
                330.82997131347656250000                  2.62500000000000000000                  0.62549132108688354492                  1.99950861930847167969
                346.82997131347656250000                  2.25000000000000000000                  0.28237187862396240234                  1.96762812137603759766
                362.82997131347656250000                  1.75000000000000000000                 -0.19114972651004791260                  1.94114971160888671875
                378.82997131347656250000                  1.62500000000000000000                 -0.29709416627883911133                  1.92209422588348388672
                394.82997131347656250000                  1.75000000000000000000                 -0.16174319386482238770                  1.91174316406250000000
                410.82997131347656250000                  2.37500000000000000000                  0.46443125605583190918                  1.91056871414184570312
                426.82997131347656250000                  2.37500000000000000000                  0.45674863457679748535                  1.91825139522552490234
                442.82997131347656250000                  1.75000000000000000000                 -0.18377798795700073242                  1.93377804756164550781
                458.82997131347656250000                  1.87500000000000000000                 -0.08059976994991302490                  1.95559978485107421875
                474.82997131347656250000                  2.06250000000000000000                  0.08067341893911361694                  1.98182654380798339844
