2.23516594411121
2.23593345051303
2.2316184778264
2.22172958352738
2.20612360947288
2.18508843228799
2.15939536940432
2.13030730071458
2.09953177104838
2.06911411461024
2.04127351941342
2.01819393205386
2.00179038043067
1.99347806459795
1.99397494897591
2.00316753336983
2.02006363686873
2.04284589237295
2.06902653672125
2.09568993785592
2.11979636999739
2.13851096795421
2.14951719886239
2.15127541487944
2.14319396699519
2.12569191112188
2.10014673239069
2.06873555027414
2.03419171413405
1.99950866179125
1.96762812370031
1.94114973231976
1.92209417097588
1.9117431984914
1.9105687293989
1.91825136227073
1.93377799223417
1.95559977229583
1.98182657878747
