6.559635978407
6.501880029528
6.43028262209622
6.34764875981795
6.25778257476231
6.16526689172734
6.07514744000935
5.99254633505334
5.92224007033584
5.86824427325278
5.83344962055275
5.81934994207212
5.82589480170085
5.85148566071983
5.89311871459051
5.94666072347376
6.00722885764079
6.06963380013439
6.12883865058935
6.18038539572362
6.22074585535976
6.2474649874384
6.25977241341739
6.25757400065279
6.24230936405332
6.21622503859895
6.18218084642417
6.14333151653944
6.10281891271166
6.06350577079249
6.02777341766747
5.99739572072571
5.97349105428785
5.95654478854778
5.94648779586575
5.94281235852566
5.94470578163453
5.95118363890632
5.96120823722043
