-2.809635978407
-0.376880029527999
-0.055282622096219
0.46485124018205
0.554717425237689
0.522233108272662
-0.262647440009355
0.00745366494665589
-0.547240070335836
0.319255726747219
-0.270949620552752
-0.0693499420721162
-0.388394801700853
-0.476485660719826
0.669381285409487
0.053339276526243
0.0552711423592127
-0.132133800134389
0.30866134941065
0.319614604276381
44.0292541446402
59.3150350125616
2.11522758658261
0.0549259993472058
0.0701906359466768
-0.153725038598951
-0.432180846424174
-1.20583151653944
0.584681087288342
-0.751005770792485
0.472226582332525
-0.559895720725706
0.0265089457121546
0.418455211452216
-0.0089877958657496
-0.255312358525662
0.0552942183654705
0.236316361093682
-0.898708237220426
