               -133.17002868652343750000                  3.75000000000000000000                 -2.80963587760925292969                  6.55963611602783203125
               -117.17002868652343750000                  6.12500000000000000000                 -0.37688001990318298340                  6.50188016891479492188
               -101.17002868652343750000                  6.37500000000000000000                 -0.05528262257575988770                  6.43028259277343750000
                -85.17002868652343750000                  6.81250000000000000000                  0.46485123038291931152                  6.34764862060546875000
                -69.17002868652343750000                  6.81250000000000000000                  0.55471742153167724609                  6.25778245925903320312
                -53.17002868652343750000                  6.68750000000000000000                  0.52223312854766845703                  6.16526699066162109375
                -37.17002868652343750000                  5.81250000000000000000                 -0.26264744997024536133                  6.07514762878417968750
                -21.17002868652343750000                  6.00000000000000000000                  0.00745366513729095459                  5.99254655838012695312
                 -5.17002868652343750000                  5.37500000000000000000                 -0.54724007844924926758                  5.92224025726318359375
                 10.82997131347656250000                  6.18750000000000000000                  0.31925573945045471191                  5.86824417114257812500
                 26.82997131347656250000                  5.56250000000000000000                 -0.27094963192939758301                  5.83344984054565429688
                 42.82997131347656250000                  5.75000000000000000000                 -0.06934994459152221680                  5.81934976577758789062
                 58.82997131347656250000                  5.43750000000000000000                 -0.38839480280876159668                  5.82589483261108398438
                 74.82997131347656250000                  5.37500000000000000000                 -0.47648566961288452148                  5.85148572921752929688
                 90.82997131347656250000                  6.56250000000000000000                  0.66938126087188720703                  5.89311885833740234375
                106.82997131347656250000                  6.00000000000000000000                  0.05333927646279335022                  5.94666051864624023438
                122.82997131347656250000                  6.06250000000000000000                  0.05527114123106002808                  6.00722885131835937500
                138.82997131347656250000                  5.93750000000000000000                 -0.13213379681110382080                  6.06963396072387695312
                154.82997131347656250000                  6.43750000000000000000                  0.30866134166717529297                  6.12883853912353515625
                170.82997131347656250000                  6.50000000000000000000                  0.31961461901664733887                  6.18038558959960937500
                186.82997131347656250000                 50.25000000000000000000                 44.02925491333007812500                  6.22074604034423828125
                202.82997131347656250000                 65.56250000000000000000                 59.31503677368164062500                  6.24746513366699218750
                218.82997131347656250000                  8.37500000000000000000                  2.11522769927978515625                  6.25977230072021484375
                234.82997131347656250000                  6.31250000000000000000                  0.05492600053548812866                  6.25757408142089843750
                250.82997131347656250000                  6.31250000000000000000                  0.07019063830375671387                  6.24230957031250000000
                266.82997131347656250000                  6.06250000000000000000                 -0.15372504293918609619                  6.21622514724731445312
                282.82997131347656250000                  5.75000000000000000000                 -0.43218085169792175293                  6.18218088150024414062
                298.82997131347656250000                  4.93750000000000000000                 -1.20583152770996093750                  6.14333152770996093750
                314.82997131347656250000                  6.68750000000000000000                  0.58468109369277954102                  6.10281896591186523438
                330.82997131347656250000                  5.31250000000000000000                 -0.75100576877593994141                  6.06350564956665039062
                346.82997131347656250000                  6.50000000000000000000                  0.47222658991813659668                  6.02777338027954101562
                362.82997131347656250000                  5.43750000000000000000                 -0.55989569425582885742                  5.99739551544189453125
                378.82997131347656250000                  6.00000000000000000000                  0.02650894597172737122                  5.97349119186401367188
                394.82997131347656250000                  6.37500000000000000000                  0.41845521330833435059                  5.95654487609863281250
                410.82997131347656250000                  5.93750000000000000000                 -0.00898779556155204773                  5.94648790359497070312
                426.82997131347656250000                  5.68750000000000000000                 -0.25531235337257385254                  5.94281244277954101562
                442.82997131347656250000                  6.00000000000000000000                  0.05529421940445899963                  5.94470596313476562500
                458.82997131347656250000                  6.18750000000000000000                  0.23631636798381805420                  5.95118379592895507812
                474.82997131347656250000                  5.06250000000000000000                 -0.89870822429656982422                  5.96120834350585937500
