4.9285007488998
5.18396203151149
5.42299679443509
5.63310644541149
5.80575494572268
5.93749666043852
6.03049437087563
6.0923053039146
6.13490935956447
6.17306286003789
6.22216701124603
6.29592583384222
6.4041183929097
6.5508140880666
6.73331363908474
6.94200622757836
7.16120690310277
7.37089609866364
7.54914687429111
7.67491737137176
7.73082423544265
7.70550864947422
7.59526193243182
7.40468422204754
7.14629063040576
6.83913162574176
6.50663363327322
6.17396994943517
5.86532552442301
5.60141559941861
5.39756112290736
5.26252567319368
5.19819774624822
5.20007959459328
5.25843869456802
5.35990495631945
5.48926367067416
5.63120113288996
5.77180051020781
