-14.9589636525894
6.08128549142113
0.872766120932781
2.99903949960279
2.90962892380242
5.10566034349632
2.38946687230453
3.80334930563017
2.75746067883251
-1.27845794892639
3.48001463241282
-0.550233944189664
-2.69011335594016
-3.93236534605398
-4.93995776742027
-3.9216965992366
-6.07261768739855
-5.95389815664925
-5.74922992808612
-8.27187228596301
233.21601514611
288.43514245545
4.39770041064678
-5.84420337393792
-6.07262007970279
-5.15052165059578
-2.07922427055622
-2.80466710125444
1.91415308767091
1.26130492523427
0.118940492876931
2.07075091943175
0.591149083650912
3.54521608459489
3.68715819788184
4.15766778018759
1.8556526383758
2.74729537225323
-5.1996597305602
