46.1464636525894
46.7312145085789
47.3147338790672
47.8759605003972
48.4028710761976
48.8943396565037
49.3605331276955
49.8216506943698
50.3050393211675
50.8409579489264
51.4574853675872
52.1752339441897
53.0026133559402
53.932365346054
54.9399577674203
55.9841965992366
57.0101176873985
57.9538981566493
58.7492299280861
59.334372285963
59.6589848538899
59.6898575445499
59.4147995893532
58.8442033739379
58.0101200797028
56.9630216505958
55.7667242705562
54.4921671012544
53.2108469123291
51.9886950747657
50.8810595071231
49.9292490805683
49.1588509163491
48.5797839154051
48.1878418021182
47.9673322198124
47.8943473616242
47.9402046277468
48.0746597305602
