9.40505022269363
9.39888727437516
9.38809943467138
9.37281823261792
9.35343142431353
9.33063172281234
9.30545181662734
9.27927345296105
9.25379874452474
9.23097472840367
9.21286754399599
9.20148987886035
9.19859355999936
9.20544701753766
9.22262338446207
9.24982794204322
9.28579260435679
9.32825988096283
9.37406967116423
9.41935038367829
9.45980280221439
9.4910258020877
9.50903782488911
9.51038997490894
9.49276928381889
9.45511484969423
9.39778220182538
9.3225517252895
9.23250627930349
9.13179090100245
9.02528036281293
8.9181898709351
8.81566922639811
8.72242083298657
8.64237723585272
8.57846525758223
8.53247260050924
8.50502061017337
8.49563536820819
