-3.84255022269363
-2.58638727437516
0.299400565328623
0.00218176738208165
-0.228431424313527
-0.0806317228123437
-0.36795181662734
0.283226547038948
1.74620125547526
-0.0434747284036696
0.0996324560040147
-0.13898987886035
0.17640644000064
-0.0804470175376579
-0.910123384462072
0.000172057956779881
-0.723292604356788
1.10924011903717
0.0009303288357696
0.0806496163217059
74.3526971977856
113.571474197912
11.4284621751109
-0.0103899749089393
0.444730716181114
-0.517614849694228
0.914717798174616
-0.1350517252895
0.0799937206965122
1.05570909899755
0.287219637187075
-0.355689870935098
-0.253169226398109
-1.03492083298657
-0.0798772358527184
0.546534742417769
0.0300273994907556
0.36997938982663
-1.37063536820819
