               -133.17002868652343750000                  5.56250000000000000000                 -3.84255027770996093750                  9.40505027770996093750
               -117.17002868652343750000                  6.81250000000000000000                 -2.58638715744018554688                  9.39888763427734375000
               -101.17002868652343750000                  9.68750000000000000000                  0.29940056800842285156                  9.38809967041015625000
                -85.17002868652343750000                  9.37500000000000000000                  0.00218176748603582382                  9.37281799316406250000
                -69.17002868652343750000                  9.12500000000000000000                 -0.22843141853809356689                  9.35343170166015625000
                -53.17002868652343750000                  9.25000000000000000000                 -0.08063172549009323120                  9.33063125610351562500
                -37.17002868652343750000                  8.93750000000000000000                 -0.36795181035995483398                  9.30545139312744140625
                -21.17002868652343750000                  9.56250000000000000000                  0.28322654962539672852                  9.27927303314208984375
                 -5.17002868652343750000                 11.00000000000000000000                  1.74620127677917480469                  9.25379848480224609375
                 10.82997131347656250000                  9.18750000000000000000                 -0.04347473010420799255                  9.23097515106201171875
                 26.82997131347656250000                  9.31250000000000000000                  0.09963245689868927002                  9.21286773681640625000
                 42.82997131347656250000                  9.06250000000000000000                 -0.13898988068103790283                  9.20148944854736328125
                 58.82997131347656250000                  9.37500000000000000000                  0.17640644311904907227                  9.19859313964843750000
                 74.82997131347656250000                  9.12500000000000000000                 -0.08044701814651489258                  9.20544719696044921875
                 90.82997131347656250000                  8.31250000000000000000                 -0.91012340784072875977                  9.22262382507324218750
                106.82997131347656250000                  9.25000000000000000000                  0.00017205796029884368                  9.24982833862304687500
                122.82997131347656250000                  8.56250000000000000000                 -0.72329258918762207031                  9.28579235076904296875
                138.82997131347656250000                 10.43750000000000000000                  1.10924017429351806641                  9.32825946807861328125
                154.82997131347656250000                  9.37500000000000000000                  0.00093032885342836380                  9.37406921386718750000
                170.82997131347656250000                  9.50000000000000000000                  0.08064961433410644531                  9.41935062408447265625
                186.82997131347656250000                 83.81250000000000000000                 74.35269927978515625000                  9.45980262756347656250
                202.82997131347656250000                123.06250000000000000000                113.57147216796875000000                  9.49102592468261718750
                218.82997131347656250000                 20.93750000000000000000                 11.42846202850341796875                  9.50903797149658203125
                234.82997131347656250000                  9.50000000000000000000                 -0.01038997527211904526                  9.51039028167724609375
                250.82997131347656250000                  9.93750000000000000000                  0.44473072886466979980                  9.49276924133300781250
                266.82997131347656250000                  8.93750000000000000000                 -0.51761484146118164062                  9.45511531829833984375
                282.82997131347656250000                 10.31250000000000000000                  0.91471779346466064453                  9.39778232574462890625
                298.82997131347656250000                  9.18750000000000000000                 -0.13505172729492187500                  9.32255172729492187500
                314.82997131347656250000                  9.31250000000000000000                  0.07999371737241744995                  9.23250675201416015625
                330.82997131347656250000                 10.18750000000000000000                  1.05570912361145019531                  9.13179111480712890625
                346.82997131347656250000                  9.31250000000000000000                  0.28721964359283447266                  9.02527999877929687500
                362.82997131347656250000                  8.56250000000000000000                 -0.35568988323211669922                  8.91819000244140625000
                378.82997131347656250000                  8.56250000000000000000                 -0.25316923856735229492                  8.81566905975341796875
                394.82997131347656250000                  7.68750000000000000000                 -1.03492081165313720703                  8.72242069244384765625
                410.82997131347656250000                  8.56250000000000000000                 -0.07987723499536514282                  8.64237689971923828125
                426.82997131347656250000                  9.12500000000000000000                  0.54653471708297729492                  8.57846546173095703125
                442.82997131347656250000                  8.56250000000000000000                  0.03002739883959293365                  8.53247261047363281250
                458.82997131347656250000                  8.87500000000000000000                  0.36997938156127929688                  8.50502014160156250000
                474.82997131347656250000                  7.12500000000000000000                 -1.37063539028167724609                  8.49563503265380859375
