7.72954487726759
7.90545484826171
8.08245897390223
8.25030968562877
8.40118677978593
8.5310366218827
8.64049561939176
8.73519592120124
8.82532277704233
8.92439688372566
9.04737740675859
9.20830282736596
9.41778561510634
9.68073289521989
9.99466448370898
10.3489368263804
10.7250625041334
11.0981568912661
11.4393714419341
11.7190160362354
11.9099584313717
11.9908378176031
11.9486513843051
11.7803641950669
11.4933376430754
11.1045450935207
10.6387154627206
10.1256882414233
9.5973552246723
9.08459356523604
8.6145619465761
8.20864753978152
7.88123450124985
7.63933712255903
7.48302352251388
7.40646558053167
7.39939738353178
7.44874997348835
7.54025010849649
