-1.44997945282332
0.0556093468018815
0.566316348298848
0.0812090877459943
0.348992042409394
0.0556191366521293
-0.488061697520903
-0.158648176297818
-0.45752631992355
-0.385734736555913
0.306133652612835
0.0554816549861776
-0.012294755024465
0.103640845174729
-0.033028920161259
-0.295897691873882
-0.308470171473584
0.0557069038268554
-0.139568182387359
0.231763478167446
1.67047129041557
1.61451988212693
-0.0609154521396973
-0.23091039706523
0.541759671014508
-0.0558265248460894
-0.774189080781294
0.136086847632787
0.049368371990095
0.464976443729732
-0.0553242094972819
-0.137340154798974
-0.156961533417021
0.197335895200001
-0.0129954125633054
0.585957654497833
0.0556191264012655
-0.105012211773297
-0.0842924900106645
