2.38747945282332
2.38189065319812
2.37118365170115
2.35629091225401
2.33850795759061
2.31938086334787
2.3005616975209
2.28364817629782
2.27002631992355
2.26073473655591
2.25636634738717
2.25701834501382
2.26229475502446
2.27135915482527
2.28302892016126
2.29589769187388
2.30847017147358
2.31929309617314
2.32706818238736
2.33073652183255
2.32952870958443
2.32298011787307
2.3109154521397
2.29341039706523
2.27074032898549
2.24332652484609
2.21168908078129
2.17641315236721
2.1381316280099
2.09752355627027
2.05532420949728
2.01234015479897
1.96946153341702
1.9276641048
1.88799541256331
1.85154234550217
1.81938087359873
1.7925122117733
1.77179249001066
