9.63438634742368
9.71125259072171
9.79417595178043
9.88031253775458
9.96660158974491
10.0499880605559
10.1276528889809
10.1972275123295
10.2569691664122
10.3058763014855
10.3437289331765
10.3710465385264
10.3889654374654
10.3990474061557
10.4030402930796
10.4026183606787
10.3991338292059
10.3934108983939
10.3856091461486
10.3751750578746
10.3608895405479
10.3410152893958
10.3134707622563
10.2761769268673
10.2272589714359
10.165355770337
10.0898345419427
10.0009434341742
9.89987837054366
9.7887589474404
9.67051827524853
9.54872033050419
9.42732475225349
9.31042263341246
9.20196771180353
9.10552577607509
9.02406160061346
8.95977792860226
8.91401553866679
