-3.32188634742368
0.101247409278288
-0.29417595178043
0.74468746224542
-0.154101589744915
0.887511939444082
0.684847111019067
-1.00972751232948
2.3680308335878
-0.680876301485544
-0.0937289331764664
-0.433546538526434
0.736034562534602
0.100952593844267
0.159459706920412
1.72238163932125
-0.149133829205908
-0.518410898393947
-1.38560914614857
-0.187675057874609
59.7016104594521
83.0339847106042
8.37402923774368
0.161323073132744
0.522741028564083
-0.102855770336991
-0.0273345419426629
0.311556565825802
-0.837378370543664
-0.101258947440396
0.516981724751471
-0.486220330504185
0.572675247746513
1.06457736658754
-0.20196771180353
-0.793025776075094
0.100938399386536
0.0402220713977375
-1.72651553866679
