               -133.17002868652343750000                  6.31250000000000000000                 -3.32188630104064941406                  9.63438606262207031250
               -117.17002868652343750000                  9.81250000000000000000                  0.10124740749597549438                  9.71125221252441406250
               -101.17002868652343750000                  9.50000000000000000000                 -0.29417595267295837402                  9.79417610168457031250
                -85.17002868652343750000                 10.62500000000000000000                  0.74468743801116943359                  9.88031291961669921875
                -69.17002868652343750000                  9.81250000000000000000                 -0.15410159528255462646                  9.96660137176513671875
                -53.17002868652343750000                 10.93750000000000000000                  0.88751196861267089844                 10.04998779296875000000
                -37.17002868652343750000                 10.81250000000000000000                  0.68484711647033691406                 10.12765312194824218750
                -21.17002868652343750000                  9.18750000000000000000                 -1.00972747802734375000                 10.19722747802734375000
                 -5.17002868652343750000                 12.62500000000000000000                  2.36803078651428222656                 10.25696945190429687500
                 10.82997131347656250000                  9.62500000000000000000                 -0.68087631464004516602                 10.30587673187255859375
                 26.82997131347656250000                 10.25000000000000000000                 -0.09372892975807189941                 10.34372901916503906250
                 42.82997131347656250000                  9.93750000000000000000                 -0.43354654312133789062                 10.37104606628417968750
                 58.82997131347656250000                 11.12500000000000000000                  0.73603457212448120117                 10.38896560668945312500
                 74.82997131347656250000                 10.50000000000000000000                  0.10095259547233581543                 10.39904785156250000000
                 90.82997131347656250000                 10.56250000000000000000                  0.15945971012115478516                 10.40303993225097656250
                106.82997131347656250000                 12.12500000000000000000                  1.72238159179687500000                 10.40261840820312500000
                122.82997131347656250000                 10.25000000000000000000                 -0.14913383126258850098                 10.39913368225097656250
                138.82997131347656250000                  9.87500000000000000000                 -0.51841092109680175781                 10.39341068267822265625
                154.82997131347656250000                  9.00000000000000000000                 -1.38560914993286132812                 10.38560867309570312500
                170.82997131347656250000                 10.18750000000000000000                 -0.18767505884170532227                 10.37517547607421875000
                186.82997131347656250000                 70.06250000000000000000                 59.70161056518554687500                 10.36088943481445312500
                202.82997131347656250000                 93.37500000000000000000                 83.03398132324218750000                 10.34101486206054687500
                218.82997131347656250000                 18.68750000000000000000                  8.37402915954589843750                 10.31347084045410156250
                234.82997131347656250000                 10.43750000000000000000                  0.16132307052612304688                 10.27617645263671875000
                250.82997131347656250000                 10.75000000000000000000                  0.52274101972579956055                 10.22725868225097656250
                266.82997131347656250000                 10.06250000000000000000                 -0.10285577178001403809                 10.16535568237304687500
                282.82997131347656250000                 10.06250000000000000000                 -0.02733454108238220215                 10.08983421325683593750
                298.82997131347656250000                 10.31250000000000000000                  0.31155657768249511719                 10.00094318389892578125
                314.82997131347656250000                  9.06250000000000000000                 -0.83737838268280029297                  9.89987850189208984375
                330.82997131347656250000                  9.68750000000000000000                 -0.10125894844532012939                  9.78875923156738281250
                346.82997131347656250000                 10.18750000000000000000                  0.51698172092437744141                  9.67051792144775390625
                362.82997131347656250000                  9.06250000000000000000                 -0.48622032999992370605                  9.54872035980224609375
                378.82997131347656250000                 10.00000000000000000000                  0.57267522811889648438                  9.42732429504394531250
                394.82997131347656250000                 10.37500000000000000000                  1.06457734107971191406                  9.31042289733886718750
                410.82997131347656250000                  9.00000000000000000000                 -0.20196771621704101562                  9.20196723937988281250
                426.82997131347656250000                  8.31250000000000000000                 -0.79302579164505004883                  9.10552597045898437500
                442.82997131347656250000                  9.12500000000000000000                  0.10093840211629867554                  9.02406120300292968750
                458.82997131347656250000                  9.00000000000000000000                  0.04022207111120223999                  8.95977783203125000000
                474.82997131347656250000                  7.18750000000000000000                 -1.72651553153991699219                  8.91401576995849609375
