7.9535907304349
8.40883251865282
8.8880109868801
9.36531245854793
9.81534885808806
10.2157575019546
10.5495932439812
10.8071807788849
10.9871420955319
11.0964097232925
11.1491698256458
11.1648319787439
11.1652711010594
11.1717066175082
11.2016528216349
11.2663782099741
11.3692465420913
11.5051866842225
11.6613710957869
11.8190011916495
11.9559319372204
12.0497456229113
12.0808258694094
12.0349961786789
11.9053685141577
11.6931803911169
11.4075592664093
11.0643126035856
10.68397470219
10.2894276632391
9.90344385916595
9.54647178687361
9.23491646367222
8.98006637712581
8.78771091848085
8.65839352906992
8.58817047574889
8.5697011022062
8.59348390457569
