1.02412014058759
1.02565245767793
1.02738765506796
1.02889053301422
1.02976650190924
1.02972350790092
1.02862861021273
1.02655027661558
1.02377833300823
1.02081580348492
1.01834040929293
1.01713780557019
1.01801307419173
1.02169081895343
1.02871672908144
1.0393741730694
1.05362803192818
1.07110470084158
1.09111243915055
1.11270074850085
1.13475205850354
1.15609453082643
1.17562192709693
1.19240562442843
1.20578508181396
1.21542611943652
1.22134076911344
1.22386752016713
1.22361579911402
1.22138281451572
1.21805394148236
1.2144992847603
1.21147884337865
1.20956692590845
1.20910345043213
1.21017596789251
1.21263220994
1.21611922526431
1.22014220554334
