               -133.17002868652343750000                  0.37500000000000000000                 -0.64912015199661254883                  1.02412009239196777344
               -117.17002868652343750000                  1.00000000000000000000                 -0.02565245702862739563                  1.02565240859985351562
               -101.17002868652343750000                  1.12500000000000000000                  0.09761234372854232788                  1.02738761901855468750
                -85.17002868652343750000                  1.18750000000000000000                  0.15860946476459503174                  1.02889049053192138672
                -69.17002868652343750000                  1.00000000000000000000                 -0.02976650185883045197                  1.02976655960083007812
                -53.17002868652343750000                  0.68750000000000000000                 -0.34222349524497985840                  1.02972352504730224609
                -37.17002868652343750000                  1.00000000000000000000                 -0.02862861007452011108                  1.02862858772277832031
                -21.17002868652343750000                  1.00000000000000000000                 -0.02655027620494365692                  1.02655029296875000000
                 -5.17002868652343750000                  1.06250000000000000000                  0.03872166574001312256                  1.02377831935882568359
                 10.82997131347656250000                  1.56250000000000000000                  0.54168421030044555664                  1.02081584930419921875
                 26.82997131347656250000                  1.06250000000000000000                  0.04415959119796752930                  1.01834046840667724609
                 42.82997131347656250000                  0.93750000000000000000                 -0.07963780313730239868                  1.01713776588439941406
                 58.82997131347656250000                  1.00000000000000000000                 -0.01801307499408721924                  1.01801311969757080078
                 74.82997131347656250000                  1.12500000000000000000                  0.10330918431282043457                  1.02169084548950195312
                 90.82997131347656250000                  1.00000000000000000000                 -0.02871672995388507843                  1.02871668338775634766
                106.82997131347656250000                  1.00000000000000000000                 -0.03937417268753051758                  1.03937423229217529297
                122.82997131347656250000                  1.00000000000000000000                 -0.05362803116440773010                  1.05362808704376220703
                138.82997131347656250000                  0.93750000000000000000                 -0.13360470533370971680                  1.07110464572906494141
                154.82997131347656250000                  1.06250000000000000000                 -0.02861243858933448792                  1.09111249446868896484
                170.82997131347656250000                  1.37500000000000000000                  0.26229923963546752930                  1.11270070075988769531
                186.82997131347656250000                  1.87500000000000000000                  0.74024796485900878906                  1.13475203514099121094
                202.82997131347656250000                  1.62500000000000000000                  0.46890547871589660645                  1.15609455108642578125
                218.82997131347656250000                  1.25000000000000000000                  0.07437807321548461914                  1.17562198638916015625
                234.82997131347656250000                  0.50000000000000000000                 -0.69240564107894897461                  1.19240558147430419922
                250.82997131347656250000                  0.93750000000000000000                 -0.26828509569168090820                  1.20578503608703613281
                266.82997131347656250000                  1.06250000000000000000                 -0.15292611718177795410                  1.21542608737945556641
                282.82997131347656250000                  1.25000000000000000000                  0.02865923009812831879                  1.22134077548980712891
                298.82997131347656250000                  1.56250000000000000000                  0.33863249421119689941                  1.22386753559112548828
                314.82997131347656250000                  1.31250000000000000000                  0.08888419717550277710                  1.22361576557159423828
                330.82997131347656250000                  1.50000000000000000000                  0.27861717343330383301                  1.22138285636901855469
                346.82997131347656250000                  1.06250000000000000000                 -0.15555393695831298828                  1.21805393695831298828
                362.82997131347656250000                  0.81250000000000000000                 -0.40199929475784301758                  1.21449923515319824219
                378.82997131347656250000                  1.25000000000000000000                  0.03852115571498870850                  1.21147882938385009766
                394.82997131347656250000                  1.06250000000000000000                 -0.14706692099571228027                  1.20956695079803466797
                410.82997131347656250000                  1.06250000000000000000                 -0.14660345017910003662                  1.20910346508026123047
                426.82997131347656250000                  1.18750000000000000000                 -0.02267596870660781860                  1.21017599105834960938
                442.82997131347656250000                  1.37500000000000000000                  0.16236779093742370605                  1.21263217926025390625
                458.82997131347656250000                  1.18750000000000000000                 -0.02861922606825828552                  1.21611917018890380859
                474.82997131347656250000                  1.37500000000000000000                  0.15485779941082000732                  1.22014224529266357422
