-0.536721762101593
0.246815708066512
0.783957567590879
-0.174273926576112
0.247395624297861
-0.201603774566268
-0.272671825355272
-0.217899906135143
0.460185203593243
0.196471911146633
0.0511672671094523
-0.0398012351847525
-0.0769458839194281
-0.246998066705675
-0.0478508088693386
0.023812755214895
-0.0277907002909918
-0.510503582222067
-0.232277169491308
0.248262717953741
10.1213148726672
11.0755400615751
-0.202109543509854
0.161156329022193
0.661722246940774
-0.26750653427068
-0.506571455571174
-0.247899427131454
-0.245791195710941
0.246474502775099
0.414376702219596
0.132210938513429
0.150481756773545
0.0956631377892183
0.219876385413532
0.150540719660902
0.140048028258675
-0.246998168805646
-0.133955484673304
