               -133.17002868652343750000                  1.00000000000000000000                 -0.53672176599502563477                  1.53672170639038085938
               -117.17002868652343750000                  1.81250000000000000000                  0.24681571125984191895                  1.56568431854248046875
               -101.17002868652343750000                  2.37500000000000000000                  0.78395754098892211914                  1.59104239940643310547
                -85.17002868652343750000                  1.43750000000000000000                 -0.17427392303943634033                  1.61177396774291992188
                -69.17002868652343750000                  1.87500000000000000000                  0.24739561975002288818                  1.62760436534881591797
                -53.17002868652343750000                  1.43750000000000000000                 -0.20160377025604248047                  1.63910377025604248047
                -37.17002868652343750000                  1.37500000000000000000                 -0.27267181873321533203                  1.64767181873321533203
                -21.17002868652343750000                  1.43750000000000000000                 -0.21789990365505218506                  1.65539991855621337891
                 -5.17002868652343750000                  2.12500000000000000000                  0.46018519997596740723                  1.66481482982635498047
                 10.82997131347656250000                  1.87500000000000000000                  0.19647191464900970459                  1.67852807044982910156
                 26.82997131347656250000                  1.75000000000000000000                  0.05116726830601692200                  1.69883275032043457031
                 42.82997131347656250000                  1.68750000000000000000                 -0.03980123624205589294                  1.72730123996734619141
                 58.82997131347656250000                  1.68750000000000000000                 -0.07694588601589202881                  1.76444590091705322266
                 74.82997131347656250000                  1.56250000000000000000                 -0.24699807167053222656                  1.80949807167053222656
                 90.82997131347656250000                  1.81250000000000000000                 -0.04785080999135971069                  1.86035084724426269531
                106.82997131347656250000                  1.93750000000000000000                  0.02381275594234466553                  1.91368722915649414062
                122.82997131347656250000                  1.93750000000000000000                 -0.02779070101678371429                  1.96529066562652587891
                138.82997131347656250000                  1.50000000000000000000                 -0.51050359010696411133                  2.01050353050231933594
                154.82997131347656250000                  1.81250000000000000000                 -0.23227716982364654541                  2.04477715492248535156
                170.82997131347656250000                  2.31250000000000000000                  0.24826271831989288330                  2.06423735618591308594
                186.82997131347656250000                 12.18750000000000000000                 10.12131500244140625000                  2.06618523597717285156
                202.82997131347656250000                 13.12500000000000000000                 11.07553958892822265625                  2.04945993423461914062
                218.82997131347656250000                  1.81250000000000000000                 -0.20210954546928405762                  2.01460957527160644531
                234.82997131347656250000                  2.12500000000000000000                  0.16115632653236389160                  1.96384370326995849609
                250.82997131347656250000                  2.56250000000000000000                  0.66172224283218383789                  1.90077769756317138672
                266.82997131347656250000                  1.56250000000000000000                 -0.26750653982162475586                  1.83000648021697998047
                282.82997131347656250000                  1.25000000000000000000                 -0.50657147169113159180                  1.75657141208648681641
                298.82997131347656250000                  1.43750000000000000000                 -0.24789942800998687744                  1.68539941310882568359
                314.82997131347656250000                  1.37500000000000000000                 -0.24579119682312011719                  1.62079119682312011719
                330.82997131347656250000                  1.81250000000000000000                  0.24647450447082519531                  1.56602549552917480469
                346.82997131347656250000                  1.93750000000000000000                  0.41437670588493347168                  1.52312326431274414062
                362.82997131347656250000                  1.62500000000000000000                  0.13221094012260437012                  1.49278903007507324219
                378.82997131347656250000                  1.62500000000000000000                  0.15048176050186157227                  1.47451829910278320312
                394.82997131347656250000                  1.56250000000000000000                  0.09566313773393630981                  1.46683681011199951172
                410.82997131347656250000                  1.68750000000000000000                  0.21987637877464294434                  1.46762359142303466797
                426.82997131347656250000                  1.62500000000000000000                  0.15054072439670562744                  1.47445929050445556641
                442.82997131347656250000                  1.62500000000000000000                  0.14004802703857421875                  1.48495197296142578125
                458.82997131347656250000                  1.25000000000000000000                 -0.24699817597866058350                  1.49699819087982177734
                474.82997131347656250000                  1.37500000000000000000                 -0.13395547866821289062                  1.50895547866821289062
