               -133.17002868652343750000                 23.81250000000000000000                -15.01345252990722656250                 38.82595443725585937500
               -117.17002868652343750000                 38.93750000000000000000                 -0.02842574566602706909                 38.96592712402343750000
               -101.17002868652343750000                 39.12500000000000000000                  0.04096887633204460144                 39.08403015136718750000
                -85.17002868652343750000                 39.50000000000000000000                  0.33501416444778442383                 39.16498565673828125000
                -69.17002868652343750000                 38.56250000000000000000                 -0.63471007347106933594                 39.19720840454101562500
                -53.17002868652343750000                 40.18750000000000000000                  1.01285326480865478516                 39.17464828491210937500
                -37.17002868652343750000                 38.81250000000000000000                 -0.28555664420127868652                 39.09805679321289062500
                -21.17002868652343750000                 39.56250000000000000000                  0.58693856000900268555                 38.97556304931640625000
                 -5.17002868652343750000                 42.62500000000000000000                  3.80270433425903320312                 38.82229614257812500000
                 10.82997131347656250000                 39.75000000000000000000                  1.09085071086883544922                 38.65914916992187500000
                 26.82997131347656250000                 38.06250000000000000000                 -0.44821193814277648926                 38.51071166992187500000
                 42.82997131347656250000                 36.25000000000000000000                 -2.15265655517578125000                 38.40265655517578125000
                 58.82997131347656250000                 37.31250000000000000000                 -1.04638540744781494141                 38.35888671875000000000
                 74.82997131347656250000                 38.50000000000000000000                  0.10118832439184188843                 38.39881134033203125000
                 90.82997131347656250000                 37.37500000000000000000                 -1.16013586521148681641                 38.53513717651367187500
                106.82997131347656250000                 38.12500000000000000000                 -0.64740777015686035156                 38.77240753173828125000
                122.82997131347656250000                 38.12500000000000000000                 -0.98155289888381958008                 39.10655212402343750000
                138.82997131347656250000                 41.37500000000000000000                  1.84959971904754638672                 39.52540206909179687500
                154.82997131347656250000                 42.31250000000000000000                  2.30239295959472656250                 40.01010894775390625000
                170.82997131347656250000                 39.75000000000000000000                 -0.78725039958953857422                 40.53725051879882812500
                186.82997131347656250000                 54.25000000000000000000                 13.16872596740722656250                 41.08127593994140625000
                202.82997131347656250000                 48.31250000000000000000                  6.69554948806762695312                 41.61695098876953125000
                218.82997131347656250000                 43.56250000000000000000                  1.44096386432647705078                 42.12153625488281250000
                234.82997131347656250000                 42.12500000000000000000                 -0.45138150453567504883                 42.57638168334960937500
                250.82997131347656250000                 42.37500000000000000000                 -0.59285449981689453125                 42.96785354614257812500
                266.82997131347656250000                 42.25000000000000000000                 -1.03755545616149902344                 43.28755569458007812500
                282.82997131347656250000                 44.68750000000000000000                  1.15558707714080810547                 43.53191375732421875000
                298.82997131347656250000                 46.12500000000000000000                  2.42366933822631835938                 43.70133209228515625000
                314.82997131347656250000                 42.18750000000000000000                 -1.61159968376159667969                 43.79909896850585937500
                330.82997131347656250000                 41.87500000000000000000                 -1.95529103279113769531                 43.83029174804687500000
                346.82997131347656250000                 44.18750000000000000000                  0.38668712973594665527                 43.80081176757812500000
                362.82997131347656250000                 44.75000000000000000000                  1.03325128555297851562                 43.71674728393554687500
                378.82997131347656250000                 41.56250000000000000000                 -2.02152252197265625000                 43.58402252197265625000
                394.82997131347656250000                 44.50000000000000000000                  1.09163653850555419922                 43.40836334228515625000
                410.82997131347656250000                 43.81250000000000000000                  0.61701291799545288086                 43.19548797607421875000
                426.82997131347656250000                 42.50000000000000000000                 -0.45138090848922729492                 42.95138168334960937500
                442.82997131347656250000                 44.68750000000000000000                  2.00492715835571289062                 42.68257141113281250000
                458.82997131347656250000                 42.18750000000000000000                 -0.20878545939922332764                 42.39628601074218750000
                474.82997131347656250000                 36.62500000000000000000                 -5.47541522979736328125                 42.10041427612304687500
