38.8259528981461
38.9659257457916
39.0840311242167
39.1649858424564
39.1972100749384
39.1746467242675
39.0980566363953
38.9755614694043
38.8222957661519
38.6591492623128
38.5107119512324
38.4026566269566
38.3588854508518
38.3988116783608
38.5351358279426
38.7724077705727
39.1065528929441
39.5254002665381
40.0101070818669
40.5372503853672
41.0812742963814
41.6169506666366
42.1215361413049
42.5763814897993
42.9678544981076
43.2875554176542
43.5319129131022
43.7013307729183
43.7990997416522
43.8302910497127
43.8008128663291
43.7167487317687
43.5840225772065
43.4083634151201
43.1954870795583
42.9513809039798
42.6825727306357
42.3962854555334
42.1004154358761
