-4.39104052378258
-0.141759175929272
0.799189973502321
-1.00292485928598
0.203900814062221
-1.76680103914478
1.64745327019992
1.07067763120669
-0.123853721375422
0.561747182119628
-1.06209321361869
-1.12198234314776
-0.868705345285388
1.19799202529101
0.141933109760396
-0.597166218048089
0.670935581899441
-1.05100108666879
-1.01076567169046
1.10526544871114
4.73421704419794
0.811505495368078
0.520878593347664
0.169712292666315
-0.372969634043161
-1.11332381668286
-0.181959488195135
-0.645760291677238
-0.0698535085077552
-0.26730098128205
-0.0490511177129509
1.27584861264164
1.58731743250388
0.141154100890043
-0.056616741978905
-2.25037525029034
0.314564651508203
0.141585120419562
-1.39241767696892
