               -133.17002868652343750000                  7.87500000000000000000                 -4.39104032516479492188                 12.26604080200195312500
               -117.17002868652343750000                 12.18750000000000000000                 -0.14175917208194732666                 12.32925891876220703125
               -101.17002868652343750000                 13.18750000000000000000                  0.79918998479843139648                 12.38831043243408203125
                -85.17002868652343750000                 11.43750000000000000000                 -1.00292479991912841797                 12.44042491912841796875
                -69.17002868652343750000                 12.68750000000000000000                  0.20390081405639648438                 12.48359870910644531250
                -53.17002868652343750000                 10.75000000000000000000                 -1.76680099964141845703                 12.51680088043212890625
                -37.17002868652343750000                 14.18750000000000000000                  1.64745330810546875000                 12.54004669189453125000
                -21.17002868652343750000                 13.62500000000000000000                  1.07067763805389404297                 12.55432224273681640625
                 -5.17002868652343750000                 12.43750000000000000000                 -0.12385372072458267212                 12.56135368347167968750
                 10.82997131347656250000                 13.12500000000000000000                  0.56174719333648681641                 12.56325244903564453125
                 26.82997131347656250000                 11.50000000000000000000                 -1.06209325790405273438                 12.56209278106689453125
                 42.82997131347656250000                 11.43750000000000000000                 -1.12198233604431152344                 12.55948257446289062500
                 58.82997131347656250000                 11.68750000000000000000                 -0.86870533227920532227                 12.55620574951171875000
                 74.82997131347656250000                 13.75000000000000000000                  1.19799196720123291016                 12.55200767517089843750
                 90.82997131347656250000                 12.68750000000000000000                  0.14193311333656311035                 12.54556655883789062500
                106.82997131347656250000                 11.93750000000000000000                 -0.59716624021530151367                 12.53466606140136718750
                122.82997131347656250000                 13.18750000000000000000                  0.67093557119369506836                 12.51656436920166015625
                138.82997131347656250000                 11.43750000000000000000                 -1.05100107192993164062                 12.48850154876708984375
                154.82997131347656250000                 11.43750000000000000000                 -1.01076567173004150391                 12.44826602935791015625
                170.82997131347656250000                 13.50000000000000000000                  1.10526549816131591797                 12.39473438262939453125
                186.82997131347656250000                 17.06250000000000000000                  4.73421716690063476562                 12.32828330993652343750
                202.82997131347656250000                 13.06250000000000000000                  0.81150549650192260742                 12.25099468231201171875
                218.82997131347656250000                 12.68750000000000000000                  0.52087861299514770508                 12.16662120819091796875
                234.82997131347656250000                 12.25000000000000000000                  0.16971229016780853271                 12.08028793334960937500
                250.82997131347656250000                 11.62500000000000000000                 -0.37296962738037109375                 11.99796962738037109375
                266.82997131347656250000                 10.81250000000000000000                 -1.11332380771636962891                 11.92582416534423828125
                282.82997131347656250000                 11.68750000000000000000                 -0.18195949494838714600                 11.86945915222167968750
                298.82997131347656250000                 11.18750000000000000000                 -0.64576029777526855469                 11.83326053619384765625
                314.82997131347656250000                 11.75000000000000000000                 -0.06985350698232650757                 11.81985378265380859375
                330.82997131347656250000                 11.56250000000000000000                 -0.26730099320411682129                 11.82980060577392578125
                346.82997131347656250000                 11.81250000000000000000                 -0.04905111715197563171                 11.86155128479003906250
                362.82997131347656250000                 13.18750000000000000000                  1.27584862709045410156                 11.91165161132812500000
                378.82997131347656250000                 13.56250000000000000000                  1.58731746673583984375                 11.97518253326416015625
                394.82997131347656250000                 12.18750000000000000000                  0.14115409553050994873                 12.04634571075439453125
                410.82997131347656250000                 12.06250000000000000000                 -0.05661674216389656067                 12.11911678314208984375
                426.82997131347656250000                  9.93750000000000000000                 -2.25037527084350585938                 12.18787479400634765625
                442.82997131347656250000                 12.56250000000000000000                  0.31456464529037475586                 12.24793529510498046875
                458.82997131347656250000                 12.43750000000000000000                  0.14158512651920318604                 12.29591464996337890625
                474.82997131347656250000                 10.93750000000000000000                 -1.39241766929626464844                 12.32991790771484375000
