12.2660405237826
12.3292591759293
12.3883100264977
12.440424859286
12.4835991859378
12.5168010391448
12.5400467298001
12.5543223687933
12.5613537213754
12.5632528178804
12.5620932136187
12.5594823431478
12.5562053452854
12.552007974709
12.5455668902396
12.5346662180481
12.5165644181006
12.4885010866688
12.4482656716905
12.3947345512889
12.3282829558021
12.2509945046319
12.1666214066523
12.0802877073337
11.9979696340432
11.9258238166829
11.8694594881951
11.8332602916772
11.8198535085078
11.829800981282
11.861551117713
11.9116513873584
11.9751825674961
12.04634589911
12.1191167419789
12.1878752502903
12.2479353484918
12.2959148795804
12.3299176769689
