-0.426060440116121
-0.00851829231169066
0.0325299644813625
0.0106738255442377
-0.323016436343348
0.0324124386101556
0.202712903004815
0.000877624378189168
0.114612755226844
0.293846249316731
-0.461731102267164
-0.34009899566268
-0.0293259530860202
-0.342485124019452
0.0949202604252426
0.0325117943252213
-0.0924351194397501
-0.0924899992134487
0.344908957673194
0.0324124759774247
0.720207907776097
0.908466521095051
-0.465201011178166
-0.150774459747163
-0.335835715263762
0.104438036779888
-0.0177028992414661
0.422453322455224
-0.450380481018994
0.176048205830535
-0.0734357643868546
-0.0114126804273671
0.11214213659623
-0.140144441401786
-0.205557812420799
0.416180722614036
0.537884541098959
-0.277629755020237
0.0324278085569267
