               -133.17002868652343750000                  0.50000000000000000000                 -0.42606043815612792969                  0.92606043815612792969
               -117.17002868652343750000                  0.93750000000000000000                 -0.00851829256862401962                  0.94601827859878540039
               -101.17002868652343750000                  1.00000000000000000000                  0.03252996504306793213                  0.96747004985809326172
                -85.17002868652343750000                  1.00000000000000000000                  0.01067382562905550003                  0.98932617902755737305
                -69.17002868652343750000                  0.68750000000000000000                 -0.32301643490791320801                  1.01051640510559082031
                -53.17002868652343750000                  1.06250000000000000000                  0.03241243958473205566                  1.03008759021759033203
                -37.17002868652343750000                  1.25000000000000000000                  0.20271290838718414307                  1.04728710651397705078
                -21.17002868652343750000                  1.06250000000000000000                  0.00087762437760829926                  1.06162238121032714844
                 -5.17002868652343750000                  1.18750000000000000000                  0.11461275815963745117                  1.07288730144500732422
                 10.82997131347656250000                  1.37500000000000000000                  0.29384624958038330078                  1.08115375041961669922
                 26.82997131347656250000                  0.62500000000000000000                 -0.46173110604286193848                  1.08673107624053955078
                 42.82997131347656250000                  0.75000000000000000000                 -0.34009900689125061035                  1.09009897708892822266
                 58.82997131347656250000                  1.06250000000000000000                 -0.02932595275342464447                  1.09182596206665039062
                 74.82997131347656250000                  0.75000000000000000000                 -0.34248512983322143555                  1.09248507022857666016
                 90.82997131347656250000                  1.18750000000000000000                  0.09492026269435882568                  1.09257972240447998047
                106.82997131347656250000                  1.12500000000000000000                  0.03251179307699203491                  1.09248816967010498047
                122.82997131347656250000                  1.00000000000000000000                 -0.09243512153625488281                  1.09243512153625488281
                138.82997131347656250000                  1.00000000000000000000                 -0.09249000251293182373                  1.09248995780944824219
                154.82997131347656250000                  1.43750000000000000000                  0.34490895271301269531                  1.09259104728698730469
                170.82997131347656250000                  1.12500000000000000000                  0.03241247683763504028                  1.09258747100830078125
                186.82997131347656250000                  1.81250000000000000000                  0.72020792961120605469                  1.09229207038879394531
                202.82997131347656250000                  2.00000000000000000000                  0.90846651792526245117                  1.09153342247009277344
                218.82997131347656250000                  0.62500000000000000000                 -0.46520102024078369141                  1.09020102024078369141
                234.82997131347656250000                  0.93750000000000000000                 -0.15077446401119232178                  1.08827447891235351562
                250.82997131347656250000                  0.75000000000000000000                 -0.33583572506904602051                  1.08583569526672363281
                266.82997131347656250000                  1.18750000000000000000                  0.10443803668022155762                  1.08306193351745605469
                282.82997131347656250000                  1.06250000000000000000                 -0.01770289987325668335                  1.08020293712615966797
                298.82997131347656250000                  1.50000000000000000000                  0.42245331406593322754                  1.07754671573638916016
                314.82997131347656250000                  0.62500000000000000000                 -0.45038047432899475098                  1.07538044452667236328
                330.82997131347656250000                  1.25000000000000000000                  0.17604820430278778076                  1.07395184040069580078
                346.82997131347656250000                  1.00000000000000000000                 -0.07343576103448867798                  1.07343578338623046875
                362.82997131347656250000                  1.06250000000000000000                 -0.01141268014907836914                  1.07391273975372314453
                378.82997131347656250000                  1.18750000000000000000                  0.11214213818311691284                  1.07535791397094726562
                394.82997131347656250000                  0.93750000000000000000                 -0.14014443755149841309                  1.07764446735382080078
                410.82997131347656250000                  0.87500000000000000000                 -0.20555780827999114990                  1.08055782318115234375
                426.82997131347656250000                  1.50000000000000000000                  0.41618072986602783203                  1.08381927013397216797
                442.82997131347656250000                  1.62500000000000000000                  0.53788453340530395508                  1.08711540699005126953
                458.82997131347656250000                  0.81250000000000000000                 -0.27762976288795471191                  1.09012973308563232422
                474.82997131347656250000                  1.12500000000000000000                  0.03242781013250350952                  1.09257221221923828125
