0.926060440116121
0.946018292311691
0.967470035518638
0.989326174455762
1.01051643634335
1.03008756138984
1.04728709699518
1.06162237562181
1.07288724477316
1.08115375068327
1.08673110226716
1.09009899566268
1.09182595308602
1.09248512401945
1.09257973957476
1.09248820567478
1.09243511943975
1.09248999921345
1.09259104232681
1.09258752402258
1.0922920922239
1.09153347890495
1.09020101117817
1.08827445974716
1.08583571526376
1.08306196322011
1.08020289924147
1.07754667754478
1.07538048101899
1.07395179416947
1.07343576438685
1.07391268042737
1.07535786340377
1.07764444140179
1.0805578124208
1.08381927738596
1.08711545890104
1.09012975502024
1.09257219144307
