1.81657177822524
1.83864982910025
1.85866556571712
1.87559399413667
1.88870957497651
1.8976658786534
1.90253525103202
1.90380138831869
1.90230314304584
1.89913384134839
1.89550618669678
1.89259774529554
1.89139539480827
1.89255843053083
1.89631890799309
1.90243416157454
1.91020049723586
1.91852938975024
1.92607903567814
1.93142599392197
1.93325515839313
1.93054261376401
1.92270584437461
1.90969957370497
1.8920428240024
1.87077256972902
1.84733008009186
1.82339593565215
1.80069709056316
1.78081298990595
1.7650070696482
1.75410517922753
1.74843452186778
1.74782708563327
1.75168194612941
1.75907285606228
1.76888238685462
1.7799421416621
1.79116014776366
