-0.316571778225237
0.036350170899752
0.266334434282879
-0.313093994136666
0.236290425023495
0.477334121346595
-0.0900352510320184
0.0336986116813105
-0.152303143045843
-0.211633841348394
-0.0205061866967786
0.294902254704457
0.108604605191733
-0.205058430530829
0.166181092006907
-0.0899341615745362
0.0897995027641401
-0.543529389750245
-0.48857903567814
-0.306425993921968
3.37924484160687
3.94445738623599
0.702294155625395
0.215300426295025
-0.329542824002397
-0.370772569729022
0.0901699199081389
0.176604064347848
-0.0506970905631601
-0.468312989905954
-0.202507069648204
0.0583948207724685
0.439065478132218
-0.310327085633272
0.623318053870589
0.303427143937725
-0.581382386854618
-0.0299421416621004
-0.0411601477636621
