               -133.17002868652343750000                  1.50000000000000000000                 -0.31657177209854125977                  1.81657183170318603516
               -117.17002868652343750000                  1.87500000000000000000                  0.03635017201304435730                  1.83864986896514892578
               -101.17002868652343750000                  2.12500000000000000000                  0.26633444428443908691                  1.85866558551788330078
                -85.17002868652343750000                  1.56250000000000000000                 -0.31309399008750915527                  1.87559401988983154297
                -69.17002868652343750000                  2.12500000000000000000                  0.23629042506217956543                  1.88870954513549804688
                -53.17002868652343750000                  2.37500000000000000000                  0.47733411192893981934                  1.89766585826873779297
                -37.17002868652343750000                  1.81250000000000000000                 -0.09003525227308273315                  1.90253520011901855469
                -21.17002868652343750000                  1.93750000000000000000                  0.03369861096143722534                  1.90380144119262695312
                 -5.17002868652343750000                  1.75000000000000000000                 -0.15230314433574676514                  1.90230309963226318359
                 10.82997131347656250000                  1.68750000000000000000                 -0.21163384616374969482                  1.89913380146026611328
                 26.82997131347656250000                  1.87500000000000000000                 -0.02050618641078472137                  1.89550614356994628906
                 42.82997131347656250000                  2.18750000000000000000                  0.29490226507186889648                  1.89259779453277587891
                 58.82997131347656250000                  2.00000000000000000000                  0.10860460251569747925                  1.89139544963836669922
                 74.82997131347656250000                  1.68750000000000000000                 -0.20505842566490173340                  1.89255845546722412109
                 90.82997131347656250000                  2.06250000000000000000                  0.16618108749389648438                  1.89631891250610351562
                106.82997131347656250000                  1.81250000000000000000                 -0.08993416279554367065                  1.90243411064147949219
                122.82997131347656250000                  2.00000000000000000000                  0.08979950100183486938                  1.91020047664642333984
                138.82997131347656250000                  1.37500000000000000000                 -0.54352939128875732422                  1.91852939128875732422
                154.82997131347656250000                  1.43750000000000000000                 -0.48857903480529785156                  1.92607903480529785156
                170.82997131347656250000                  1.62500000000000000000                 -0.30642598867416381836                  1.93142604827880859375
                186.82997131347656250000                  5.31250000000000000000                  3.37924480438232421875                  1.93325519561767578125
                202.82997131347656250000                  5.87500000000000000000                  3.94445729255676269531                  1.93054258823394775391
                218.82997131347656250000                  2.62500000000000000000                  0.70229417085647583008                  1.92270588874816894531
                234.82997131347656250000                  2.12500000000000000000                  0.21530042588710784912                  1.90969955921173095703
                250.82997131347656250000                  1.56250000000000000000                 -0.32954281568527221680                  1.89204287528991699219
                266.82997131347656250000                  1.50000000000000000000                 -0.37077257037162780762                  1.87077260017395019531
                282.82997131347656250000                  1.93750000000000000000                  0.09016992151737213135                  1.84733009338378906250
                298.82997131347656250000                  2.00000000000000000000                  0.17660406231880187988                  1.82339596748352050781
                314.82997131347656250000                  1.75000000000000000000                 -0.05069709196686744690                  1.80069708824157714844
                330.82997131347656250000                  1.31250000000000000000                 -0.46831297874450683594                  1.78081297874450683594
                346.82997131347656250000                  1.56250000000000000000                 -0.20250706374645233154                  1.76500701904296875000
                362.82997131347656250000                  1.81250000000000000000                  0.05839481949806213379                  1.75410521030426025391
                378.82997131347656250000                  2.18750000000000000000                  0.43906548619270324707                  1.74843454360961914062
                394.82997131347656250000                  1.43750000000000000000                 -0.31032708287239074707                  1.74782705307006835938
                410.82997131347656250000                  2.37500000000000000000                  0.62331807613372802734                  1.75168192386627197266
                426.82997131347656250000                  2.06250000000000000000                  0.30342712998390197754                  1.75907289981842041016
                442.82997131347656250000                  1.18750000000000000000                 -0.58138239383697509766                  1.76888239383697509766
                458.82997131347656250000                  1.75000000000000000000                 -0.02994214184582233429                  1.77994215488433837891
                474.82997131347656250000                  1.75000000000000000000                 -0.04116014763712882996                  1.79116010665893554688
