1.49040397946313
1.47712484363731
1.46643134157498
1.45945900928783
1.45717282422443
1.46024626093831
1.46895939956764
1.48313165021526
1.50210151227981
1.52476038271325
1.54964042019199
1.57504886785214
1.59923422982151
1.62056446457718
1.6376948463173
1.64970388090202
1.65617963999039
1.65724554091941
1.65352293285092
1.64603654593877
1.63607655580664
1.62505992875442
1.61424904279079
1.60484005990931
1.59761936744797
1.59301842858669
1.59107973954343
1.59149454728177
1.59367958285314
1.5968791627342
1.6002770559127
1.60310294993001
1.60472083940745
1.60469059269655
1.60279856973403
1.59905770842683
1.59368132929994
1.58703759361971
1.5795928937191
