-0.67790397946313
0.147875156362687
0.283568658425024
0.353040990712173
-0.457172824224429
-0.147746260938313
-0.0314593995676433
0.204368349784737
-0.127101512279813
-0.212260382713247
-0.11214042019199
0.299951132147861
-0.661734229821512
0.0669355354228161
0.112305153682701
0.162796119097977
0.031320360009613
0.0927544590805875
-0.403522932850917
-0.208536545938772
4.42642344419336
7.06244007124558
-0.176749042790793
0.0826599400906876
-0.535119367447971
-0.21801842858669
0.0339202604565683
-0.0289945472817721
0.0313204171468564
-0.221879162734202
0.149722944087297
0.0843970500699924
-0.792220839407448
0.020309407303446
-0.102798569734032
0.213442291573171
-0.0311813292999448
0.537962406380291
-0.704592893719103
