1.49135907443355
1.48693452882777
1.48271019790344
1.47937099766877
1.47769645605003
1.47847067904666
1.48237758786087
1.48989444385218
1.5011981473079
1.51609821985806
1.53400777455629
1.55395947828045
1.57466810740751
1.59463552431907
1.61228851702505
1.62613561743272
1.63492624855107
1.63779464186251
1.63437199425432
1.6248531859494
1.61000877908547
1.59113854887417
1.56996894543809
1.54850304229237
1.52883704712915
1.51296168529679
1.50256914289379
1.49888635970072
1.50255312009934
1.51355873776452
1.53124463306909
1.5543725252923
1.58125027706536
1.60990067644939
1.63825356628872
1.66433941850157
1.6864630124538
1.70333918551668
1.71417813785256
