1.63594553697962
1.62591022217294
1.61240168934187
1.59605241571356
1.57779823173625
1.55881694540722
1.54043072393158
1.52397967922324
1.51067903097514
1.50147601333635
1.49692462915424
1.49709592900957
1.50153850771428
1.50929855704397
1.5190016661439
1.52899052436329
1.53750486826818
1.54288358413463
1.54376485207221
1.53925931380702
1.52907374185319
1.51356836046365
1.49373910857199
1.4711256401224
1.44765539606763
1.42544229719418
1.40656432612142
1.39284668902239
1.3856760669458
1.38586691662998
1.39359358994942
1.40839330858721
1.42923604326551
1.45464937256382
1.48288048682057
1.51207434164498
1.54044678524734
1.56643405993986
1.58880480085359
