-0.5278776288844
-0.0231854188727905
0.0486765334512567
-0.687506899289682
0.517457668784215
0.162186852750531
0.307315101939924
0.0131657766994662
-0.410016836035071
0.0981989713090028
-0.151300898012278
-0.346946423300106
-0.0513247923422233
0.0488809690676393
-0.294657132327628
-0.142069429041962
0.00946364724056892
0.16290447154694
0.196031490304768
0.0486352247502184
1.65977575623297
0.780131176117084
-0.34054678260194
-0.265868767980161
-0.560148763595775
0.274325071317354
-0.63994263511278
0.632115687311105
-0.411628085172685
0.727189495968532
-0.764959371002401
0.0490476819413135
-0.205547051101701
0.284528778206866
-0.417054573929716
0.441116384307077
-0.0769594352518705
0.217658108179462
-0.0487675566173797
