               -133.17002868652343750000                  0.81250000000000000000                 -0.52787762880325317383                  1.34037768840789794922
               -117.17002868652343750000                  1.31250000000000000000                 -0.02318541891872882843                  1.33568537235260009766
               -101.17002868652343750000                  1.37500000000000000000                  0.04867653176188468933                  1.32632350921630859375
                -85.17002868652343750000                  0.62500000000000000000                 -0.68750691413879394531                  1.31250691413879394531
                -69.17002868652343750000                  1.81250000000000000000                  0.51745766401290893555                  1.29504227638244628906
                -53.17002868652343750000                  1.43750000000000000000                  0.16218684613704681396                  1.27531313896179199219
                -37.17002868652343750000                  1.56250000000000000000                  0.30731511116027832031                  1.25518488883972167969
                -21.17002868652343750000                  1.25000000000000000000                  0.01316577661782503128                  1.23683416843414306641
                 -5.17002868652343750000                  0.81250000000000000000                 -0.41001683473587036133                  1.22251689434051513672
                 10.82997131347656250000                  1.31250000000000000000                  0.09819897264242172241                  1.21430099010467529297
                 26.82997131347656250000                  1.06250000000000000000                 -0.15130089223384857178                  1.21380090713500976562
                 42.82997131347656250000                  0.87500000000000000000                 -0.34694641828536987305                  1.22194647789001464844
                 58.82997131347656250000                  1.18750000000000000000                 -0.05132479220628738403                  1.23882484436035156250
                 74.82997131347656250000                  1.31250000000000000000                  0.04888096824288368225                  1.26361906528472900391
                 90.82997131347656250000                  1.00000000000000000000                 -0.29465714097023010254                  1.29465711116790771484
                106.82997131347656250000                  1.18750000000000000000                 -0.14206942915916442871                  1.32956945896148681641
                122.82997131347656250000                  1.37500000000000000000                  0.00946364738047122955                  1.36553633213043212891
                138.82997131347656250000                  1.56250000000000000000                  0.16290447115898132324                  1.39959549903869628906
                154.82997131347656250000                  1.62500000000000000000                  0.19603149592876434326                  1.42896854877471923828
                170.82997131347656250000                  1.50000000000000000000                  0.04863522574305534363                  1.45136475563049316406
                186.82997131347656250000                  3.12500000000000000000                  1.65977573394775390625                  1.46522426605224609375
                202.82997131347656250000                  2.25000000000000000000                  0.78013116121292114258                  1.46986877918243408203
                218.82997131347656250000                  1.12500000000000000000                 -0.34054678678512573242                  1.46554672718048095703
                234.82997131347656250000                  1.18750000000000000000                 -0.26586875319480895996                  1.45336878299713134766
                250.82997131347656250000                  0.87500000000000000000                 -0.56014877557754516602                  1.43514871597290039062
                266.82997131347656250000                  1.68750000000000000000                  0.27432507276535034180                  1.41317498683929443359
                282.82997131347656250000                  0.75000000000000000000                 -0.63994264602661132812                  1.38994264602661132812
                298.82997131347656250000                  2.00000000000000000000                  0.63211566209793090820                  1.36788427829742431641
                314.82997131347656250000                  0.93750000000000000000                 -0.41162809729576110840                  1.34912812709808349609
                330.82997131347656250000                  2.06250000000000000000                  0.72718948125839233398                  1.33531045913696289062
                346.82997131347656250000                  0.56250000000000000000                 -0.76495939493179321289                  1.32745933532714843750
                362.82997131347656250000                  1.37500000000000000000                  0.04904768243432044983                  1.32595229148864746094
                378.82997131347656250000                  1.12500000000000000000                 -0.20554704964160919189                  1.33054709434509277344
                394.82997131347656250000                  1.62500000000000000000                  0.28452879190444946289                  1.34047126770019531250
                410.82997131347656250000                  0.93750000000000000000                 -0.41705456376075744629                  1.35455453395843505859
                426.82997131347656250000                  1.81250000000000000000                  0.44111639261245727539                  1.37138366699218750000
                442.82997131347656250000                  1.31250000000000000000                 -0.07695943862199783325                  1.38945949077606201172
                458.82997131347656250000                  1.62500000000000000000                  0.21765810251235961914                  1.40734183788299560547
                474.82997131347656250000                  1.37500000000000000000                 -0.04876755550503730774                  1.42376756668090820312
