1.3403776288844
1.33568541887279
1.32632346654874
1.31250689928968
1.29504233121579
1.27531314724947
1.25518489806008
1.23683422330053
1.22251683603507
1.214301028691
1.21380089801228
1.22194642330011
1.23882479234222
1.26361903093236
1.29465713232763
1.32956942904196
1.36553635275943
1.39959552845306
1.42896850969523
1.45136477524978
1.46522424376703
1.46986882388292
1.46554678260194
1.45336876798016
1.43514876359577
1.41317492868265
1.38994263511278
1.36788431268889
1.34912808517269
1.33531050403147
1.3274593710024
1.32595231805869
1.3305470511017
1.34047122179313
1.35455457392972
1.37138361569292
1.38945943525187
1.40734189182054
1.42376755661738
