               -133.17002868652343750000                  4.00000000000000000000                 -3.70658922195434570312                  7.70658922195434570312
               -117.17002868652343750000                  8.43750000000000000000                  0.69377118349075317383                  7.74372863769531250000
               -101.17002868652343750000                  7.87500000000000000000                  0.08945276588201522827                  7.78554725646972656250
                -85.17002868652343750000                  7.50000000000000000000                 -0.32952481508255004883                  7.82952499389648437500
                -69.17002868652343750000                  7.93750000000000000000                  0.06486014276742935181                  7.87263965606689453125
                -53.17002868652343750000                  7.68750000000000000000                 -0.22409290075302124023                  7.91159296035766601562
                -37.17002868652343750000                  8.06250000000000000000                  0.11940292268991470337                  7.94309711456298828125
                -21.17002868652343750000                  7.62500000000000000000                 -0.33920928835868835449                  7.96420907974243164062
                 -5.17002868652343750000                  9.75000000000000000000                  1.77733278274536132812                  7.97266721725463867188
                 10.82997131347656250000                  8.68750000000000000000                  0.72030895948410034180                  7.96719121932983398438
                 26.82997131347656250000                  7.75000000000000000000                 -0.19770686328411102295                  7.94770669937133789062
                 42.82997131347656250000                  7.31250000000000000000                 -0.60295569896697998047                  7.91545581817626953125
                 58.82997131347656250000                  8.18750000000000000000                  0.31453794240951538086                  7.87296199798583984375
                 74.82997131347656250000                  8.62500000000000000000                  0.80114704370498657227                  7.82385301589965820312
                 90.82997131347656250000                  8.43750000000000000000                  0.66496044397354125977                  7.77253961563110351562
                106.82997131347656250000                  8.43750000000000000000                  0.71370893716812133789                  7.72379112243652343750
                122.82997131347656250000                  7.43750000000000000000                 -0.24475096166133880615                  7.68225097656250000000
                138.82997131347656250000                  7.56250000000000000000                 -0.08945271372795104980                  7.65195274353027343750
                154.82997131347656250000                  7.12500000000000000000                 -0.51089805364608764648                  7.63589811325073242188
                170.82997131347656250000                  7.12500000000000000000                 -0.51075178384780883789                  7.63575172424316406250
                186.82997131347656250000                 79.62500000000000000000                 71.97330474853515625000                  7.65169286727905273438
                202.82997131347656250000                109.50000000000000000000                101.81751251220703125000                  7.68248605728149414062
                218.82997131347656250000                 16.31250000000000000000                  8.58705329895019531250                  7.72544717788696289062
                234.82997131347656250000                  8.43750000000000000000                  0.66027265787124633789                  7.77722740173339843750
                250.82997131347656250000                  8.43750000000000000000                  0.60371959209442138672                  7.83378028869628906250
                266.82997131347656250000                  8.50000000000000000000                  0.60896295309066772461                  7.89103698730468750000
                282.82997131347656250000                  8.87500000000000000000                  0.92972129583358764648                  7.94527864456176757812
                298.82997131347656250000                  8.25000000000000000000                  0.25652667880058288574                  7.99347352981567382812
                314.82997131347656250000                  7.56250000000000000000                 -0.47099301218986511230                  8.03349304199218750000
                330.82997131347656250000                  7.06250000000000000000                 -1.00169694423675537109                  8.06419658660888671875
                346.82997131347656250000                  8.68750000000000000000                  0.60211408138275146484                  8.08538627624511718750
                362.82997131347656250000                  6.87500000000000000000                 -1.22265052795410156250                  8.09765052795410156250
                378.82997131347656250000                  7.50000000000000000000                 -0.60215061902999877930                  8.10215091705322265625
                394.82997131347656250000                  7.25000000000000000000                 -0.85036635398864746094                  8.10036659240722656250
                410.82997131347656250000                  8.18750000000000000000                  0.09363944083452224731                  8.09386062622070312500
                426.82997131347656250000                  8.62500000000000000000                  0.54091638326644897461                  8.08408355712890625000
                442.82997131347656250000                  8.06250000000000000000                 -0.00974117871373891830                  8.07224082946777343750
                458.82997131347656250000                  8.18750000000000000000                  0.12827025353908538818                  8.05922985076904296875
                474.82997131347656250000                  5.68750000000000000000                 -2.35813570022583007812                  8.04563617706298828125
