6.12463290762262
6.47351488029286
6.81063924199957
7.1157209237165
7.37182298692613
7.5673561574374
7.69759892118571
7.76550403627422
7.78162988707593
7.76313770721677
7.73191629847532
7.71201831677523
7.72669834123645
7.79541541831352
7.93118796552127
8.13865964526205
8.41315215266152
8.74085464315662
9.10014730715016
9.46390106333241
9.80246058107951
10.0869251508045
10.2923059311204
10.4001640573542
10.4004168670425
10.2921245681363
10.083215916563
9.78925512209962
9.43147122386208
9.03434906616273
8.6231093397774
8.22138442070576
7.84933541563787
7.52236804589162
7.2505074299068
7.03840042362935
6.88584155910586
6.78867238814132
6.739886312209
