-0.766755227821995
-0.538502487528243
0.132672539418309
0.379812323299002
0.209741898170787
-0.122605823006767
0.322840808102521
-0.8914051310605
0.294715318871313
0.251700749683125
-0.276381671295814
0.0788798073644621
-0.688944180009188
-0.210384037208487
-0.614504038671643
0.721422205705474
-0.140536950837791
-0.0116811604005118
-0.202098452723819
-0.208716227588338
8.59661151902115
9.71657371618541
0.0905052074683028
0.156672461262214
-0.21024206645716
-0.261474158808397
0.00112461532722241
-0.174536379289217
0.209595932401483
-0.0979550991443703
-0.0979722512412775
-0.227949069759252
-0.0496248018313024
0.500869193218253
0.425285691907628
-0.274497425919478
-0.0967292565967668
0.21000468017198
-0.165859947306953
