               -133.17002868652343750000                  1.00000000000000000000                 -0.76675522327423095703                  1.76675522327423095703
               -117.17002868652343750000                  1.37500000000000000000                 -0.53850251436233520508                  1.91350245475769042969
               -101.17002868652343750000                  2.18750000000000000000                  0.13267253339290618896                  2.05482745170593261719
                -85.17002868652343750000                  2.56250000000000000000                  0.37981233000755310059                  2.18268775939941406250
                -69.17002868652343750000                  2.50000000000000000000                  0.20974190533161163330                  2.29025816917419433594
                -53.17002868652343750000                  2.25000000000000000000                 -0.12260582298040390015                  2.37260580062866210938
                -37.17002868652343750000                  2.75000000000000000000                  0.32284080982208251953                  2.42715930938720703125
                -21.17002868652343750000                  1.56250000000000000000                 -0.89140510559082031250                  2.45390510559082031250
                 -5.17002868652343750000                  2.75000000000000000000                  0.29471531510353088379                  2.45528459548950195312
                 10.82997131347656250000                  2.68750000000000000000                  0.25170075893402099609                  2.43579936027526855469
                 26.82997131347656250000                  2.12500000000000000000                 -0.27638167142868041992                  2.40138173103332519531
                 42.82997131347656250000                  2.43750000000000000000                  0.07887981086969375610                  2.35862016677856445312
                 58.82997131347656250000                  1.62500000000000000000                 -0.68894416093826293945                  2.31394410133361816406
                 74.82997131347656250000                  2.06250000000000000000                 -0.21038404107093811035                  2.27288413047790527344
                 90.82997131347656250000                  1.62500000000000000000                 -0.61450403928756713867                  2.23950409889221191406
                106.82997131347656250000                  2.93750000000000000000                  0.72142219543457031250                  2.21607780456542968750
                122.82997131347656250000                  2.06250000000000000000                 -0.14053694903850555420                  2.20303702354431152344
                138.82997131347656250000                  2.18750000000000000000                 -0.01168115995824337006                  2.19918107986450195312
                154.82997131347656250000                  2.00000000000000000000                 -0.20209845900535583496                  2.20209836959838867188
                170.82997131347656250000                  2.00000000000000000000                 -0.20871622860431671143                  2.20871615409851074219
                186.82997131347656250000                 10.81250000000000000000                  8.59661197662353515625                  2.21588850021362304688
                202.82997131347656250000                 11.93750000000000000000                  9.71657371520996093750                  2.22092628479003906250
                218.82997131347656250000                  2.31250000000000000000                  0.09050520509481430054                  2.22199487686157226562
                234.82997131347656250000                  2.37500000000000000000                  0.15667246282100677490                  2.21832752227783203125
                250.82997131347656250000                  2.00000000000000000000                 -0.21024206280708312988                  2.21024203300476074219
                266.82997131347656250000                  1.93750000000000000000                 -0.26147416234016418457                  2.19897413253784179688
                282.82997131347656250000                  2.18750000000000000000                  0.00112461531534790993                  2.18637537956237792969
                298.82997131347656250000                  2.00000000000000000000                 -0.17453637719154357910                  2.17453646659851074219
                314.82997131347656250000                  2.37500000000000000000                  0.20959593355655670166                  2.16540408134460449219
                330.82997131347656250000                  2.06250000000000000000                 -0.09795510023832321167                  2.16045498847961425781
                346.82997131347656250000                  2.06250000000000000000                 -0.09797225147485733032                  2.16047215461730957031
                362.82997131347656250000                  1.93750000000000000000                 -0.22794906795024871826                  2.16544914245605468750
                378.82997131347656250000                  2.12500000000000000000                 -0.04962480068206787109                  2.17462491989135742188
                394.82997131347656250000                  2.68750000000000000000                  0.50086921453475952148                  2.18663072586059570312
                410.82997131347656250000                  2.62500000000000000000                  0.42528569698333740234                  2.19971442222595214844
                426.82997131347656250000                  1.93750000000000000000                 -0.27449741959571838379                  2.21199750900268554688
                442.82997131347656250000                  2.12500000000000000000                 -0.09672925621271133423                  2.22172927856445312500
                458.82997131347656250000                  2.43750000000000000000                  0.21000468730926513672                  2.22749543190002441406
                474.82997131347656250000                  2.06250000000000000000                 -0.16585995256900787354                  2.22835993766784667969
