28.5581339828546
28.5821459497277
28.6026870948452
28.6217192448469
28.6400655650501
28.6570899463445
28.6705557593343
28.6767011864874
28.6705417836734
28.6463810522845
28.5984805301599
28.521816144201
28.4128307083015
28.2700859755882
28.0947228577166
27.8906552941274
27.6644504743245
27.4248831607628
27.1821911663765
26.9470982614901
26.729705136478
26.5386292753977
26.378741566572
26.2529957808231
26.1595157828799
26.0929507595303
26.0447489594821
26.0040965649513
25.9591682994114
25.8985460453232
25.8126335781108
25.6948902294464
25.5427257334996
25.3579406380998
25.1466556758332
24.9187406968996
24.686819035306
24.4649766963213
24.2673397249998
