-10.9956339828546
0.667854050272258
-0.29018709484518
-1.4342192448469
0.234934434949878
-1.40708994634451
3.20444424066574
-2.86420118648737
5.26695821632662
1.91611894771548
-2.47348053015986
0.290683855799003
-1.10033070830153
1.79241402441178
-0.0947228577165653
0.734344705872559
-0.289450474324525
-1.11238316076282
3.63030883362347
0.490401738509927
87.520294863522
148.461370724602
22.496258433428
3.8095042191769
0.527984217120135
-0.65545075953035
-0.732248959482057
-0.691596564951308
-1.52166829941142
0.288953954676831
2.2498664218892
1.86760977055361
1.51977426650041
0.454559361900227
-0.146655675833152
-2.04374069689963
-2.74931903530597
0.285023303678742
-4.07983972499981
