               -133.17002868652343750000                 17.56250000000000000000                -10.99563407897949218750                 28.55813407897949218750
               -117.17002868652343750000                 29.25000000000000000000                  0.66785407066345214844                 28.58214569091796875000
               -101.17002868652343750000                 28.31250000000000000000                 -0.29018709063529968262                 28.60268783569335937500
                -85.17002868652343750000                 27.18750000000000000000                 -1.43421924114227294922                 28.62171936035156250000
                -69.17002868652343750000                 28.87500000000000000000                  0.23493443429470062256                 28.64006614685058593750
                -53.17002868652343750000                 27.25000000000000000000                 -1.40708994865417480469                 28.65708923339843750000
                -37.17002868652343750000                 31.87500000000000000000                  3.20444416999816894531                 28.67055511474609375000
                -21.17002868652343750000                 25.81250000000000000000                 -2.86420106887817382812                 28.67670059204101562500
                 -5.17002868652343750000                 33.93750000000000000000                  5.26695823669433593750                 28.67054176330566406250
                 10.82997131347656250000                 30.56250000000000000000                  1.91611897945404052734                 28.64638137817382812500
                 26.82997131347656250000                 26.12500000000000000000                 -2.47348046302795410156                 28.59848022460937500000
                 42.82997131347656250000                 28.81250000000000000000                  0.29068386554718017578                 28.52181625366210937500
                 58.82997131347656250000                 27.31250000000000000000                 -1.10033071041107177734                 28.41283035278320312500
                 74.82997131347656250000                 30.06250000000000000000                  1.79241406917572021484                 28.27008628845214843750
                 90.82997131347656250000                 28.00000000000000000000                 -0.09472285956144332886                 28.09472274780273437500
                106.82997131347656250000                 28.62500000000000000000                  0.73434472084045410156                 27.89065551757812500000
                122.82997131347656250000                 27.37500000000000000000                 -0.28945046663284301758                 27.66444969177246093750
                138.82997131347656250000                 26.31250000000000000000                 -1.11238312721252441406                 27.42488288879394531250
                154.82997131347656250000                 30.81250000000000000000                  3.63030886650085449219                 27.18219184875488281250
                170.82997131347656250000                 27.43750000000000000000                  0.49040174484252929688                 26.94709777832031250000
                186.82997131347656250000                114.25000000000000000000                 87.52029418945312500000                 26.72970581054687500000
                202.82997131347656250000                175.00000000000000000000                148.46136474609375000000                 26.53862953186035156250
                218.82997131347656250000                 48.87500000000000000000                 22.49625778198242187500                 26.37874221801757812500
                234.82997131347656250000                 30.06250000000000000000                  3.80950427055358886719                 26.25299644470214843750
                250.82997131347656250000                 26.68750000000000000000                  0.52798420190811157227                 26.15951538085937500000
                266.82997131347656250000                 25.43750000000000000000                 -0.65545076131820678711                 26.09295082092285156250
                282.82997131347656250000                 25.31250000000000000000                 -0.73224896192550659180                 26.04474830627441406250
                298.82997131347656250000                 25.31250000000000000000                 -0.69159656763076782227                 26.00409698486328125000
                314.82997131347656250000                 24.43750000000000000000                 -1.52166831493377685547                 25.95916748046875000000
                330.82997131347656250000                 26.18750000000000000000                  0.28895395994186401367                 25.89854621887207031250
                346.82997131347656250000                 28.06250000000000000000                  2.24986648559570312500                 25.81263351440429687500
                362.82997131347656250000                 27.56250000000000000000                  1.86760973930358886719                 25.69489097595214843750
                378.82997131347656250000                 27.06250000000000000000                  1.51977431774139404297                 25.54272651672363281250
                394.82997131347656250000                 25.81250000000000000000                  0.45455935597419738770                 25.35794067382812500000
                410.82997131347656250000                 25.00000000000000000000                 -0.14665567874908447266                 25.14665603637695312500
                426.82997131347656250000                 22.87500000000000000000                 -2.04374074935913085938                 24.91874122619628906250
                442.82997131347656250000                 21.93750000000000000000                 -2.74931907653808593750                 24.68681907653808593750
                458.82997131347656250000                 24.75000000000000000000                  0.28502330183982849121                 24.46497726440429687500
                474.82997131347656250000                 20.18750000000000000000                 -4.07983970642089843750                 24.26733970642089843750
