25.7102576539217
26.5041088089853
27.2410788800276
27.8814553462519
28.3950111116299
28.7645644675035
28.98811268647
29.0791442397788
29.0649677325576
28.9831745341823
28.8766351457958
28.7876703532428
28.7521941725068
28.794664837584
28.9245889551663
29.1351106942367
29.4039126408389
29.6963056107458
29.9700490012066
30.1811784609541
30.2899698563283
30.26616357628
30.0927114338588
29.7675640839856
29.3033430962124
28.7250796299595
28.0664915673081
27.3654644889972
26.6594706314947
25.9816002884668
25.3577125357643
24.8049758222046
24.3318126445132
23.9390342084623
23.621788502751
23.3718697992516
23.1799514747069
23.0373922693649
22.9374016536132
