0.761690844766862
0.772332111490685
0.785592774868178
0.801133568025087
0.818581234630551
0.83755604500381
0.857690472258023
0.878635835213612
0.900056037876687
0.921610200464251
0.94292850277752
0.963587453464839
0.983091647671272
1.00086863825342
1.01628180510553
1.02866328781754
1.03736558520635
1.04182689737578
1.04164230684612
1.03663100781139
1.02688936792558
1.01282077579137
0.995135854306555
0.97482032698053
0.953072055749291
0.931212887333145
0.910584338404772
0.892438328939098
0.877834846313523
0.867557532426684
0.862055905901444
0.86141962647792
0.865386368927498
0.873381033247781
0.884580673994912
0.897997077239989
0.912567590702571
0.927244692047547
0.941075768583007
