-0.574190844766862
-0.0223321114906847
-0.285592774868178
0.448866431974913
0.243918765369449
-0.0250560450038099
-0.0451904722580234
0.371364164786388
-0.0250560378766865
0.0158897995357492
-0.00542850277752038
0.0989125465351607
-0.295591647671272
-0.37586863825342
0.0462181948944678
-0.153663287817542
0.0876344147936461
-0.104326897375779
0.0208576931538784
0.0883689921886053
0.0981106320744209
0.674679224208631
-0.307635854306555
0.0251796730194704
-0.140572055749291
-0.118712887333145
0.0269156615952277
-0.0174383289390976
0.0596651536864767
-0.0550575324266844
-0.112055905901444
-0.23641962647792
0.259613631072502
0.376618966752219
-0.134580673994912
-0.0229970772399888
0.0249324092974292
-0.177244692047547
0.183924231416993
