5.59172355998147
5.63356482068651
5.66239548447678
5.67543269149626
5.6710326039061
5.64893459924831
5.6103716844886
5.5580247163425
5.49581717940188
5.42856791518342
5.36153822828701
5.29992429542992
5.24835351500834
5.21044316940309
5.18847160348933
5.18319735651888
5.19384260763486
5.21823676235597
5.25309695034762
5.29440716119292
5.33784848915608
5.37928342744536
5.41487580010399
5.44192474887433
5.45852834291997
5.46392619505321
5.45840900477639
5.44318284472864
5.42015986133655
5.39170527409867
5.36037166956098
5.3286491038512
5.29875419581953
5.27247418684123
5.25107392616547
5.23526593053949
5.22523692730867
5.22071925056653
5.22109246985675
