-2.21672355998147
-0.696064820686514
-0.037395484476777
0.44956730850374
0.641467396093905
-0.0239345992483111
0.0771283155114029
0.566975283657501
0.129182820598123
-0.241067915183421
0.0134617717129863
-0.362424295429919
-0.185853515008344
-0.460443169403092
-0.438471603489331
1.69180264348112
0.306157392365138
0.469263237644027
-0.190596950347615
-0.169407161192923
66.9121515108439
86.7457165725546
6.96012419989601
0.620575251125669
0.166471657080032
0.161073804946786
-0.64590900477639
-1.31818284472864
-0.857659861336553
0.358294725901326
0.0771283304390167
0.421350896148803
-0.986254195819532
-1.14747418684123
-0.626073926165472
0.0772340694605136
0.337263072691328
0.279280749433468
-0.658592469856746
