               -133.17002868652343750000                  3.37500000000000000000                 -2.21672344207763671875                  5.59172344207763671875
               -117.17002868652343750000                  4.93750000000000000000                 -0.69606482982635498047                  5.63356494903564453125
               -101.17002868652343750000                  5.62500000000000000000                 -0.03739548474550247192                  5.66239547729492187500
                -85.17002868652343750000                  6.12500000000000000000                  0.44956731796264648438                  5.67543268203735351562
                -69.17002868652343750000                  6.31250000000000000000                  0.64146739244461059570                  5.67103242874145507812
                -53.17002868652343750000                  5.62500000000000000000                 -0.02393459901213645935                  5.64893436431884765625
                -37.17002868652343750000                  5.68750000000000000000                  0.07712831348180770874                  5.61037158966064453125
                -21.17002868652343750000                  6.12500000000000000000                  0.56697529554367065430                  5.55802488327026367188
                 -5.17002868652343750000                  5.62500000000000000000                  0.12918281555175781250                  5.49581718444824218750
                 10.82997131347656250000                  5.18750000000000000000                 -0.24106791615486145020                  5.42856788635253906250
                 26.82997131347656250000                  5.37500000000000000000                  0.01346177142113447189                  5.36153841018676757812
                 42.82997131347656250000                  4.93750000000000000000                 -0.36242428421974182129                  5.29992437362670898438
                 58.82997131347656250000                  5.06250000000000000000                 -0.18585351109504699707                  5.24835348129272460938
                 74.82997131347656250000                  4.75000000000000000000                 -0.46044316887855529785                  5.21044301986694335938
                 90.82997131347656250000                  4.75000000000000000000                 -0.43847161531448364258                  5.18847179412841796875
                106.82997131347656250000                  6.87500000000000000000                  1.69180262088775634766                  5.18319749832153320312
                122.82997131347656250000                  5.50000000000000000000                  0.30615738034248352051                  5.19384241104125976562
                138.82997131347656250000                  5.68750000000000000000                  0.46926322579383850098                  5.21823692321777343750
                154.82997131347656250000                  5.06250000000000000000                 -0.19059695303440093994                  5.25309705734252929688
                170.82997131347656250000                  5.12500000000000000000                 -0.16940715909004211426                  5.29440736770629882812
                186.82997131347656250000                 72.25000000000000000000                 66.91215515136718750000                  5.33784866333007812500
                202.82997131347656250000                 92.12500000000000000000                 86.74571990966796875000                  5.37928342819213867188
                218.82997131347656250000                 12.37500000000000000000                  6.96012401580810546875                  5.41487598419189453125
                234.82997131347656250000                  6.06250000000000000000                  0.62057524919509887695                  5.44192457199096679688
                250.82997131347656250000                  5.62500000000000000000                  0.16647166013717651367                  5.45852851867675781250
                266.82997131347656250000                  5.62500000000000000000                  0.16107380390167236328                  5.46392631530761718750
                282.82997131347656250000                  4.81250000000000000000                 -0.64590901136398315430                  5.45840883255004882812
                298.82997131347656250000                  4.12500000000000000000                 -1.31818282604217529297                  5.44318294525146484375
                314.82997131347656250000                  4.56250000000000000000                 -0.85765987634658813477                  5.42015981674194335938
                330.82997131347656250000                  5.75000000000000000000                  0.35829472541809082031                  5.39170503616333007812
                346.82997131347656250000                  5.43750000000000000000                  0.07712832838296890259                  5.36037158966064453125
                362.82997131347656250000                  5.75000000000000000000                  0.42135089635848999023                  5.32864904403686523438
                378.82997131347656250000                  4.31250000000000000000                 -0.98625421524047851562                  5.29875421524047851562
                394.82997131347656250000                  4.12500000000000000000                 -1.14747416973114013672                  5.27247428894042968750
                410.82997131347656250000                  4.62500000000000000000                 -0.62607389688491821289                  5.25107383728027343750
                426.82997131347656250000                  5.31250000000000000000                  0.07723406702280044556                  5.23526573181152343750
                442.82997131347656250000                  5.56250000000000000000                  0.33726307749748229980                  5.22523689270019531250
                458.82997131347656250000                  5.50000000000000000000                  0.27928075194358825684                  5.22071933746337890625
                474.82997131347656250000                  4.56250000000000000000                 -0.65859246253967285156                  5.22109270095825195312
