32.5115525624151
32.6610609221624
32.81470657429
32.9722916376883
33.1336617628997
33.2983569677299
33.4651912085388
33.6318208471914
33.7943747187701
33.9472206476441
34.0829334515609
34.1925081138155
34.2658313091387
34.29238897261
34.262152319106
34.1665551018156
33.9994557063789
33.7579721813564
33.4430877212941
33.0599473990728
32.6178009550929
32.1296361918759
31.6111904303575
31.0804548241665
30.5560289418832
30.0561759101885
29.5976448016269
29.1947057217989
28.8584221685398
28.5962051880895
28.4116619185064
28.3047211947935
28.2719944631435
28.3073136190629
28.4023794840933
28.5474550768197
28.7320451417746
28.9455154088774
29.1776193567342
