-15.5115525624151
-0.0360609221623776
2.12279342571002
0.965208362311714
-0.0711617628997203
-2.48585696772993
0.347308791461188
-0.81932084719142
1.83062528122989
-0.384720647644059
-1.08293345156095
0.807491886184543
0.921668690861274
-0.604888972610027
-1.51215231910599
1.77094489818443
1.3130442936211
0.429527818643606
-2.63058772129409
1.19005260092716
56.1321990449071
83.4953638081242
9.95130956964251
0.294545175833537
-2.49352894188324
-1.24367591018851
1.71485519837311
-0.882205721798851
1.76657783146021
-1.22120518808954
-0.536661918506422
0.507778805206534
-2.39699446314351
0.317686380937058
1.03512051590666
-1.54745507681974
-0.294545141774648
-2.63301540887741
-8.92761935673422
