               -133.17002868652343750000                 17.00000000000000000000                -15.51155281066894531250                 32.51155090332031250000
               -117.17002868652343750000                 32.62500000000000000000                 -0.03606092184782028198                 32.66106033325195312500
               -101.17002868652343750000                 34.93750000000000000000                  2.12279343605041503906                 32.81470489501953125000
                -85.17002868652343750000                 33.93750000000000000000                  0.96520835161209106445                 32.97229003906250000000
                -69.17002868652343750000                 33.06250000000000000000                 -0.07116176187992095947                 33.13366317749023437500
                -53.17002868652343750000                 30.81250000000000000000                 -2.48585700988769531250                 33.29835510253906250000
                -37.17002868652343750000                 33.81250000000000000000                  0.34730878472328186035                 33.46519088745117187500
                -21.17002868652343750000                 32.81250000000000000000                 -0.81932085752487182617                 33.63182067871093750000
                 -5.17002868652343750000                 35.62500000000000000000                  1.83062529563903808594                 33.79437637329101562500
                 10.82997131347656250000                 33.56250000000000000000                 -0.38472065329551696777                 33.94721984863281250000
                 26.82997131347656250000                 33.00000000000000000000                 -1.08293342590332031250                 34.08293533325195312500
                 42.82997131347656250000                 35.00000000000000000000                  0.80749189853668212891                 34.19250869750976562500
                 58.82997131347656250000                 35.18750000000000000000                  0.92166870832443237305                 34.26583099365234375000
                 74.82997131347656250000                 33.68750000000000000000                 -0.60488897562026977539                 34.29238891601562500000
                 90.82997131347656250000                 32.75000000000000000000                 -1.51215231418609619141                 34.26215362548828125000
                106.82997131347656250000                 35.93750000000000000000                  1.77094495296478271484                 34.16655349731445312500
                122.82997131347656250000                 35.31250000000000000000                  1.31304430961608886719                 33.99945449829101562500
                138.82997131347656250000                 34.18750000000000000000                  0.42952781915664672852                 33.75797271728515625000
                154.82997131347656250000                 30.81250000000000000000                 -2.63058781623840332031                 33.44308853149414062500
                170.82997131347656250000                 34.25000000000000000000                  1.19005262851715087891                 33.05994796752929687500
                186.82997131347656250000                 88.75000000000000000000                 56.13219833374023437500                 32.61780166625976562500
                202.82997131347656250000                115.62500000000000000000                 83.49536132812500000000                 32.12963485717773437500
                218.82997131347656250000                 41.56250000000000000000                  9.95130920410156250000                 31.61119079589843750000
                234.82997131347656250000                 31.37500000000000000000                  0.29454517364501953125                 31.08045387268066406250
                250.82997131347656250000                 28.06250000000000000000                 -2.49352884292602539062                 30.55602836608886718750
                266.82997131347656250000                 28.81250000000000000000                 -1.24367594718933105469                 30.05617523193359375000
                282.82997131347656250000                 31.31250000000000000000                  1.71485519409179687500                 29.59764480590820312500
                298.82997131347656250000                 28.31250000000000000000                 -0.88220572471618652344                 29.19470596313476562500
                314.82997131347656250000                 30.62500000000000000000                  1.76657783985137939453                 28.85842132568359375000
                330.82997131347656250000                 27.37500000000000000000                 -1.22120523452758789062                 28.59620475769042968750
                346.82997131347656250000                 27.87500000000000000000                 -0.53666192293167114258                 28.41166114807128906250
                362.82997131347656250000                 28.81250000000000000000                  0.50777882337570190430                 28.30472183227539062500
                378.82997131347656250000                 25.87500000000000000000                 -2.39699435234069824219                 28.27199363708496093750
                394.82997131347656250000                 28.62500000000000000000                  0.31768637895584106445                 28.30731391906738281250
                410.82997131347656250000                 29.43750000000000000000                  1.03512048721313476562                 28.40237998962402343750
                426.82997131347656250000                 27.00000000000000000000                 -1.54745507240295410156                 28.54745483398437500000
                442.82997131347656250000                 28.43750000000000000000                 -0.29454514384269714355                 28.73204421997070312500
                458.82997131347656250000                 26.31250000000000000000                 -2.63301539421081542969                 28.94551467895507812500
                474.82997131347656250000                 20.25000000000000000000                 -8.92761898040771484375                 29.17761993408203125000
