30.6479042862686
31.2043940577073
31.7481033863015
32.2590894431233
32.7210410815542
33.1226907361967
33.4585944872675
33.7291384280479
33.9397360278585
34.0993040316762
34.2182246653758
34.3060986734636
34.3696478182564
34.4111232205852
34.4275124238364
34.4107192223728
34.3487329111827
34.2276332496538
34.0341242416292
33.7581829954634
33.3953717586536
32.9484022223929
32.4276571963722
31.8505469731654
31.2397758336142
30.6207820468781
30.0187574994994
29.4557241196092
28.9481305843944
28.5053377125033
28.1292032293673
27.8147865423022
27.552007312836
27.3279415993213
27.1293513904823
26.9450297817039
26.7676026256817
26.5945428020826
26.4283006165892
