5.09584225002643
5.13113122300713
5.1721954573085
5.21691515514854
5.26322504390179
5.3093424863525
5.35396731916753
5.39642727195028
5.43674863575187
5.47564067641171
5.51439296975705
5.5546959107979
5.59840457241014
5.64727347024992
5.70269360766297
5.76546292676092
5.83561707032378
5.91233982077746
5.99396283747743
6.07805374412362
6.16158165987301
6.24114593403191
6.31321061756625
6.37441800837639
6.42179013834211
6.45296302370351
6.46633861624526
6.4611788815193
6.43763507613104
6.39671578534807
6.34020167332328
6.27051774474811
6.1905753081954
6.10359605070732
6.01293004546928
5.92187846040421
5.83353045519126
5.75062235580107
5.67542567152578
