4.69885368205177
4.7929704820967
4.88418834439497
4.96716472049268
5.03836661138286
5.09664835317983
5.14354374416216
5.18320204778541
5.22194259604134
5.26745654860435
5.3277392230759
5.40988371394249
5.51889804480611
5.65671742975724
5.82156700506543
6.00778921908429
6.20618871844018
6.40487454663531
6.59050581169149
6.74978448815473
6.87099823340717
6.94540434349924
6.96826590173533
6.93940011203959
6.86316909451717
6.74792368855356
6.60498801899161
6.44733437844163
6.28813491853628
6.1393838271987
6.0107614744321
5.90886577997874
5.83687486395476
5.79463980715998
5.7791477421169
5.78525205609109
5.80654330726707
5.83623265788425
5.86793664248061
