-10.8976015135065
0.859242602826814
0.100829001921163
-0.237370779801477
1.03168550148965
-1.15300803617919
-0.412788142160025
-1.05431434927304
2.68020668658122
0.362567876702705
-0.309589237872061
0.298933585821519
2.69753423246849
-0.293525619046026
2.64365150728061
-0.238444611282851
-0.315533248230786
2.0334300603558
0.989003309800999
2.60425857224024
60.2429813267003
91.4554103615093
11.1670437281135
1.61610313262889
-1.58238011202399
-0.373957304064163
1.11065242771292
1.93066268588435
-0.727395165109652
-0.237468428453507
-0.846910205024056
0.823022932884154
0.839164269139733
-0.356523416013914
0.677680963487024
-1.36699887324747
-0.237468363557372
1.63122148220608
-2.88404904345183
