               -133.17002868652343750000                 13.00000000000000000000                -10.89760112762451171875                 23.89760208129882812500
               -117.17002868652343750000                 24.81250000000000000000                  0.85924261808395385742                 23.95325660705566406250
               -101.17002868652343750000                 24.12500000000000000000                  0.10082900524139404297                 24.02417182922363281250
                -85.17002868652343750000                 23.87500000000000000000                 -0.23737077414989471436                 24.11237144470214843750
                -69.17002868652343750000                 25.25000000000000000000                  1.03168547153472900391                 24.21831512451171875000
                -53.17002868652343750000                 23.18750000000000000000                 -1.15300798416137695312                 24.34050750732421875000
                -37.17002868652343750000                 24.06250000000000000000                 -0.41278815269470214844                 24.47528839111328125000
                -21.17002868652343750000                 23.56250000000000000000                 -1.05431437492370605469                 24.61681365966796875000
                 -5.17002868652343750000                 27.43750000000000000000                  2.68020677566528320312                 24.75729370117187500000
                 10.82997131347656250000                 25.25000000000000000000                  0.36256787180900573730                 24.88743209838867187500
                 26.82997131347656250000                 24.68750000000000000000                 -0.30958923697471618652                 24.99708938598632812500
                 42.82997131347656250000                 25.37500000000000000000                  0.29893359541893005371                 25.07606697082519531250
                 58.82997131347656250000                 27.81250000000000000000                  2.69753432273864746094                 25.11496543884277343750
                 74.82997131347656250000                 24.81250000000000000000                 -0.29352560639381408691                 25.10602569580078125000
                 90.82997131347656250000                 27.68750000000000000000                  2.64365148544311523438                 25.04384803771972656250
                106.82997131347656250000                 24.68750000000000000000                 -0.23844461143016815186                 24.92594528198242187500
                122.82997131347656250000                 24.43750000000000000000                 -0.31553325057029724121                 24.75303268432617187500
                138.82997131347656250000                 26.56250000000000000000                  2.03343009948730468750                 24.52906990051269531250
                154.82997131347656250000                 25.25000000000000000000                  0.98900330066680908203                 24.26099586486816406250
                170.82997131347656250000                 26.56250000000000000000                  2.60425853729248046875                 23.95824050903320312500
                186.82997131347656250000                 83.87500000000000000000                 60.24298095703125000000                 23.63201904296875000000
                202.82997131347656250000                114.75000000000000000000                 91.45541381835937500000                 23.29458999633789062500
                218.82997131347656250000                 34.12500000000000000000                 11.16704368591308593750                 22.95795631408691406250
                234.82997131347656250000                 24.25000000000000000000                  1.61610317230224609375                 22.63389778137207031250
                250.82997131347656250000                 20.75000000000000000000                 -1.58238005638122558594                 22.33238029479980468750
                266.82997131347656250000                 21.68750000000000000000                 -0.37395730614662170410                 22.06145668029785156250
                282.82997131347656250000                 22.93750000000000000000                  1.11065244674682617188                 21.82684707641601562500
                298.82997131347656250000                 23.56250000000000000000                  1.93066263198852539062                 21.63183784484863281250
                314.82997131347656250000                 20.75000000000000000000                 -0.72739517688751220703                 21.47739601135253906250
                330.82997131347656250000                 21.12500000000000000000                 -0.23746842145919799805                 21.36246871948242187500
                346.82997131347656250000                 20.43750000000000000000                 -0.84691017866134643555                 21.28441047668457031250
                362.82997131347656250000                 22.06250000000000000000                  0.82302296161651611328                 21.23947715759277343750
                378.82997131347656250000                 22.06250000000000000000                  0.83916425704956054688                 21.22333526611328125000
                394.82997131347656250000                 20.87500000000000000000                 -0.35652342438697814941                 21.23152351379394531250
                410.82997131347656250000                 21.93750000000000000000                  0.67768096923828125000                 21.25981903076171875000
                426.82997131347656250000                 19.93750000000000000000                 -1.36699891090393066406                 21.30449867248535156250
                442.82997131347656250000                 21.12500000000000000000                 -0.23746836185455322266                 21.36246871948242187500
                458.82997131347656250000                 23.06250000000000000000                  1.63122153282165527344                 21.43127822875976562500
                474.82997131347656250000                 18.62500000000000000000                 -2.88404893875122070312                 21.50904846191406250000
