22.5495086288597
23.0439699700733
23.5334789021849
23.9967921149482
24.4162441566251
24.7796791202675
25.0817249921152
25.3241645552599
25.5152731583635
25.6681462428087
25.7982059180491
25.9202280352346
26.0453401324219
26.1784820059075
26.3167803340896
26.4491667095918
26.557380197548
26.6182706431194
26.6070960628655
26.5013272746425
26.2843701371375
25.9486117909063
25.4972954254041
24.9449123519934
24.3160380719944
23.6427879423736
22.9612835755989
22.3076658955184
21.7142416087705
21.2063017651455
20.8000175015324
20.501627274878
20.3079186814887
20.2078140181867
20.1847234406869
20.219252651792
20.2918490716852
20.3850333003349
20.4849726994827
