1.0216548589372
1.09486259394927
1.17065649894064
1.24519107822112
1.31463272291663
1.37549922124675
1.42497950767276
1.46119498497392
1.48336869342538
1.49187867130226
1.48818594210156
1.47464381388268
1.45421121615656
1.43010612133132
1.40544348337664
1.38290406676337
1.36447555162157
1.35129607787195
1.34361472571838
1.34086592707046
1.34183841140364
1.34490675096973
1.34828689019064
1.3502771082194
1.3494522790254
1.34479049484769
1.33572471864962
1.32212543261994
1.30423080923243
1.28254704252425
1.25774247189769
1.23055543773142
1.20172876996144
1.17197531510984
1.14197092930061
1.11236553285481
1.08380010209335
1.05691803475926
1.03236259634741
