               -133.17002868652343750000                  0.68750000000000000000                 -0.33415484428405761719                  1.02165484428405761719
               -117.17002868652343750000                  1.00000000000000000000                 -0.09486259520053863525                  1.09486258029937744141
               -101.17002868652343750000                  1.43750000000000000000                  0.26684349775314331055                  1.17065644264221191406
                -85.17002868652343750000                  1.43750000000000000000                  0.19230891764163970947                  1.24519109725952148438
                -69.17002868652343750000                  1.00000000000000000000                 -0.31463271379470825195                  1.31463277339935302734
                -53.17002868652343750000                  1.43750000000000000000                  0.06200077757239341736                  1.37549924850463867188
                -37.17002868652343750000                  1.37500000000000000000                 -0.04997950792312622070                  1.42497944831848144531
                -21.17002868652343750000                  1.75000000000000000000                  0.28880500793457031250                  1.46119499206542968750
                 -5.17002868652343750000                  1.50000000000000000000                  0.01663130708038806915                  1.48336863517761230469
                 10.82997131347656250000                  1.37500000000000000000                 -0.11687867343425750732                  1.49187862873077392578
                 26.82997131347656250000                  1.62500000000000000000                  0.13681405782699584961                  1.48818588256835937500
                 42.82997131347656250000                  2.00000000000000000000                  0.52535617351531982422                  1.47464382648468017578
                 58.82997131347656250000                  1.43750000000000000000                 -0.01671121641993522644                  1.45421123504638671875
                 74.82997131347656250000                  1.18750000000000000000                 -0.24260611832141876221                  1.43010616302490234375
                 90.82997131347656250000                  1.50000000000000000000                  0.09455651789903640747                  1.40544342994689941406
                106.82997131347656250000                  1.43750000000000000000                  0.05459593236446380615                  1.38290405273437500000
                122.82997131347656250000                  1.31250000000000000000                 -0.05197555199265480042                  1.36447560787200927734
                138.82997131347656250000                  1.18750000000000000000                 -0.16379608213901519775                  1.35129606723785400391
                154.82997131347656250000                  1.18750000000000000000                 -0.15611472725868225098                  1.34361469745635986328
                170.82997131347656250000                  1.18750000000000000000                 -0.15336592495441436768                  1.34086596965789794922
                186.82997131347656250000                  5.75000000000000000000                  4.40816164016723632812                  1.34183835983276367188
                202.82997131347656250000                  4.87500000000000000000                  3.53009319305419921875                  1.34490680694580078125
                218.82997131347656250000                  1.68750000000000000000                  0.33921310305595397949                  1.34828686714172363281
                234.82997131347656250000                  1.68750000000000000000                  0.33722290396690368652                  1.35027706623077392578
                250.82997131347656250000                  1.43750000000000000000                  0.08804772049188613892                  1.34945225715637207031
                266.82997131347656250000                  1.25000000000000000000                 -0.09479049593210220337                  1.34479045867919921875
                282.82997131347656250000                  0.62500000000000000000                 -0.71072471141815185547                  1.33572471141815185547
                298.82997131347656250000                  0.81250000000000000000                 -0.50962543487548828125                  1.32212543487548828125
                314.82997131347656250000                  1.50000000000000000000                  0.19576919078826904297                  1.30423080921173095703
                330.82997131347656250000                  1.18750000000000000000                 -0.09504704177379608154                  1.28254699707031250000
                346.82997131347656250000                  1.50000000000000000000                  0.24225753545761108398                  1.25774252414703369141
                362.82997131347656250000                  1.00000000000000000000                 -0.23055544495582580566                  1.23055541515350341797
                378.82997131347656250000                  1.18750000000000000000                 -0.01422876957803964615                  1.20172882080078125000
                394.82997131347656250000                  1.31250000000000000000                  0.14052468538284301758                  1.17197537422180175781
                410.82997131347656250000                  1.12500000000000000000                 -0.01697092875838279724                  1.14197087287902832031
                426.82997131347656250000                  1.12500000000000000000                  0.01263446733355522156                  1.11236548423767089844
                442.82997131347656250000                  1.68750000000000000000                  0.60369992256164550781                  1.08380007743835449219
                458.82997131347656250000                  0.87500000000000000000                 -0.18191803991794586182                  1.05691802501678466797
                474.82997131347656250000                  0.93750000000000000000                 -0.09486259520053863525                  1.03236258029937744141
