               -133.17002868652343750000                 15.75000000000000000000                -13.58872032165527343750                 29.33872032165527343750
               -117.17002868652343750000                 30.06250000000000000000                  0.49908742308616638184                 29.56341171264648437500
               -101.17002868652343750000                 28.93750000000000000000                 -0.86186677217483520508                 29.79936599731445312500
                -85.17002868652343750000                 32.62500000000000000000                  2.58876419067382812500                 30.03623580932617187500
                -69.17002868652343750000                 31.43750000000000000000                  1.17335343360900878906                 30.26414680480957031250
                -53.17002868652343750000                 31.75000000000000000000                  1.27546775341033935547                 30.47453308105468750000
                -37.17002868652343750000                 28.81250000000000000000                 -1.84832954406738281250                 30.66082954406738281250
                -21.17002868652343750000                 28.75000000000000000000                 -2.06896233558654785156                 30.81896209716796875000
                 -5.17002868652343750000                 32.56250000000000000000                  1.61494064331054687500                 30.94755935668945312500
                 10.82997131347656250000                 28.62500000000000000000                 -2.42288613319396972656                 31.04788589477539062500
                 26.82997131347656250000                 31.62500000000000000000                  0.50149714946746826172                 31.12350273132324218750
                 42.82997131347656250000                 31.68750000000000000000                  0.50780338048934936523                 31.17969703674316406250
                 58.82997131347656250000                 29.87500000000000000000                 -1.34776031970977783203                 31.22276115417480468750
                 74.82997131347656250000                 32.12500000000000000000                  0.86579507589340209961                 31.25920486450195312500
                 90.82997131347656250000                 32.00000000000000000000                  0.70499908924102783203                 31.29500007629394531250
                106.82997131347656250000                 30.37500000000000000000                 -0.95993179082870483398                 31.33493232727050781250
                122.82997131347656250000                 30.68750000000000000000                 -0.69462662935256958008                 31.38212585449218750000
                138.82997131347656250000                 31.93750000000000000000                  0.49968880414962768555                 31.43781089782714843750
                154.82997131347656250000                 31.56250000000000000000                  0.06121458485722541809                 31.50128555297851562500
                170.82997131347656250000                 29.62500000000000000000                 -1.94510602951049804688                 31.57010650634765625000
                186.82997131347656250000                 52.37500000000000000000                 20.73457145690917968750                 31.64042854309082031250
                202.82997131347656250000                 43.43750000000000000000                 11.73004817962646484375                 31.70745086669921875000
                218.82997131347656250000                 30.81250000000000000000                 -0.95338767766952514648                 31.76588821411132812500
                234.82997131347656250000                 32.31250000000000000000                  0.50207912921905517578                 31.81042098999023437500
                250.82997131347656250000                 33.50000000000000000000                  1.66390693187713623047                 31.83609390258789062500
                266.82997131347656250000                 31.93750000000000000000                  0.09889637678861618042                 31.83860397338867187500
                282.82997131347656250000                 29.56250000000000000000                 -2.25202155113220214844                 31.81452178955078125000
                298.82997131347656250000                 29.50000000000000000000                 -2.26142239570617675781                 31.76142311096191406250
                314.82997131347656250000                 32.12500000000000000000                  0.44702702760696411133                 31.67797279357910156250
                330.82997131347656250000                 32.25000000000000000000                  0.68601006269454956055                 31.56398963928222656250
                346.82997131347656250000                 31.18750000000000000000                 -0.23298390209674835205                 31.42048454284667968750
                362.82997131347656250000                 30.75000000000000000000                 -0.49969395995140075684                 31.24969482421875000000
                378.82997131347656250000                 31.06250000000000000000                  0.00739860534667968750                 31.05510139465332031250
                394.82997131347656250000                 32.81250000000000000000                  1.97109925746917724609                 30.84140014648437500000
                410.82997131347656250000                 28.87500000000000000000                 -1.73940265178680419922                 30.61440277099609375000
                426.82997131347656250000                 30.25000000000000000000                 -0.13084812462329864502                 30.38084793090820312500
                442.82997131347656250000                 34.37500000000000000000                  4.22687864303588867188                 30.14812088012695312500
                458.82997131347656250000                 29.62500000000000000000                 -0.29887068271636962891                 29.92387008666992187500
                474.82997131347656250000                 24.56250000000000000000                 -5.15306043624877929688                 29.71556091308593750000
