-7.26617223002178
1.89522930670075
0.29966231581291
-0.607015713982083
-1.31573754395984
-1.37999805770218
0.333294353672944
-0.23202017571105
0.990422976187897
1.50149727557637
0.548852468794056
-0.810491531391577
0.915280406477699
-0.596500910516522
-1.73204532136273
0.747464243134562
-0.230550411670773
0.138411927811966
0.0992038415903309
-0.662476154041844
9.29259078623405
4.0944896237994
-0.123787231127256
-0.977051461458384
-1.26631156156508
0.270236865156104
-0.2312893696567
0.238612232475198
-2.6879487986912
0.680673334298216
-0.15466059399013
-1.5714258985142
0.987283722041749
2.01321905214908
-0.691360682726746
0.17461623331371
1.22440554474252
-1.11569135933937
-0.230550343528057
