               -133.17002868652343750000                  9.18750000000000000000                 -7.26617240905761718750                 16.45367240905761718750
               -117.17002868652343750000                 18.50000000000000000000                  1.89522933959960937500                 16.60477066040039062500
               -101.17002868652343750000                 17.06250000000000000000                  0.29966232180595397949                 16.76283836364746093750
                -85.17002868652343750000                 16.31250000000000000000                 -0.60701572895050048828                 16.91951560974121093750
                -69.17002868652343750000                 15.75000000000000000000                 -1.31573748588562011719                 17.06573677062988281250
                -53.17002868652343750000                 15.81250000000000000000                 -1.37999808788299560547                 17.19249725341796875000
                -37.17002868652343750000                 17.62500000000000000000                  0.33329436182975769043                 17.29170608520507812500
                -21.17002868652343750000                 17.12500000000000000000                 -0.23202016949653625488                 17.35701942443847656250
                 -5.17002868652343750000                 18.37500000000000000000                  0.99042296409606933594                 17.38457679748535156250
                 10.82997131347656250000                 18.87500000000000000000                  1.50149726867675781250                 17.37350273132324218750
                 26.82997131347656250000                 17.87500000000000000000                  0.54885244369506835938                 17.32614707946777343750
                 42.82997131347656250000                 16.43750000000000000000                 -0.81049150228500366211                 17.24799156188964843750
                 58.82997131347656250000                 18.06250000000000000000                  0.91528040170669555664                 17.14721870422363281250
                 74.82997131347656250000                 16.43750000000000000000                 -0.59650093317031860352                 17.03400039672851562500
                 90.82997131347656250000                 15.18750000000000000000                 -1.73204529285430908203                 16.91954612731933593750
                106.82997131347656250000                 17.56250000000000000000                  0.74746423959732055664                 16.81503486633300781250
                122.82997131347656250000                 16.50000000000000000000                 -0.23055040836334228516                 16.73055076599121093750
                138.82997131347656250000                 16.81250000000000000000                  0.13841192424297332764                 16.67408752441406250000
                154.82997131347656250000                 16.75000000000000000000                  0.09920383989810943604                 16.65079689025878906250
                170.82997131347656250000                 16.00000000000000000000                 -0.66247618198394775391                 16.66247558593750000000
                186.82997131347656250000                 26.00000000000000000000                  9.29259109497070312500                 16.70740890502929687500
                202.82997131347656250000                 20.87500000000000000000                  4.09448957443237304688                 16.78050994873046875000
                218.82997131347656250000                 16.75000000000000000000                 -0.12378723174333572388                 16.87378692626953125000
                234.82997131347656250000                 16.00000000000000000000                 -0.97705143690109252930                 16.97705078125000000000
                250.82997131347656250000                 15.81250000000000000000                 -1.26631152629852294922                 17.07881164550781250000
                266.82997131347656250000                 17.43750000000000000000                  0.27023687958717346191                 17.16726303100585937500
                282.82997131347656250000                 17.00000000000000000000                 -0.23128937184810638428                 17.23128890991210937500
                298.82997131347656250000                 17.50000000000000000000                  0.23861223459243774414                 17.26138687133789062500
                314.82997131347656250000                 14.56250000000000000000                 -2.68794870376586914062                 17.25044822692871093750
                330.82997131347656250000                 17.87500000000000000000                  0.68067336082458496094                 17.19432640075683593750
                346.82997131347656250000                 16.93750000000000000000                 -0.15466059744358062744                 17.09216117858886718750
                362.82997131347656250000                 15.37500000000000000000                 -1.57142591476440429688                 16.94642639160156250000
                378.82997131347656250000                 17.75000000000000000000                  0.98728370666503906250                 16.76271629333496093750
                394.82997131347656250000                 18.56250000000000000000                  2.01321911811828613281                 16.54928016662597656250
                410.82997131347656250000                 15.62500000000000000000                 -0.69136071205139160156                 16.31636047363281250000
                426.82997131347656250000                 16.25000000000000000000                  0.17461623251438140869                 16.07538414001464843750
                442.82997131347656250000                 17.06250000000000000000                  1.22440552711486816406                 15.83809471130371093750
                458.82997131347656250000                 14.50000000000000000000                 -1.11569130420684814453                 15.61569118499755859375
                474.82997131347656250000                 15.18750000000000000000                 -0.23055034875869750977                 15.41805076599121093750
