-1.11627533325792
0.368542637100057
0.755879220593746
0.933224815271738
0.221506084928522
0.811394458095863
0.387680494587713
-0.433155735718642
0.522864691873936
0.113709493713959
0.258346476767365
0.1890324161893
-0.42141803287854
-0.332693317453602
0.326847768865534
-0.814296972493517
-0.496141488262773
0.609062723531238
-1.48009398914529
-0.806529847251171
33.1478760292962
37.3350701091139
1.01415092248369
0.562951312294881
-0.0845245172546942
-0.812338653349359
-1.13368031301874
-0.25148878493177
-0.743925912291586
1.33278993939001e-05
-0.717993116921938
-0.279639682935656
0.750337912251844
0.811394988855938
-0.528581258806131
-0.51185875322045
0.120412736464715
-0.622983912732039
-0.671829543324824
