               -133.17002868652343750000                  2.12500000000000000000                 -1.11627531051635742188                  3.24127531051635742188
               -117.17002868652343750000                  3.81250000000000000000                  0.36854264140129089355                  3.44395732879638671875
               -101.17002868652343750000                  4.37500000000000000000                  0.75587922334671020508                  3.61912083625793457031
                -85.17002868652343750000                  4.68750000000000000000                  0.93322479724884033203                  3.75427508354187011719
                -69.17002868652343750000                  4.06250000000000000000                  0.22150608897209167480                  3.84099388122558593750
                -53.17002868652343750000                  4.68750000000000000000                  0.81139445304870605469                  3.87610554695129394531
                -37.17002868652343750000                  4.25000000000000000000                  0.38768050074577331543                  3.86231946945190429688
                -21.17002868652343750000                  3.37500000000000000000                 -0.43315574526786804199                  3.80815577507019042969
                 -5.17002868652343750000                  4.25000000000000000000                  0.52286469936370849609                  3.72713541984558105469
                 10.82997131347656250000                  3.75000000000000000000                  0.11370949447154998779                  3.63629055023193359375
                 26.82997131347656250000                  3.81250000000000000000                  0.25834646821022033691                  3.55415344238281250000
                 42.82997131347656250000                  3.68750000000000000000                  0.18903242051601409912                  3.49846768379211425781
                 58.82997131347656250000                  3.06250000000000000000                 -0.42141804099082946777                  3.48391795158386230469
                 74.82997131347656250000                  3.18750000000000000000                 -0.33269330859184265137                  3.52019333839416503906
                 90.82997131347656250000                  3.93750000000000000000                  0.32684776186943054199                  3.61065220832824707031
                106.82997131347656250000                  2.93750000000000000000                 -0.81429696083068847656                  3.75179696083068847656
                122.82997131347656250000                  3.43750000000000000000                 -0.49614149332046508789                  3.93364143371582031250
                138.82997131347656250000                  4.75000000000000000000                  0.60906273126602172852                  4.14093732833862304688
                154.82997131347656250000                  2.87500000000000000000                 -1.48009395599365234375                  4.35509395599365234375
                170.82997131347656250000                  3.75000000000000000000                 -0.80652981996536254883                  4.55652999877929687500
                186.82997131347656250000                 37.87500000000000000000                 33.14787673950195312500                  4.72712373733520507812
                202.82997131347656250000                 42.18750000000000000000                 37.33507156372070312500                  4.85242986679077148438
                218.82997131347656250000                  5.93750000000000000000                  1.01415097713470458984                  4.92334890365600585938
                234.82997131347656250000                  5.50000000000000000000                  0.56295132637023925781                  4.93704891204833984375
                250.82997131347656250000                  4.81250000000000000000                 -0.08452451974153518677                  4.89702463150024414062
                266.82997131347656250000                  4.00000000000000000000                 -0.81233865022659301758                  4.81233882904052734375
                282.82997131347656250000                  3.56250000000000000000                 -1.13368034362792968750                  4.69618034362792968750
                298.82997131347656250000                  4.31250000000000000000                 -0.25148877501487731934                  4.56398868560791015625
                314.82997131347656250000                  3.68750000000000000000                 -0.74392592906951904297                  4.43142604827880859375
                330.82997131347656250000                  4.31250000000000000000                  0.00001332789906882681                  4.31248664855957031250
                346.82997131347656250000                  3.50000000000000000000                 -0.71799314022064208984                  4.21799325942993164062
                362.82997131347656250000                  3.87500000000000000000                 -0.27963969111442565918                  4.15463972091674804688
                378.82997131347656250000                  4.87500000000000000000                  0.75033789873123168945                  4.12466192245483398438
                394.82997131347656250000                  4.93750000000000000000                  0.81139498949050903320                  4.12610483169555664062
                410.82997131347656250000                  3.62500000000000000000                 -0.52858126163482666016                  4.15358114242553710938
                426.82997131347656250000                  3.68750000000000000000                 -0.51185876131057739258                  4.19935894012451171875
                442.82997131347656250000                  4.37500000000000000000                  0.12041273713111877441                  4.25458717346191406250
                458.82997131347656250000                  3.68750000000000000000                 -0.62298393249511718750                  4.31048393249511718750
                474.82997131347656250000                  3.68750000000000000000                 -0.67182952165603637695                  4.35932970046997070312
