3.24127533325792
3.44395736289994
3.61912077940625
3.75427518472826
3.84099391507148
3.87610554190414
3.86231950541229
3.80815573571864
3.72713530812606
3.63629050628604
3.55415352323263
3.4984675838107
3.48391803287854
3.5201933174536
3.61065223113447
3.75179697249352
3.93364148826277
4.14093727646876
4.35509398914529
4.55652984725117
4.72712397070382
4.85242989088615
4.92334907751631
4.93704868770512
4.89702451725469
4.81233865334936
4.69618031301874
4.56398878493177
4.43142591229159
4.31248667210061
4.21799311692194
4.15463968293566
4.12466208774816
4.12610501114406
4.15358125880613
4.19935875322045
4.25458726353529
4.31048391273204
4.35932954332482
