4.38929012343868
4.42645446677356
4.466379829632
4.50591880082797
4.54304339024538
4.57748943660306
4.61122142400021
4.64859733176818
4.69614123355822
4.7618824112397
4.85428846031053
4.98089625046921
5.14681524912302
5.35332805064761
5.59683021850386
5.86832780351879
6.15364540775505
6.43439793529174
6.68966031741713
6.89815179185567
7.0406563941242
7.10234780725709
7.07468622082031
6.95660929252042
6.7548402478232
6.48326632691241
6.16147751223281
5.8126751853784
5.46124326921256
5.13030817640565
4.83959564948208
4.60382891505206
4.43181755260633
4.32627836979773
4.28432705367442
4.29849802065343
4.35809975808483
4.45069745721905
4.56353102953728
