-1.38929012343868
1.01104553322644
0.346120170367998
0.744081199172026
0.769456609754618
0.485010563396937
1.20127857599979
0.476402668231822
1.24135876644178
0.238117588760297
-0.72928846031053
-0.230896250469214
-0.271815249123019
1.39667194935239
0.340669781496135
-1.24332780351879
-1.52864540775505
-1.87189793529174
-0.564660317417125
-1.39815179185567
52.3968436058758
67.3976521927429
2.67531377917969
-1.39410929252042
-0.754840247823198
-1.42076632691241
-1.09897751223281
-0.500175185378397
-0.336243269212557
0.68219182359435
0.0354043505179238
-0.416328915052055
1.00568244739367
0.236221630202273
0.653172946325582
1.20150197934657
1.39190024191517
1.29930254278095
-0.688531029537279
