               -133.17002868652343750000                  3.00000000000000000000                 -1.38929009437561035156                  4.38929033279418945312
               -117.17002868652343750000                  5.43750000000000000000                  1.01104557514190673828                  4.42645454406738281250
               -101.17002868652343750000                  4.81250000000000000000                  0.34612017869949340820                  4.46637964248657226562
                -85.17002868652343750000                  5.25000000000000000000                  0.74408119916915893555                  4.50591897964477539062
                -69.17002868652343750000                  5.31250000000000000000                  0.76945662498474121094                  4.54304361343383789062
                -53.17002868652343750000                  5.06250000000000000000                  0.48501056432723999023                  4.57748937606811523438
                -37.17002868652343750000                  5.81250000000000000000                  1.20127856731414794922                  4.61122131347656250000
                -21.17002868652343750000                  5.12500000000000000000                  0.47640267014503479004                  4.64859724044799804688
                 -5.17002868652343750000                  5.93750000000000000000                  1.24135875701904296875                  4.69614124298095703125
                 10.82997131347656250000                  5.00000000000000000000                  0.23811759054660797119                  4.76188230514526367188
                 26.82997131347656250000                  4.12500000000000000000                 -0.72928845882415771484                  4.85428857803344726562
                 42.82997131347656250000                  4.75000000000000000000                 -0.23089624941349029541                  4.98089647293090820312
                 58.82997131347656250000                  4.87500000000000000000                 -0.27181524038314819336                  5.14681529998779296875
                 74.82997131347656250000                  6.75000000000000000000                  1.39667189121246337891                  5.35332822799682617188
                 90.82997131347656250000                  5.93750000000000000000                  0.34066978096961975098                  5.59683036804199218750
                106.82997131347656250000                  4.62500000000000000000                 -1.24332785606384277344                  5.86832761764526367188
                122.82997131347656250000                  4.62500000000000000000                 -1.52864539623260498047                  6.15364551544189453125
                138.82997131347656250000                  4.56250000000000000000                 -1.87189793586730957031                  6.43439769744873046875
                154.82997131347656250000                  6.12500000000000000000                 -0.56466031074523925781                  6.68966054916381835938
                170.82997131347656250000                  5.50000000000000000000                 -1.39815175533294677734                  6.89815187454223632812
                186.82997131347656250000                 59.43750000000000000000                 52.39684295654296875000                  7.04065656661987304688
                202.82997131347656250000                 74.50000000000000000000                 67.39765167236328125000                  7.10234785079956054688
                218.82997131347656250000                  9.75000000000000000000                  2.67531371116638183594                  7.07468605041503906250
                234.82997131347656250000                  5.56250000000000000000                 -1.39410924911499023438                  6.95660924911499023438
                250.82997131347656250000                  6.00000000000000000000                 -0.75484025478363037109                  6.75484037399291992188
                266.82997131347656250000                  5.06250000000000000000                 -1.42076635360717773438                  6.48326635360717773438
                282.82997131347656250000                  5.06250000000000000000                 -1.09897756576538085938                  6.16147756576538085938
                298.82997131347656250000                  5.31250000000000000000                 -0.50017517805099487305                  5.81267499923706054688
                314.82997131347656250000                  5.12500000000000000000                 -0.33624327182769775391                  5.46124315261840820312
                330.82997131347656250000                  5.81250000000000000000                  0.68219184875488281250                  5.13030815124511718750
                346.82997131347656250000                  4.87500000000000000000                  0.03540435060858726501                  4.83959579467773437500
                362.82997131347656250000                  4.18750000000000000000                 -0.41632890701293945312                  4.60382890701293945312
                378.82997131347656250000                  5.43750000000000000000                  1.00568246841430664062                  4.43181753158569335938
                394.82997131347656250000                  4.56250000000000000000                  0.23622162640094757080                  4.32627820968627929688
                410.82997131347656250000                  4.93750000000000000000                  0.65317296981811523438                  4.28432703018188476562
                426.82997131347656250000                  5.50000000000000000000                  1.20150196552276611328                  4.29849815368652343750
                442.82997131347656250000                  5.75000000000000000000                  1.39190030097961425781                  4.35809993743896484375
                458.82997131347656250000                  5.75000000000000000000                  1.29930257797241210938                  4.45069742202758789062
                474.82997131347656250000                  3.87500000000000000000                 -0.68853104114532470703                  4.56353092193603515625
