-1.51391735894318
-0.123040345591266
0.0970239042647361
0.273965285858391
0.533971280691738
-0.748493563375301
0.174273748475492
0.673377002413715
0.0561768502860889
0.066806037984485
-0.175714962219408
-0.614337649822314
-0.0659029243252642
1.15430665117712
-0.0171803266292017
-0.204499676421745
0.0323432141688929
-0.615429467010641
0.794091896603476
-0.359593348068104
7.30253523520533
7.65855940331605
0.335331814630831
-0.541613150606017
0.464551638690502
-0.210275326675915
0.119264456187024
-0.174083472919861
-0.779794120722616
0.113232971601199
-0.0581673755303931
0.018581779728442
-0.0933307059925017
0.357163717469101
0.558729611376513
-0.36265260366592
0.406086063811165
-0.385035731289448
-0.174083366691183
