3.13891735894318
3.18554034559127
3.21547609573526
3.22603471414161
3.21602871930826
3.1859935633753
3.13822625152451
3.07662299758628
3.00632314971391
2.93319396201551
2.86321496221941
2.80183764982231
2.75340292432526
2.72069334882288
2.7046803266292
2.70449967642175
2.71765678583111
2.74042946701064
2.76840810339652
2.7970933480681
2.82246476479467
2.84144059668395
2.85216818536917
2.85411315060602
2.8479483613095
2.83527532667592
2.81823554381298
2.79908347291986
2.77979412072262
2.7617670283988
2.74566737553039
2.73141822027156
2.7183307059925
2.7053362825309
2.69127038862349
2.67515260366592
2.65641393618883
2.63503573128945
2.61158336669118
