               -133.17002868652343750000                  2.93750000000000000000                 -1.28910768032073974609                  4.22660779953002929688
               -117.17002868652343750000                  5.68750000000000000000                  1.19351935386657714844                  4.49398088455200195312
               -101.17002868652343750000                  6.06250000000000000000                  1.31552648544311523438                  4.74697351455688476562
                -85.17002868652343750000                  5.31250000000000000000                  0.33955383300781250000                  4.97294616699218750000
                -69.17002868652343750000                  5.93750000000000000000                  0.77475786209106445312                  5.16274213790893554688
                -53.17002868652343750000                  5.37500000000000000000                  0.06321272253990173340                  5.31178712844848632812
                -37.17002868652343750000                  4.81250000000000000000                 -0.60817289352416992188                  5.42067289352416992188
                -21.17002868652343750000                  5.62500000000000000000                  0.12989218533039093018                  5.49510765075683593750
                 -5.17002868652343750000                  6.06250000000000000000                  0.51729553937911987305                  5.54520463943481445312
                 10.82997131347656250000                  6.06250000000000000000                  0.47834795713424682617                  5.58415222167968750000
                 26.82997131347656250000                  6.06250000000000000000                  0.43608134984970092773                  5.62641859054565429688
                 42.82997131347656250000                  5.18750000000000000000                 -0.49820068478584289551                  5.68570089340209960938
                 58.82997131347656250000                  5.18750000000000000000                 -0.58538401126861572266                  5.77288389205932617188
                 74.82997131347656250000                  5.06250000000000000000                 -0.83179748058319091797                  5.89429759979248046875
                 90.82997131347656250000                  6.06250000000000000000                  0.01198859978467226028                  6.05051136016845703125
                106.82997131347656250000                  6.56250000000000000000                  0.32663097977638244629                  6.23586893081665039062
                122.82997131347656250000                  5.68750000000000000000                 -0.75134456157684326172                  6.43884468078613281250
                138.82997131347656250000                  5.50000000000000000000                 -1.14320659637451171875                  6.64320659637451171875
                154.82997131347656250000                  5.31250000000000000000                 -1.51735198497772216797                  6.82985210418701171875
                170.82997131347656250000                  5.68750000000000000000                 -1.29157745838165283203                  6.97907733917236328125
                186.82997131347656250000                 56.93750000000000000000                 49.86451339721679687500                  7.07298707962036132812
                202.82997131347656250000                 68.68750000000000000000                 61.58978271484375000000                  7.09771823883056640625
                218.82997131347656250000                  8.81250000000000000000                  1.76731610298156738281                  7.04518413543701171875
                234.82997131347656250000                  5.62500000000000000000                 -1.28910744190216064453                  6.91410732269287109375
                250.82997131347656250000                  6.00000000000000000000                 -0.71022564172744750977                  6.71022558212280273438
                266.82997131347656250000                  4.93750000000000000000                 -1.50815093517303466797                  6.44565105438232421875
                282.82997131347656250000                  5.87500000000000000000                 -0.26250547170639038086                  6.13750553131103515625
                298.82997131347656250000                  5.68750000000000000000                 -0.11853329092264175415                  5.80603313446044921875
                314.82997131347656250000                  5.18750000000000000000                 -0.28495511412620544434                  5.47245502471923828125
                330.82997131347656250000                  5.87500000000000000000                  0.71814841032028198242                  5.15685176849365234375
                346.82997131347656250000                  6.06250000000000000000                  1.18616747856140136719                  4.87633275985717773438
                362.82997131347656250000                  4.62500000000000000000                 -0.01869108155369758606                  4.64369106292724609375
                378.82997131347656250000                  4.87500000000000000000                  0.40834295749664306641                  4.46665716171264648438
                394.82997131347656250000                  5.18750000000000000000                  0.83972734212875366211                  4.34777259826660156250
                410.82997131347656250000                  5.50000000000000000000                  1.21517002582550048828                  4.28483009338378906250
                426.82997131347656250000                  5.56250000000000000000                  1.29075682163238525391                  4.27174329757690429688
                442.82997131347656250000                  4.62500000000000000000                  0.32530760765075683594                  4.29969263076782226562
                458.82997131347656250000                  5.50000000000000000000                  1.14163637161254882812                  4.35836362838745117188
                474.82997131347656250000                  4.75000000000000000000                  0.31287235021591186523                  4.43712759017944335938
