-0.566839233802517
0.29915714452747
-0.0864722772063566
0.0269600928787848
-0.234856324027964
0.253691041009534
-0.131931226652584
0.171048862542286
0.0376890355560939
0.280346211351768
-0.0387780931035855
0.26743287100666
-0.113904524821566
-0.308090602431152
0.0597255833265506
-0.197914384068769
-0.205775750623129
-0.025966801110854
-0.158008735782473
0.0860721875854311
0.769146124323529
0.578892337893455
0.202739330525858
-0.0471557194826531
0.141117129260399
0.0167871130547956
-0.1084976753044
-0.048052696555517
0.384960657486193
-0.0598652063999365
-0.0701171322634095
-0.270536549973734
0.0269601016510701
0.260719892491025
0.0567607032510009
0.22866106788603
-0.285052165284514
-0.171003977192971
0.0714523035961432
