               -133.17002868652343750000                  0.31250000000000000000                 -0.56683921813964843750                  0.87933921813964843750
               -117.17002868652343750000                  1.18750000000000000000                  0.29915714263916015625                  0.88834285736083984375
               -101.17002868652343750000                  0.81250000000000000000                 -0.08647228032350540161                  0.89897227287292480469
                -85.17002868652343750000                  0.93750000000000000000                  0.02696009352803230286                  0.91053992509841918945
                -69.17002868652343750000                  0.68750000000000000000                 -0.23485632240772247314                  0.92235630750656127930
                -53.17002868652343750000                  1.18750000000000000000                  0.25369104743003845215                  0.93380898237228393555
                -37.17002868652343750000                  0.81250000000000000000                 -0.13193123042583465576                  0.94443124532699584961
                -21.17002868652343750000                  1.12500000000000000000                  0.17104886472225189209                  0.95395112037658691406
                 -5.17002868652343750000                  1.00000000000000000000                  0.03768903389573097229                  0.96231096982955932617
                 10.82997131347656250000                  1.25000000000000000000                  0.28034621477127075195                  0.96965378522872924805
                 26.82997131347656250000                  0.93750000000000000000                 -0.03877809271216392517                  0.97627806663513183594
                 42.82997131347656250000                  1.25000000000000000000                  0.26743286848068237305                  0.98256713151931762695
                 58.82997131347656250000                  0.87500000000000000000                 -0.11390452831983566284                  0.98890453577041625977
                 74.82997131347656250000                  0.68750000000000000000                 -0.30809059739112854004                  0.99559062719345092773
                 90.82997131347656250000                  1.06250000000000000000                  0.05972558259963989258                  1.00277435779571533203
                106.82997131347656250000                  0.81250000000000000000                 -0.19791437685489654541                  1.01041436195373535156
                122.82997131347656250000                  0.81250000000000000000                 -0.20577575266361236572                  1.01827573776245117188
                138.82997131347656250000                  1.00000000000000000000                 -0.02596680074930191040                  1.02596676349639892578
                154.82997131347656250000                  0.87500000000000000000                 -0.15800873935222625732                  1.03300869464874267578
                170.82997131347656250000                  1.12500000000000000000                  0.08607218414545059204                  1.03892779350280761719
                186.82997131347656250000                  1.81250000000000000000                  0.76914614439010620117                  1.04335391521453857422
                202.82997131347656250000                  1.62500000000000000000                  0.57889235019683837891                  1.04610764980316162109
                218.82997131347656250000                  1.25000000000000000000                  0.20273932814598083496                  1.04726064205169677734
                234.82997131347656250000                  1.00000000000000000000                 -0.04715571925044059753                  1.04715573787689208984
                250.82997131347656250000                  1.18750000000000000000                  0.14111712574958801270                  1.04638290405273437500
                266.82997131347656250000                  1.06250000000000000000                  0.01678711362183094025                  1.04571282863616943359
                282.82997131347656250000                  0.93750000000000000000                 -0.10849767178297042847                  1.04599761962890625000
                298.82997131347656250000                  1.00000000000000000000                 -0.04805269837379455566                  1.04805266857147216797
                314.82997131347656250000                  1.43750000000000000000                  0.38496065139770507812                  1.05253934860229492188
                330.82997131347656250000                  1.00000000000000000000                 -0.05986520648002624512                  1.05986523628234863281
                346.82997131347656250000                  1.00000000000000000000                 -0.07011713087558746338                  1.07011711597442626953
                362.82997131347656250000                  0.81250000000000000000                 -0.27053654193878173828                  1.08303654193878173828
                378.82997131347656250000                  1.12500000000000000000                  0.02696010097861289978                  1.09803986549377441406
                394.82997131347656250000                  1.37500000000000000000                  0.26071989536285400391                  1.11428010463714599609
                410.82997131347656250000                  1.18750000000000000000                  0.05676070228219032288                  1.13073933124542236328
                426.82997131347656250000                  1.37500000000000000000                  0.22866107523441314697                  1.14633893966674804688
                442.82997131347656250000                  0.87500000000000000000                 -0.28505215048789978027                  1.16005218029022216797
                458.82997131347656250000                  1.00000000000000000000                 -0.17100398242473602295                  1.17100393772125244141
                474.82997131347656250000                  1.25000000000000000000                  0.07145230472087860107                  1.17854773998260498047
