1.15793097885292
1.14765603811957
1.13579283726563
1.12355686973843
1.112552499543
1.10463360081631
1.10170635613138
1.10549463141286
1.11729681347631
1.13776786737279
1.166760433398
1.20325352983451
1.2453872047653
1.29060750230312
1.33591031362895
1.37815745647298
1.41442612675191
1.44234581561069
1.46037629382809
1.46798675320391
1.46570896761941
1.45505464893617
1.43830647116779
1.41821055517219
1.39761265301136
1.37908851681377
1.36461962325924
1.35535841284434
1.35151361154668
1.35236822359999
1.35642330778525
1.36164276397429
1.36576081685564
1.36660664914651
1.36240056047264
1.35198275498801
1.33494794351647
1.31167415218241
1.28324987147923
