8.23712053796606
8.27059300837641
8.30237725309924
8.33117704343076
8.35616894243719
8.37710929135184
8.39436838558277
8.40888149685147
8.4220176706298
8.4353792231635
8.4505557520469
8.46886449813418
8.49111265938665
8.51741597548953
8.54710155425877
8.57871226479682
8.61011653282557
8.63871296664169
8.6617060205657
8.67641882069614
8.68060383596499
8.6726400504658
8.65208705519554
8.61905950765684
8.5749327378236
8.52186201332191
8.46264554985118
8.40045491888005
8.33853918023568
8.27993842522652
8.22723889614655
8.18239421947615
8.14662693940278
8.12041317510491
8.10354258381149
8.0952373660432
8.09430879360932
8.09932806955615
8.10879003379128
