-4.42462053796606
-0.583093008376409
0.135122746900757
1.16882295656924
-1.23116894243719
0.310390708648162
1.29313161441723
-0.408881496851473
0.827982329370201
-0.622879223163501
-0.575555752046897
0.281135501865824
0.758887340613349
-0.392415975489531
-0.172101554258766
-0.391212264796819
0.577383467174432
0.486287033358305
0.0882939794342956
-0.426418820696144
77.569396164035
111.577359949534
11.7854129448045
0.130940492343161
0.112567262176402
1.66563798667809
-0.212645549851176
-0.0879549188800457
-0.526039180235683
-0.0299384252265202
-1.22723889614655
-0.0573942194761514
0.228373060597217
1.37958682489509
-0.103542583811491
-1.4077373660432
0.218191206390678
0.0881719304438491
-2.17129003379128
