               -133.17002868652343750000                  3.81250000000000000000                 -4.42462062835693359375                  8.23712062835693359375
               -117.17002868652343750000                  7.68750000000000000000                 -0.58309298753738403320                  8.27059268951416015625
               -101.17002868652343750000                  8.43750000000000000000                  0.13512274622917175293                  8.30237770080566406250
                -85.17002868652343750000                  9.50000000000000000000                  1.16882300376892089844                  8.33117675781250000000
                -69.17002868652343750000                  7.12500000000000000000                 -1.23116898536682128906                  8.35616874694824218750
                -53.17002868652343750000                  8.68750000000000000000                  0.31039071083068847656                  8.37710952758789062500
                -37.17002868652343750000                  9.68750000000000000000                  1.29313158988952636719                  8.39436817169189453125
                -21.17002868652343750000                  8.00000000000000000000                 -0.40888148546218872070                  8.40888118743896484375
                 -5.17002868652343750000                  9.25000000000000000000                  0.82798230648040771484                  8.42201805114746093750
                 10.82997131347656250000                  7.81250000000000000000                 -0.62287920713424682617                  8.43537902832031250000
                 26.82997131347656250000                  7.87500000000000000000                 -0.57555574178695678711                  8.45055580139160156250
                 42.82997131347656250000                  8.75000000000000000000                  0.28113549947738647461                  8.46886444091796875000
                 58.82997131347656250000                  9.25000000000000000000                  0.75888735055923461914                  8.49111270904541015625
                 74.82997131347656250000                  8.12500000000000000000                 -0.39241597056388854980                  8.51741600036621093750
                 90.82997131347656250000                  8.37500000000000000000                 -0.17210155725479125977                  8.54710197448730468750
                106.82997131347656250000                  8.18750000000000000000                 -0.39121225476264953613                  8.57871246337890625000
                122.82997131347656250000                  9.18750000000000000000                  0.57738345861434936523                  8.61011695861816406250
                138.82997131347656250000                  9.12500000000000000000                  0.48628702759742736816                  8.63871288299560546875
                154.82997131347656250000                  8.75000000000000000000                  0.08829397708177566528                  8.66170597076416015625
                170.82997131347656250000                  8.25000000000000000000                 -0.42641881108283996582                  8.67641925811767578125
                186.82997131347656250000                 86.25000000000000000000                 77.56939697265625000000                  8.68060398101806640625
                202.82997131347656250000                120.25000000000000000000                111.57736206054687500000                  8.67263984680175781250
                218.82997131347656250000                 20.43750000000000000000                 11.78541278839111328125                  8.65208721160888671875
                234.82997131347656250000                  8.75000000000000000000                  0.13094049692153930664                  8.61905956268310546875
                250.82997131347656250000                  8.68750000000000000000                  0.11256726086139678955                  8.57493305206298828125
                266.82997131347656250000                 10.18750000000000000000                  1.66563796997070312500                  8.52186203002929687500
                282.82997131347656250000                  8.25000000000000000000                 -0.21264554560184478760                  8.46264553070068359375
                298.82997131347656250000                  8.31250000000000000000                 -0.08795491605997085571                  8.40045452117919921875
                314.82997131347656250000                  7.81250000000000000000                 -0.52603918313980102539                  8.33853912353515625000
                330.82997131347656250000                  8.25000000000000000000                 -0.02993842586874961853                  8.27993869781494140625
                346.82997131347656250000                  7.00000000000000000000                 -1.22723889350891113281                  8.22723865509033203125
                362.82997131347656250000                  8.12500000000000000000                 -0.05739421769976615906                  8.18239402770996093750
                378.82997131347656250000                  8.37500000000000000000                  0.22837306559085845947                  8.14662647247314453125
                394.82997131347656250000                  9.50000000000000000000                  1.37958681583404541016                  8.12041282653808593750
                410.82997131347656250000                  8.00000000000000000000                 -0.10354258120059967041                  8.10354232788085937500
                426.82997131347656250000                  6.68750000000000000000                 -1.40773737430572509766                  8.09523773193359375000
                442.82997131347656250000                  8.31250000000000000000                  0.21819120645523071289                  8.09430885314941406250
                458.82997131347656250000                  8.18750000000000000000                  0.08817192912101745605                  8.09932804107666015625
                474.82997131347656250000                  5.93750000000000000000                 -2.17128992080688476562                  8.10879039764404296875
