5.98022173776118
6.42802205103665
6.88397215895627
7.32669537636666
7.7379194417526
8.10434363198041
8.41892902006869
8.68141603818708
8.89797077211556
9.07997902845151
9.24212844343852
9.40002540779991
9.56766832059206
9.75512875046012
9.9667710401445
10.2002701670811
10.446576703282
10.6908427271605
10.9141840933988
11.0960341363206
11.216760593192
11.2601842560331
11.2156592863807
11.0794468253628
10.8552227787771
10.5536888174644
10.1913816148358
9.78887943600288
9.36867251080016
8.95298646966091
8.56182685101765
8.21145497868598
7.91342430234127
7.67421695133491
7.49543754094315
7.37445684327701
7.30535872154859
7.28003144189753
7.28925618307754
