10.6383876051552
10.6880836471356
10.7470179439873
10.8134422579697
10.8848337873542
10.958048009207
11.0295502847783
11.0957038837283
11.1530830686185
11.1987749577019
11.2306340100554
11.2474582864712
11.2490664000081
11.2362668086282
11.2107248723346
11.1747458314527
11.1310017372508
11.0822361012902
11.0309810706189
10.979318483983
10.9287090688409
10.879976845088
10.8329473335503
10.7872516156741
10.7417532223259
10.6951071255648
10.6459098840662
10.5929224063869
10.5352700736427
10.4726005465682
10.4051844093375
10.3339496856794
10.2604477391857
10.1867546511153
10.1153183310917
10.0487668104176
9.98969686557202
9.94046388369641
9.90299345072913
