-5.45088760515517
-0.563083647135635
0.377982056012723
-0.750942257969685
-0.947333787354246
-0.0205480092069568
-0.592050284778264
0.466796116271748
2.65941693138149
1.42622504229808
-0.0431340100554394
0.00254171352877464
-0.186566400008129
-0.111266808628157
0.91427512766535
1.01275416854725
-0.193501737250843
-0.644736101290187
-0.218481070618898
1.45818151601701
62.3212909311591
96.370023154912
11.9170526664497
0.462748384325852
-0.304253222325864
1.11739287443516
-1.27090988406617
0.469577593613067
-0.160270073642696
0.527399453431849
-0.405184409337521
1.10355031432062
-0.510447739185672
0.813245348884667
0.322181668908332
-0.111266810417552
-0.989696865572023
0.559536116303589
-1.02799345072913
