               -133.17002868652343750000                  5.18750000000000000000                 -5.45088768005371093750                 10.63838768005371093750
               -117.17002868652343750000                 10.12500000000000000000                 -0.56308364868164062500                 10.68808364868164062500
               -101.17002868652343750000                 11.12500000000000000000                  0.37798205018043518066                 10.74701786041259765625
                -85.17002868652343750000                 10.06250000000000000000                 -0.75094223022460937500                 10.81344223022460937500
                -69.17002868652343750000                  9.93750000000000000000                 -0.94733381271362304688                 10.88483333587646484375
                -53.17002868652343750000                 10.93750000000000000000                 -0.02054800838232040405                 10.95804786682128906250
                -37.17002868652343750000                 10.43750000000000000000                 -0.59205031394958496094                 11.02955055236816406250
                -21.17002868652343750000                 11.56250000000000000000                  0.46679612994194030762                 11.09570407867431640625
                 -5.17002868652343750000                 13.81250000000000000000                  2.65941691398620605469                 11.15308284759521484375
                 10.82997131347656250000                 12.62500000000000000000                  1.42622506618499755859                 11.19877529144287109375
                 26.82997131347656250000                 11.18750000000000000000                 -0.04313401132822036743                 11.23063373565673828125
                 42.82997131347656250000                 11.25000000000000000000                  0.00254171341657638550                 11.24745845794677734375
                 58.82997131347656250000                 11.06250000000000000000                 -0.18656639754772186279                 11.24906635284423828125
                 74.82997131347656250000                 11.12500000000000000000                 -0.11126680672168731689                 11.23626708984375000000
                 90.82997131347656250000                 12.12500000000000000000                  0.91427510976791381836                 11.21072483062744140625
                106.82997131347656250000                 12.18750000000000000000                  1.01275420188903808594                 11.17474555969238281250
                122.82997131347656250000                 10.93750000000000000000                 -0.19350174069404602051                 11.13100147247314453125
                138.82997131347656250000                 10.43750000000000000000                 -0.64473611116409301758                 11.08223628997802734375
                154.82997131347656250000                 10.81250000000000000000                 -0.21848106384277343750                 11.03098106384277343750
                170.82997131347656250000                 12.43750000000000000000                  1.45818150043487548828                 10.97931861877441406250
                186.82997131347656250000                 73.25000000000000000000                 62.32128906250000000000                 10.92870903015136718750
                202.82997131347656250000                107.25000000000000000000                 96.37002563476562500000                 10.87997722625732421875
                218.82997131347656250000                 22.75000000000000000000                 11.91705226898193359375                 10.83294773101806640625
                234.82997131347656250000                 11.25000000000000000000                  0.46274837851524353027                 10.78725147247314453125
                250.82997131347656250000                 10.43750000000000000000                 -0.30425322055816650391                 10.74175357818603515625
                266.82997131347656250000                 11.81250000000000000000                  1.11739289760589599609                 10.69510746002197265625
                282.82997131347656250000                  9.37500000000000000000                 -1.27090990543365478516                 10.64591026306152343750
                298.82997131347656250000                 11.06250000000000000000                  0.46957758069038391113                 10.59292221069335937500
                314.82997131347656250000                 10.37500000000000000000                 -0.16027007997035980225                 10.53526973724365234375
                330.82997131347656250000                 11.00000000000000000000                  0.52739948034286499023                 10.47260093688964843750
                346.82997131347656250000                 10.00000000000000000000                 -0.40518441796302795410                 10.40518474578857421875
                362.82997131347656250000                 11.43750000000000000000                  1.10355031490325927734                 10.33395004272460937500
                378.82997131347656250000                  9.75000000000000000000                 -0.51044774055480957031                 10.26044750213623046875
                394.82997131347656250000                 11.00000000000000000000                  0.81324535608291625977                 10.18675422668457031250
                410.82997131347656250000                 10.43750000000000000000                  0.32218167185783386230                 10.11531829833984375000
                426.82997131347656250000                  9.93750000000000000000                 -0.11126680672168731689                 10.04876708984375000000
                442.82997131347656250000                  9.00000000000000000000                 -0.98969686031341552734                  9.98969650268554687500
                458.82997131347656250000                 10.50000000000000000000                  0.55953609943389892578                  9.94046401977539062500
                474.82997131347656250000                  8.87500000000000000000                 -1.02799344062805175781                  9.90299320220947265625
