7.91204350974054
8.60471907523206
9.30281216247575
9.96997492979286
10.573477693996
11.0875172332869
11.4958339282733
11.7932561774704
11.9859136927678
12.0900335924363
12.1294316239075
12.1320057234705
12.1256987525519
12.1344933022885
12.1750143233631
12.254238395694
12.368650244252
12.5049707934266
12.6423410070568
12.7556217652191
12.8193000817693
12.811405122625
12.7168482060998
12.5297062376266
12.2541479166916
11.9039236394098
11.5005639174778
11.0706191547337
10.6423959735284
10.2426857771141
9.89393949554089
9.61223282890187
9.40621387276809
9.27705989718677
9.21932119377058
9.22241980254661
9.27251226683548
9.35442021688542
9.45337287994986
