               -133.17002868652343750000                  5.43750000000000000000                 -3.87980270385742187500                  9.31730270385742187500
               -117.17002868652343750000                  9.75000000000000000000                  0.36357742547988891602                  9.38642215728759765625
               -101.17002868652343750000                  9.37500000000000000000                 -0.08321055024862289429                  9.45821094512939453125
                -85.17002868652343750000                  9.87500000000000000000                  0.34520891308784484863                  9.52979087829589843750
                -69.17002868652343750000                 11.12500000000000000000                  1.52707159519195556641                  9.59792804718017578125
                -53.17002868652343750000                  9.31250000000000000000                 -0.34672808647155761719                  9.65922832489013671875
                -37.17002868652343750000                  8.87500000000000000000                 -0.83538848161697387695                  9.71038818359375000000
                -21.17002868652343750000                  9.68750000000000000000                 -0.06098598986864089966                  9.74848556518554687500
                 -5.17002868652343750000                 12.50000000000000000000                  2.72873115539550781250                  9.77126884460449218750
                 10.82997131347656250000                 10.25000000000000000000                  0.47256875038146972656                  9.77743148803710937500
                 26.82997131347656250000                  9.68750000000000000000                 -0.07933327555656433105                  9.76683330535888671875
                 42.82997131347656250000                  8.31250000000000000000                 -1.42813396453857421875                  9.74063396453857421875
                 58.82997131347656250000                  9.93750000000000000000                  0.23619073629379272461                  9.70130920410156250000
                 74.82997131347656250000                 10.18750000000000000000                  0.53496444225311279297                  9.65253543853759765625
                 90.82997131347656250000                 10.06250000000000000000                  0.46356716752052307129                  9.59893321990966796875
                106.82997131347656250000                  9.62500000000000000000                  0.07932157814502716064                  9.54567813873291015625
                122.82997131347656250000                  8.68750000000000000000                 -0.81051927804946899414                  9.49801921844482421875
                138.82997131347656250000                  9.37500000000000000000                 -0.08572720736265182495                  9.46072673797607421875
                154.82997131347656250000                 10.87500000000000000000                  1.43744647502899169922                  9.43755340576171875000
                170.82997131347656250000                  9.18750000000000000000                 -0.24324722588062286377                  9.43074703216552734375
                186.82997131347656250000                 70.81250000000000000000                 61.37180328369140625000                  9.44069671630859375000
                202.82997131347656250000                 92.50000000000000000000                 83.03424072265625000000                  9.46575641632080078125
                218.82997131347656250000                 17.62500000000000000000                  8.12274551391601562500                  9.50225448608398437500
                234.82997131347656250000                  9.37500000000000000000                 -0.16979204118251800537                  9.54479217529296875000
                250.82997131347656250000                  9.00000000000000000000                 -0.58666515350341796875                  9.58666515350341796875
                266.82997131347656250000                 10.93750000000000000000                  1.31698548793792724609                  9.62051486968994140625
                282.82997131347656250000                  9.62500000000000000000                 -0.01405314821749925613                  9.63905334472656250000
                298.82997131347656250000                 10.37500000000000000000                  0.73918026685714721680                  9.63581943511962890625
                314.82997131347656250000                 10.25000000000000000000                  0.64412927627563476562                  9.60587024688720703125
                330.82997131347656250000                 10.06250000000000000000                  0.51616907119750976562                  9.54633045196533203125
                346.82997131347656250000                  9.50000000000000000000                  0.04326008260250091553                  9.45674037933349609375
                362.82997131347656250000                 10.31250000000000000000                  0.97334432601928710938                  9.33915615081787109375
                378.82997131347656250000                  9.75000000000000000000                  0.55199533700942993164                  9.19800472259521484375
                394.82997131347656250000                  8.75000000000000000000                 -0.28969901800155639648                  9.03969860076904296875
                410.82997131347656250000                  8.56250000000000000000                 -0.30956700444221496582                  8.87206745147705078125
                426.82997131347656250000                  8.62500000000000000000                 -0.07866379618644714355                  8.70366382598876953125
                442.82997131347656250000                  8.75000000000000000000                  0.20696009695529937744                  8.54304027557373046875
                458.82997131347656250000                  8.12500000000000000000                 -0.27304556965827941895                  8.39804553985595703125
                474.82997131347656250000                  8.06250000000000000000                 -0.21274027228355407715                  8.27523994445800781250
