7.57308653738282
8.11538598386142
8.63289845370658
9.09647042983009
9.48262176323373
9.77616375047078
9.97190751768552
10.0751820355204
10.1010357504513
10.072180211449
10.0159198818829
9.96046916760306
9.93115850422455
9.94705748641515
10.018488007648
10.1457714921209
10.3193716439789
10.5213872541224
10.7281522566598
10.9135443486873
11.052513465749
11.1243298291732
11.1151169699068
11.0193638005986
10.8402771632435
10.5890128773039
10.2829801185162
9.94352750493807
9.59337540758091
9.25415461906966
8.94435400167105
8.67788457489231
8.46335457027933
8.30403947945715
8.19843996377276
8.14125980018675
8.12461008034866
8.13925246557766
8.17572628989723
