49.0656520930059
50.26253325233
51.3496475494889
52.2610256539154
52.9513116648762
53.4024054581009
53.627272751907
53.670149077738
53.6027785031241
53.516836082607
53.5132189680126
53.6893780332412
54.126222562446
54.8762997787936
55.9548873382054
57.3353320712507
58.9494517076213
60.6931538826539
62.4367124392708
64.038483080063
65.3603431923247
66.2828861928035
66.718433106914
66.620240289783
65.9868315708374
64.8610760086331
63.3243564504068
61.4868145992218
59.475119239074
57.4194246843737
55.4411496214422
53.6429397954637
52.1017448407501
50.8654246166641
49.9527923745474
49.3565774541145
49.048501391436
48.9855307808037
49.1163911326823
