               -133.17002868652343750000                 33.62500000000000000000
               -117.17002868652343750000                 57.81250000000000000000
               -101.17002868652343750000                 56.50000000000000000000
                -85.17002868652343750000                 56.93750000000000000000
                -69.17002868652343750000                 60.50000000000000000000
                -53.17002868652343750000                 56.75000000000000000000
                -37.17002868652343750000                 54.81250000000000000000
                -21.17002868652343750000                 59.31250000000000000000
                 -5.17002868652343750000                 56.56250000000000000000
                 10.82997131347656250000                 56.56250000000000000000
                 26.82997131347656250000                 56.56250000000000000000
                 42.82997131347656250000                 57.56250000000000000000
                 58.82997131347656250000                 60.75000000000000000000
                 74.82997131347656250000                 54.62500000000000000000
                 90.82997131347656250000                 59.12500000000000000000
                106.82997131347656250000                 57.93750000000000000000
                122.82997131347656250000                 57.56250000000000000000
                138.82997131347656250000                 59.37500000000000000000
                154.82997131347656250000                 53.93750000000000000000
                170.82997131347656250000                 55.43750000000000000000
                186.82997131347656250000                351.87500000000000000000
                202.82997131347656250000                432.56250000000000000000
                218.82997131347656250000                 77.37500000000000000000
                234.82997131347656250000                 60.18750000000000000000
                250.82997131347656250000                 58.43750000000000000000
                266.82997131347656250000                 55.68750000000000000000
                282.82997131347656250000                 58.12500000000000000000
                298.82997131347656250000                 54.25000000000000000000
                314.82997131347656250000                 59.87500000000000000000
                330.82997131347656250000                 58.43750000000000000000
                346.82997131347656250000                 57.18750000000000000000
                362.82997131347656250000                 58.18750000000000000000
                378.82997131347656250000                 59.68750000000000000000
                394.82997131347656250000                 57.75000000000000000000
                410.82997131347656250000                 57.06250000000000000000
                426.82997131347656250000                 56.37500000000000000000
                442.82997131347656250000                 54.87500000000000000000
                458.82997131347656250000                 55.50000000000000000000
                474.82997131347656250000                 48.12500000000000000000
