-15.4406520930059
7.54996674766998
5.15035245051109
4.67647434608458
7.54868833512379
3.34759454189908
1.18522724809305
5.64235092226195
2.95972149687594
3.04566391739304
3.04928103198743
3.87312196675876
6.62377743755403
-0.251299778793594
3.17011266179464
0.602167928749346
-1.38695170762135
-1.31815388265389
-8.49921243927082
-8.600983080063
286.514656807675
366.279613807197
10.656566893086
-6.43274028978304
-7.54933157083741
-9.17357600863308
-5.19935645040683
-7.23681459922181
0.39988076092601
1.01807531562632
1.74635037855781
4.54456020453628
7.58575515924993
6.88457538333595
7.10970762545256
7.01842254588554
5.82649860856402
6.51446921919631
-0.991391132682338
