               -133.17002868652343750000                 33.62500000000000000000                -15.44065189361572265625                 49.06565093994140625000
               -117.17002868652343750000                 57.81250000000000000000                  7.54996681213378906250                 50.26253509521484375000
               -101.17002868652343750000                 56.50000000000000000000                  5.15035247802734375000                 51.34964752197265625000
                -85.17002868652343750000                 56.93750000000000000000                  4.67647457122802734375                 52.26102447509765625000
                -69.17002868652343750000                 60.50000000000000000000                  7.54868841171264648438                 52.95131301879882812500
                -53.17002868652343750000                 56.75000000000000000000                  3.34759449958801269531                 53.40240478515625000000
                -37.17002868652343750000                 54.81250000000000000000                  1.18522727489471435547                 53.62727355957031250000
                -21.17002868652343750000                 59.31250000000000000000                  5.64235115051269531250                 53.67015075683593750000
                 -5.17002868652343750000                 56.56250000000000000000                  2.95972156524658203125                 53.60277938842773437500
                 10.82997131347656250000                 56.56250000000000000000                  3.04566383361816406250                 53.51683425903320312500
                 26.82997131347656250000                 56.56250000000000000000                  3.04928112030029296875                 53.51321792602539062500
                 42.82997131347656250000                 57.56250000000000000000                  3.87312197685241699219                 53.68937683105468750000
                 58.82997131347656250000                 60.75000000000000000000                  6.62377738952636718750                 54.12622070312500000000
                 74.82997131347656250000                 54.62500000000000000000                 -0.25129976868629455566                 54.87630081176757812500
                 90.82997131347656250000                 59.12500000000000000000                  3.17011260986328125000                 55.95488739013671875000
                106.82997131347656250000                 57.93750000000000000000                  0.60216790437698364258                 57.33533096313476562500
                122.82997131347656250000                 57.56250000000000000000                 -1.38695168495178222656                 58.94945144653320312500
                138.82997131347656250000                 59.37500000000000000000                 -1.31815385818481445312                 60.69315338134765625000
                154.82997131347656250000                 53.93750000000000000000                 -8.49921226501464843750                 62.43671417236328125000
                170.82997131347656250000                 55.43750000000000000000                 -8.60098266601562500000                 64.03848266601562500000
                186.82997131347656250000                351.87500000000000000000                286.51464843750000000000                 65.36034393310546875000
                202.82997131347656250000                432.56250000000000000000                366.27960205078125000000                 66.28288269042968750000
                218.82997131347656250000                 77.37500000000000000000                 10.65656661987304687500                 66.71842956542968750000
                234.82997131347656250000                 60.18750000000000000000                 -6.43274021148681640625                 66.62023925781250000000
                250.82997131347656250000                 58.43750000000000000000                 -7.54933166503906250000                 65.98683166503906250000
                266.82997131347656250000                 55.68750000000000000000                 -9.17357635498046875000                 64.86107635498046875000
                282.82997131347656250000                 58.12500000000000000000                 -5.19935655593872070312                 63.32435607910156250000
                298.82997131347656250000                 54.25000000000000000000                 -7.23681449890136718750                 61.48681640625000000000
                314.82997131347656250000                 59.87500000000000000000                  0.39988076686859130859                 59.47512054443359375000
                330.82997131347656250000                 58.43750000000000000000                  1.01807534694671630859                 57.41942596435546875000
                346.82997131347656250000                 57.18750000000000000000                  1.74635040760040283203                 55.44115066528320312500
                362.82997131347656250000                 58.18750000000000000000                  4.54456043243408203125                 53.64294052124023437500
                378.82997131347656250000                 59.68750000000000000000                  7.58575534820556640625                 52.10174560546875000000
                394.82997131347656250000                 57.75000000000000000000                  6.88457536697387695312                 50.86542510986328125000
                410.82997131347656250000                 57.06250000000000000000                  7.10970783233642578125                 49.95279312133789062500
                426.82997131347656250000                 56.37500000000000000000                  7.01842260360717773438                 49.35657882690429687500
                442.82997131347656250000                 54.87500000000000000000                  5.82649850845336914062                 49.04850006103515625000
                458.82997131347656250000                 55.50000000000000000000                  6.51446914672851562500                 48.98553085327148437500
                474.82997131347656250000                 48.12500000000000000000                 -0.99139112234115600586                 49.11639022827148437500
