-0.47912057573013
0.00739428670111075
0.302949714021833
0.0330520324382657
-0.051742651497916
-0.0758739843185738
0.398690514533339
0.247443110431725
0.0333457464036451
0.194359708327047
-0.26901242870287
-0.0436841384637956
-0.00395524236761302
0.16349173804916
0.0220596117270364
-0.302334495960558
-0.433864824384986
-0.246924873231724
0.321241668358438
0.145430006104578
1.84990630555908
0.74590128969406
0.394175612443644
-0.0823437070952133
0.00163172987467974
-0.0435176484924598
0.0304167521731586
-0.277819346673293
-0.343791207642915
0.270197527408219
-0.122412717193935
-0.582542972530873
0.32934556833932
0.178024474853739
0.278253364556494
0.194549290944769
-0.384001815200943
0.0436286259129166
-0.647141827998545
