               -133.17002868652343750000                  0.62500000000000000000                 -0.47912058234214782715                  1.10412061214447021484
               -117.17002868652343750000                  1.12500000000000000000                  0.00739428680390119553                  1.11760568618774414062
               -101.17002868652343750000                  1.43750000000000000000                  0.30294972658157348633                  1.13455033302307128906
                -85.17002868652343750000                  1.18750000000000000000                  0.03305203095078468323                  1.15444791316986083984
                -69.17002868652343750000                  1.12500000000000000000                 -0.05174265056848526001                  1.17674267292022705078
                -53.17002868652343750000                  1.12500000000000000000                 -0.07587398588657379150                  1.20087397098541259766
                -37.17002868652343750000                  1.62500000000000000000                  0.39869052171707153320                  1.22630953788757324219
                -21.17002868652343750000                  1.50000000000000000000                  0.24744310975074768066                  1.25255692005157470703
                 -5.17002868652343750000                  1.31250000000000000000                  0.03334574773907661438                  1.27915430068969726562
                 10.82997131347656250000                  1.50000000000000000000                  0.19435970485210418701                  1.30564033985137939453
                 26.82997131347656250000                  1.06250000000000000000                 -0.26901242136955261230                  1.33151245117187500000
                 42.82997131347656250000                  1.31250000000000000000                 -0.04368413984775543213                  1.35618412494659423828
                 58.82997131347656250000                  1.37500000000000000000                 -0.00395524222403764725                  1.37895524501800537109
                 74.82997131347656250000                  1.56250000000000000000                  0.16349174082279205322                  1.39900827407836914062
                 90.82997131347656250000                  1.43750000000000000000                  0.02205961197614669800                  1.41544044017791748047
                106.82997131347656250000                  1.12500000000000000000                 -0.30233448743820190430                  1.42733454704284667969
                122.82997131347656250000                  1.00000000000000000000                 -0.43386483192443847656                  1.43386483192443847656
                138.82997131347656250000                  1.18750000000000000000                 -0.24692487716674804688                  1.43442487716674804688
                154.82997131347656250000                  1.75000000000000000000                  0.32124167680740356445                  1.42875838279724121094
                170.82997131347656250000                  1.56250000000000000000                  0.14543001353740692139                  1.41707003116607666016
                186.82997131347656250000                  3.25000000000000000000                  1.84990632534027099609                  1.40009367465972900391
                202.82997131347656250000                  2.12500000000000000000                  0.74590128660202026367                  1.37909865379333496094
                218.82997131347656250000                  1.75000000000000000000                  0.39417561888694763184                  1.35582435131072998047
                234.82997131347656250000                  1.25000000000000000000                 -0.08234370499849319458                  1.33234369754791259766
                250.82997131347656250000                  1.31250000000000000000                  0.00163172988686710596                  1.31086826324462890625
                266.82997131347656250000                  1.25000000000000000000                 -0.04351764917373657227                  1.29351758956909179688
                282.82997131347656250000                  1.31250000000000000000                  0.03041675128042697906                  1.28208327293395996094
                298.82997131347656250000                  1.00000000000000000000                 -0.27781933546066284180                  1.27781939506530761719
                314.82997131347656250000                  0.93750000000000000000                 -0.34379121661186218262                  1.28129124641418457031
                330.82997131347656250000                  1.56250000000000000000                  0.27019754052162170410                  1.29230248928070068359
                346.82997131347656250000                  1.18750000000000000000                 -0.12241271883249282837                  1.30991268157958984375
                362.82997131347656250000                  0.75000000000000000000                 -0.58254295587539672852                  1.33254301548004150391
                378.82997131347656250000                  1.68750000000000000000                  0.32934555411338806152                  1.35815441608428955078
                394.82997131347656250000                  1.56250000000000000000                  0.17802447080612182617                  1.38447546958923339844
                410.82997131347656250000                  1.68750000000000000000                  0.27825337648391723633                  1.40924668312072753906
                426.82997131347656250000                  1.62500000000000000000                  0.19454929232597351074                  1.43045067787170410156
                442.82997131347656250000                  1.06250000000000000000                 -0.38400182127952575684                  1.44650185108184814453
                458.82997131347656250000                  1.50000000000000000000                  0.04362862557172775269                  1.45637142658233642578
                474.82997131347656250000                  0.81250000000000000000                 -0.64714181423187255859                  1.45964181423187255859
