10.6830212363702
10.6830197753522
10.680503421694
10.6757734267495
10.6687668961183
10.6590593761506
10.6459399880718
10.628550781025
10.6060703300602
10.5779129385032
10.5439107870116
10.5044478032282
10.4605206655391
10.4137129840891
10.3660814055738
10.3199649750751
10.2777395568759
10.2415460403061
10.2130238033052
10.193079644695
10.1817179135149
10.1779330704607
10.1798013876237
10.1843997337025
10.1881735494783
10.1871166060715
10.1771200352904
10.1543408179504
10.1155775106563
10.0586192111108
9.98253247102082
9.88785313333043
9.7766565193386
9.65249001147479
9.5201660528544
9.38542930765848
9.25452701862051
9.13372409588575
9.02881208975755
