-5.43302123637019
0.129480224647843
-0.055503421693972
-0.863273426749497
-0.293766896118326
-2.47155937615058
0.729060011928224
-0.128550781024993
0.393929669939793
-0.577912938503207
0.456089212988447
-0.12944780322824
0.851979334460903
1.02378701591089
-2.61608140557377
0.0550350249249423
-2.3402395568759
-0.804046040306071
-0.96302380330517
0.806920355304976
72.8807820864851
99.6345669295393
8.75769861237628
1.19060026629749
-1.4381735494783
-0.624616606071548
-0.927120035290441
-1.09184081795045
0.38442248934366
0.128880788889164
0.20496752897918
-0.387853133330427
0.785843480661399
-0.0899900114747911
-0.082666052854405
0.177070692341516
-0.129527018620507
-0.321224095885752
-0.403812089757555
