               -133.17002868652343750000                  5.25000000000000000000                 -5.43302106857299804688                 10.68302154541015625000
               -117.17002868652343750000                 10.81250000000000000000                  0.12948022782802581787                 10.68301963806152343750
               -101.17002868652343750000                 10.62500000000000000000                 -0.05550342053174972534                 10.68050384521484375000
                -85.17002868652343750000                  9.81250000000000000000                 -0.86327344179153442383                 10.67577362060546875000
                -69.17002868652343750000                 10.37500000000000000000                 -0.29376688599586486816                 10.66876697540283203125
                -53.17002868652343750000                  8.18750000000000000000                 -2.47155928611755371094                 10.65905952453613281250
                -37.17002868652343750000                 11.37500000000000000000                  0.72905999422073364258                 10.64593982696533203125
                -21.17002868652343750000                 10.50000000000000000000                 -0.12855078279972076416                 10.62855052947998046875
                 -5.17002868652343750000                 11.00000000000000000000                  0.39392966032028198242                 10.60607051849365234375
                 10.82997131347656250000                 10.00000000000000000000                 -0.57791292667388916016                 10.57791328430175781250
                 26.82997131347656250000                 11.00000000000000000000                  0.45608919858932495117                 10.54391098022460937500
                 42.82997131347656250000                 10.37500000000000000000                 -0.12944780290126800537                 10.50444793701171875000
                 58.82997131347656250000                 11.31250000000000000000                  0.85197931528091430664                 10.46052074432373046875
                 74.82997131347656250000                 11.43750000000000000000                  1.02378702163696289062                 10.41371345520019531250
                 90.82997131347656250000                  7.75000000000000000000                 -2.61608147621154785156                 10.36608123779296875000
                106.82997131347656250000                 10.37500000000000000000                  0.05503502488136291504                 10.31996536254882812500
                122.82997131347656250000                  7.93750000000000000000                 -2.34023952484130859375                 10.27773952484130859375
                138.82997131347656250000                  9.43750000000000000000                 -0.80404603481292724609                 10.24154567718505859375
                154.82997131347656250000                  9.25000000000000000000                 -0.96302378177642822266                 10.21302413940429687500
                170.82997131347656250000                 11.00000000000000000000                  0.80692034959793090820                 10.19307994842529296875
                186.82997131347656250000                 83.06250000000000000000                 72.88078308105468750000                 10.18171787261962890625
                202.82997131347656250000                109.81250000000000000000                 99.63456726074218750000                 10.17793273925781250000
                218.82997131347656250000                 18.93750000000000000000                  8.75769901275634765625                 10.17980098724365234375
                234.82997131347656250000                 11.37500000000000000000                  1.19060027599334716797                 10.18439960479736328125
                250.82997131347656250000                  8.75000000000000000000                 -1.43817353248596191406                 10.18817329406738281250
                266.82997131347656250000                  9.56250000000000000000                 -0.62461662292480468750                 10.18711662292480468750
                282.82997131347656250000                  9.25000000000000000000                 -0.92712002992630004883                 10.17712020874023437500
                298.82997131347656250000                  9.06250000000000000000                 -1.09184086322784423828                 10.15434074401855468750
                314.82997131347656250000                 10.50000000000000000000                  0.38442248106002807617                 10.11557769775390625000
                330.82997131347656250000                 10.18750000000000000000                  0.12888078391551971436                 10.05861949920654296875
                346.82997131347656250000                 10.18750000000000000000                  0.20496752858161926270                  9.98253250122070312500
                362.82997131347656250000                  9.50000000000000000000                 -0.38785314559936523438                  9.88785266876220703125
                378.82997131347656250000                 10.56250000000000000000                  0.78584349155426025391                  9.77665615081787109375
                394.82997131347656250000                  9.56250000000000000000                 -0.08999001234769821167                  9.65248966217041015625
                410.82997131347656250000                  9.43750000000000000000                 -0.08266605436801910400                  9.52016639709472656250
                426.82997131347656250000                  9.56250000000000000000                  0.17707069218158721924                  9.38542938232421875000
                442.82997131347656250000                  9.12500000000000000000                 -0.12952701747417449951                  9.25452709197998046875
                458.82997131347656250000                  8.81250000000000000000                 -0.32122409343719482422                  9.13372421264648437500
                474.82997131347656250000                  8.62500000000000000000                 -0.40381208062171936035                  9.02881240844726562500
