-0.515365659303588
0.291209710829008
0.0922073649419635
0.0126322973626096
-0.259656641491136
-0.0364518285958338
-0.06673722850201
-0.161761077576234
0.554866689034681
0.459563483327628
0.116162744073639
-0.0366847272731843
0.00191403402039958
0.0450493634773086
0.217996763917229
-0.166765252614827
0.0154863785360946
-0.110724048208672
-0.233508144679385
-0.478552024916109
1.52843843323158
0.036783277462668
0.0458651660625624
0.242658539547363
-0.24824701864569
0.197871581392641
-0.106616405790203
-0.0366908188325847
0.0328131882365799
-0.335314814816528
-0.0156955040020774
0.0545914336311266
-0.124051142791486
0.261200778439904
0.148036364073774
0.0364678271787624
0.0513092170048717
-0.495319778874371
-0.0414646810961175
