0.827865659303588
0.833790289170992
0.845292635058037
0.86236770263739
0.884656641491136
0.911451828595834
0.94173722850201
0.974261077576234
1.00763331096532
1.04043651667237
1.07133725592636
1.09918472727318
1.1230859659796
1.14245063652269
1.15700323608277
1.16676525261483
1.17201362146391
1.17322404820867
1.17100814467938
1.16605202491611
1.15906156676842
1.15071672253733
1.14163483393744
1.13234146045264
1.12324701864569
1.11462841860736
1.1066164057902
1.09919081883258
1.09218681176342
1.08531481481653
1.07819550400208
1.07040856636887
1.06155114279149
1.0512992215601
1.03946363592623
1.02603217282124
1.01119078299513
0.995319778874371
0.978964681096117
