-2.08485833554671
0.331542524914876
-0.257258804860143
0.649589118469059
0.240785913114182
-0.482179274681008
-0.767624837417612
0.073692293818616
0.0434217302425939
-1.23204406251884
0.31077670925304
-0.202667746687916
0.289963958837532
0.600397421469276
0.477305026516111
0.043938205635965
-0.701682301874587
-0.0740386946583218
0.0501222238414076
0.107008252198916
74.0334536006226
99.0794812076509
7.93351761512152
0.909430167640348
0.00927405301932094
-0.264611474337603
0.840195222825657
0.200951611425405
-0.0554728529813904
0.00972599270879382
0.584673044423313
-0.518228622755434
-0.362269595979131
-0.0738437682973316
-0.0298101849307733
0.830175038588449
0.316337884187774
-0.0735409110801299
-0.403974360081329
