4.49034735709956
4.35293153421026
4.20605734189954
4.05646393334717
3.9133161373159
3.78803658803782
3.69381673129391
3.64477647473953
3.65478672026548
3.73602365667142
3.89738128589529
4.14291950216938
4.47055838603632
4.87123543448209
5.32871468495423
5.8201738158836
6.31760250683876
6.78993428802173
7.20572154071611
7.53606831983323
7.75747614283062
7.85424682369679
7.82012895915669
7.65898652547926
7.38439588390793
7.01822116568217
6.58835425501775
6.12591245480034
5.66224789435659
5.22612973695823
4.84141481533518
4.5254348872737
4.28821608340953
4.13252798864994
4.05465486893526
4.04570431717303
4.09322722067842
4.18291866564738
4.30019721259813
