-5.67784503286069
0.295633162786501
-0.28444629657155
-0.106994038772896
-0.361053564938985
0.201813373337998
0.142619717171925
-0.227487754880412
3.27779043790894
0.594885439042537
1.0353064983164
-0.526931679668381
-0.780383212811222
0.14877185361973
0.196704695190569
-0.763038443297313
-0.106960222633406
0.976013111106505
-0.202805096704704
1.54332019209528
66.0267225330411
99.6854219712643
13.2709997931022
0.473038606785103
0.107118782964651
0.05186727669399
-0.313729614283401
0.0768704946006515
1.47743319354088
-0.921380779278241
1.13269681288766
0.765826740791969
-0.522055139677605
-0.107243684358854
0.195342948940329
0.507372647479105
-0.112612016891092
0.0186430578061003
-1.97804698143845
