               -133.17002868652343750000                  4.43750000000000000000                 -5.67784500122070312500                 10.11534500122070312500
               -117.17002868652343750000                 10.37500000000000000000                  0.29563316702842712402                 10.07936668395996093750
               -101.17002868652343750000                  9.75000000000000000000                 -0.28444629907608032227                 10.03444671630859375000
                -85.17002868652343750000                  9.87500000000000000000                 -0.10699404031038284302                  9.98199367523193359375
                -69.17002868652343750000                  9.56250000000000000000                 -0.36105355620384216309                  9.92355346679687500000
                -53.17002868652343750000                 10.06250000000000000000                  0.20181336998939514160                  9.86068630218505859375
                -37.17002868652343750000                  9.93750000000000000000                  0.14261971414089202881                  9.79487991333007812500
                -21.17002868652343750000                  9.50000000000000000000                 -0.22748775780200958252                  9.72748756408691406250
                 -5.17002868652343750000                 12.93750000000000000000                  3.27779054641723632812                  9.65970993041992187500
                 10.82997131347656250000                 10.18750000000000000000                  0.59488546848297119141                  9.59261417388916015625
                 26.82997131347656250000                 10.56250000000000000000                  1.03530645370483398438                  9.52719306945800781250
                 42.82997131347656250000                  8.93750000000000000000                 -0.52693170309066772461                  9.46443176269531250000
                 58.82997131347656250000                  8.62500000000000000000                 -0.78038322925567626953                  9.40538311004638671875
                 74.82997131347656250000                  9.50000000000000000000                  0.14877185225486755371                  9.35122776031494140625
                 90.82997131347656250000                  9.50000000000000000000                  0.19670470058917999268                  9.30329513549804687500
                106.82997131347656250000                  8.50000000000000000000                 -0.76303845643997192383                  9.26303863525390625000
                122.82997131347656250000                  9.12500000000000000000                 -0.10696022212505340576                  9.23196029663085937500
                138.82997131347656250000                 10.18750000000000000000                  0.97601312398910522461                  9.21148681640625000000
                154.82997131347656250000                  9.00000000000000000000                 -0.20280510187149047852                  9.20280551910400390625
                170.82997131347656250000                 10.75000000000000000000                  1.54332017898559570312                  9.20667934417724609375
                186.82997131347656250000                 75.25000000000000000000                 66.02672576904296875000                  9.22327709197998046875
                202.82997131347656250000                108.93750000000000000000                 99.68542480468750000000                  9.25207805633544921875
                218.82997131347656250000                 22.56250000000000000000                 13.27099990844726562500                  9.29150009155273437500
                234.82997131347656250000                  9.81250000000000000000                  0.47303861379623413086                  9.33946132659912109375
                250.82997131347656250000                  9.50000000000000000000                  0.10711878538131713867                  9.39288139343261718750
                266.82997131347656250000                  9.50000000000000000000                  0.05186727643013000488                  9.44813251495361328125
                282.82997131347656250000                  9.18750000000000000000                 -0.31372961401939392090                  9.50122928619384765625
                298.82997131347656250000                  9.62500000000000000000                  0.07687049359083175659                  9.54812908172607421875
                314.82997131347656250000                 11.06250000000000000000                  1.47743320465087890625                  9.58506679534912109375
                330.82997131347656250000                  8.68750000000000000000                 -0.92138075828552246094                  9.60888099670410156250
                346.82997131347656250000                 10.75000000000000000000                  1.13269686698913574219                  9.61730289459228515625
                362.82997131347656250000                 10.37500000000000000000                  0.76582676172256469727                  9.60917282104492187500
                378.82997131347656250000                  9.06250000000000000000                 -0.52205514907836914062                  9.58455467224121093750
                394.82997131347656250000                  9.43750000000000000000                 -0.10724368691444396973                  9.54474353790283203125
                410.82997131347656250000                  9.68750000000000000000                  0.19534294307231903076                  9.49215698242187500000
                426.82997131347656250000                  9.93750000000000000000                  0.50737261772155761719                  9.43012714385986328125
                442.82997131347656250000                  9.25000000000000000000                 -0.11261201649904251099                  9.36261177062988281250
                458.82997131347656250000                  9.31250000000000000000                  0.01864305697381496429                  9.29385662078857421875
                474.82997131347656250000                  7.25000000000000000000                 -1.97804701328277587891                  9.22804737091064453125
