7.81946618297996
8.48408323005452
9.13320051344156
9.72838733407848
10.2356933669829
10.6293448628968
10.894702886401
11.0300414028813
11.0468331247379
10.9684201373741
10.8271690505836
10.6604332099412
10.5058310254301
10.3964670437272
10.356748227302
10.3993739531159
10.5239134476628
10.7171537634579
10.9551420151931
11.2065999270578
11.4371969783105
11.6140610300359
11.7098974833009
11.7061772267814
11.5950206215846
11.379617793589
11.0732468027791
10.6971443662004
10.2776201120407
9.84286862012768
9.41992169167016
9.03210732828428
8.69726222392059
8.42680621808938
8.22565463244588
8.09283740567987
8.02262460870084
8.00593003113873
8.03177433040269
