0.808763392090148
0.795291581008507
0.784935751845828
0.778566010155712
0.777010731754679
0.780979792389974
0.790981095947518
0.80723955234733
0.829629353563105
0.85763072426233
0.890320985607831
0.926406713521372
0.964299227931331
1.00223012758875
1.03839781784265
1.07113081855405
1.09904992849937
1.12120975548678
1.13720112094148
1.14719947843165
1.15195041868558
1.15269087232154
1.15101278575178
1.14868370604954
1.1474447526932
1.1488099503369
1.15389125747081
1.16327070544687
1.1769351998187
1.19428151908422
1.21419000106486
1.23515662907442
1.25546597863597
1.27338278378373
1.28733835110987
1.29608981185829
1.29883486972687
1.2952714542742
1.28559942484949
