-0.308763392090148
0.0797084189914926
-0.159935751845828
0.221433989844288
0.0354892682453209
-0.280979792389974
-0.103481095947518
0.19276044765267
0.295370646436895
-0.17013072426233
-0.202820985607831
-0.176406713521372
0.0357007720686686
0.497769872411249
-0.350897817842651
0.11636918144595
0.650950071500627
-0.371209755486785
0.0502988790585226
-0.0846994784316464
0.0355495813144246
0.659809127678463
0.28648721424822
-0.0236837060495423
-0.084944752693199
-0.148809950336897
0.0336087425291884
0.586729294553133
-0.364435199818703
-0.194281519084217
0.0358099989351439
-0.61015662907442
0.119534021364027
-0.0233827837837279
0.337661648890128
0.141410188141708
0.263665130273132
-0.482771454274202
-0.0355994248494902
