5.57549631229967
5.64159028066164
5.71024497307611
5.77932335071846
5.84684313451688
5.91106463879421
5.97052110355975
6.02399278262922
6.07043844966457
6.10890827262195
6.13846775086816
6.15816192198757
6.1670418265737
6.16426217926386
6.14924258842443
6.12186773001216
6.08268821716891
6.03307675058784
5.97529563617264
5.91244244915065
5.84825919792366
5.78681379310064
5.73208677188956
5.68751648114234
5.65556820196389
5.6373942590662
5.63264217904506
5.6394477663483
5.65462281112004
5.67401762446835
5.6930117823195
5.70706693398875
5.71226654460734
5.70577032462362
5.6861250767984
5.65339608823715
5.60911001113254
5.55602687257824
5.49778119957788
