-2.76299631229967
-0.57909028066164
0.35225502692389
-0.0918233507184567
0.153156865483115
0.151435361205787
-0.845521103559751
0.22600721737078
0.554561550335429
-0.608908272621947
-0.263467750868161
-0.408161921987569
0.0829581734263014
0.835737820736135
0.10075741157557
-0.871867730012157
-0.332688217168909
0.0919232494121598
0.399704363827363
0.400057550849348
2.58924080207634
1.83818620689936
-0.669586771889557
-0.375016481142342
-0.155568201963891
-0.324894259066199
0.0548578209549424
-0.0769477663482965
-0.0921228111200429
-0.361517624468347
0.369488217680503
1.16793306601125
0.412733455392657
-0.0807703246236224
0.501374923201601
-0.653396088237154
0.640889988867459
-0.181026872578236
-1.68528119957788
