31.5063948029709
31.2887254690045
31.0469975289995
30.7987889414259
30.5632913333674
30.3594009852809
30.2036727982822
30.1083911050504
30.0800190807861
30.1182579605984
30.2158796482654
30.359399187637
30.5305399200018
30.708330489993
30.8715767391427
31.0013886719013
31.0834243247178
31.1095431907092
31.0786389218801
30.996533988164
30.8749514465128
30.7297110570027
30.5784083875999
30.4379089203541
30.3220130004668
30.2396180768164
30.1936268997876
30.1807367381457
30.1921134407621
30.2148260212553
30.2338121260964
30.2340777374098
30.2028145079761
30.1311460311357
30.0152831958505
29.8569654958756
29.6631730820247
29.4451962241424
29.2172297779783
