0.809378497147325
0.884305989077227
0.963887061424922
1.04439682172482
1.12234060290081
1.19478516312435
1.25961967145371
1.31571084915329
1.36293095338967
1.40205539686917
1.43454586243724
1.46225170266924
1.48707440600015
1.51064495396548
1.53406114306058
1.55772187264097
1.58127971296153
1.6037143946282
1.62351128567573
1.63891344030469
1.64820580914603
1.64998709974454
1.64338877965579
1.62821085469098
1.60495839903977
1.57477883804716
1.5393150269985
1.50050088562154
1.46033308390126
1.42065330055181
1.38297114802136
1.34834911044624
1.31735953032643
1.29011184407607
1.2663378595413
1.24551543469255
1.22700736360735
1.21019277578547
1.19457238379322
