               -133.17002868652343750000                  0.68750000000000000000                 -0.12187849730253219604                  0.80937850475311279297
               -117.17002868652343750000                  0.75000000000000000000                 -0.13430598378181457520                  0.88430601358413696289
               -101.17002868652343750000                  0.75000000000000000000                 -0.21388706564903259277                  0.96388703584671020508
                -85.17002868652343750000                  1.37500000000000000000                  0.33060318231582641602                  1.04439687728881835938
                -69.17002868652343750000                  1.43750000000000000000                  0.31515941023826599121                  1.12234055995941162109
                -53.17002868652343750000                  1.56250000000000000000                  0.36771482229232788086                  1.19478511810302734375
                -37.17002868652343750000                  1.12500000000000000000                 -0.13461966812610626221                  1.25961971282958984375
                -21.17002868652343750000                  1.43750000000000000000                  0.12178914994001388550                  1.31571090221405029297
                 -5.17002868652343750000                  1.00000000000000000000                 -0.36293095350265502930                  1.36293089389801025391
                 10.82997131347656250000                  1.81250000000000000000                  0.41044461727142333984                  1.40205538272857666016
                 26.82997131347656250000                  1.43750000000000000000                  0.00295413751155138016                  1.43454587459564208984
                 42.82997131347656250000                  1.50000000000000000000                  0.03774829581379890442                  1.46225166320800781250
                 58.82997131347656250000                  1.43750000000000000000                 -0.04957440495491027832                  1.48707437515258789062
                 74.82997131347656250000                  1.25000000000000000000                 -0.26064494252204895020                  1.51064491271972656250
                 90.82997131347656250000                  1.37500000000000000000                 -0.15906114876270294189                  1.53406119346618652344
                106.82997131347656250000                  1.68750000000000000000                  0.12977813184261322021                  1.55772185325622558594
                122.82997131347656250000                  1.56250000000000000000                 -0.01877971366047859192                  1.58127975463867187500
                138.82997131347656250000                  1.75000000000000000000                  0.14628560841083526611                  1.60371434688568115234
                154.82997131347656250000                  1.50000000000000000000                 -0.12351128458976745605                  1.62351131439208984375
                170.82997131347656250000                  1.12500000000000000000                 -0.51391345262527465820                  1.63891339302062988281
                186.82997131347656250000                  6.06250000000000000000                  4.41429424285888671875                  1.64820575714111328125
                202.82997131347656250000                  7.12500000000000000000                  5.47501277923583984375                  1.64998710155487060547
                218.82997131347656250000                  1.75000000000000000000                  0.10661122202873229980                  1.64338874816894531250
                234.82997131347656250000                  1.75000000000000000000                  0.12178914248943328857                  1.62821090221405029297
                250.82997131347656250000                  1.06250000000000000000                 -0.54245841503143310547                  1.60495841503143310547
                266.82997131347656250000                  1.75000000000000000000                  0.17522116005420684814                  1.57477879524230957031
                282.82997131347656250000                  1.25000000000000000000                 -0.28931501507759094238                  1.53931498527526855469
                298.82997131347656250000                  1.12500000000000000000                 -0.37550088763236999512                  1.50050091743469238281
                314.82997131347656250000                  1.81250000000000000000                  0.35216692090034484863                  1.46033310890197753906
                330.82997131347656250000                  1.62500000000000000000                  0.20434670150279998779                  1.42065334320068359375
                346.82997131347656250000                  1.06250000000000000000                 -0.32047113776206970215                  1.38297116756439208984
                362.82997131347656250000                  1.43750000000000000000                  0.08915089070796966553                  1.34834909439086914062
                378.82997131347656250000                  1.37500000000000000000                  0.05764047056436538696                  1.31735956668853759766
                394.82997131347656250000                  0.87500000000000000000                 -0.41511183977127075195                  1.29011189937591552734
                410.82997131347656250000                  1.37500000000000000000                  0.10866214334964752197                  1.26633787155151367188
                426.82997131347656250000                  1.43750000000000000000                  0.19198456406593322754                  1.24551546573638916016
                442.82997131347656250000                  1.81250000000000000000                  0.58549261093139648438                  1.22700738906860351562
                458.82997131347656250000                  1.12500000000000000000                 -0.08519277721643447876                  1.21019279956817626953
                474.82997131347656250000                  1.00000000000000000000                 -0.19457238912582397461                  1.19457232952117919922
