               -133.17002868652343750000                  5.56250000000000000000                 -5.00319910049438476562                 10.56569957733154296875
               -117.17002868652343750000                  9.87500000000000000000                 -0.70067906379699707031                 10.57567882537841796875
               -101.17002868652343750000                 10.68750000000000000000                  0.10484932363033294678                 10.58265113830566406250
                -85.17002868652343750000                 10.50000000000000000000                 -0.08636122196912765503                 10.58636093139648437500
                -69.17002868652343750000                 10.25000000000000000000                 -0.33661761879920959473                 10.58661746978759765625
                -53.17002868652343750000                 11.00000000000000000000                  0.41667208075523376465                 10.58332824707031250000
                -37.17002868652343750000                 10.56250000000000000000                 -0.01405032351613044739                 10.57655048370361328125
                -21.17002868652343750000                 10.00000000000000000000                 -0.56654220819473266602                 10.56654262542724609375
                 -5.17002868652343750000                 12.68750000000000000000                  2.13370060920715332031                 10.55379962921142578125
                 10.82997131347656250000                 10.62500000000000000000                  0.08592453598976135254                 10.53907585144042968750
                 26.82997131347656250000                 10.12500000000000000000                 -0.39837190508842468262                 10.52337169647216796875
                 42.82997131347656250000                 11.68750000000000000000                  1.17960762977600097656                 10.50789260864257812500
                 58.82997131347656250000                  9.06250000000000000000                 -1.43146049976348876953                 10.49396038055419921875
                 74.82997131347656250000                 10.62500000000000000000                  0.14209634065628051758                 10.48290348052978515625
                 90.82997131347656250000                 10.56250000000000000000                  0.08658565580844879150                 10.47591400146484375000
                106.82997131347656250000                 10.25000000000000000000                 -0.22390103340148925781                 10.47390079498291015625
                122.82997131347656250000                  9.75000000000000000000                 -0.72734719514846801758                 10.47734737396240234375
                138.82997131347656250000                  9.93750000000000000000                 -0.54869574308395385742                 10.48619556427001953125
                154.82997131347656250000                 11.18750000000000000000                  0.68772530555725097656                 10.49977493286132812500
                170.82997131347656250000                 10.93750000000000000000                  0.42072287201881408691                 10.51677703857421875000
                186.82997131347656250000                 91.93750000000000000000                 81.40219879150390625000                 10.53530025482177734375
                202.82997131347656250000                129.56250000000000000000                119.00961303710937500000                 10.55288887023925781250
                218.82997131347656250000                 23.00000000000000000000                 12.43302345275878906250                 10.56697654724121093750
                234.82997131347656250000                 12.00000000000000000000                  1.42549502849578857422                 10.57450485229492187500
                250.82997131347656250000                 11.31250000000000000000                  0.73977631330490112305                 10.57272338867187500000
                266.82997131347656250000                 10.43750000000000000000                 -0.12163019180297851562                 10.55912971496582031250
                282.82997131347656250000                  9.93750000000000000000                 -0.59424573183059692383                 10.53174591064453125000
                298.82997131347656250000                 10.75000000000000000000                  0.26069712638854980469                 10.48930263519287109375
                314.82997131347656250000                 11.50000000000000000000                  1.06861269474029541016                 10.43138694763183593750
                330.82997131347656250000                  9.68750000000000000000                 -0.67102235555648803711                 10.35852241516113281250
                346.82997131347656250000                 11.68750000000000000000                  1.41531372070312500000                 10.27218627929687500000
                362.82997131347656250000                 10.06250000000000000000                 -0.11226198077201843262                 10.17476177215576171875
                378.82997131347656250000                  9.68750000000000000000                 -0.38191774487495422363                 10.06941795349121093750
                394.82997131347656250000                 11.75000000000000000000                  1.79007065296173095703                  9.95992946624755859375
                410.82997131347656250000                 11.06250000000000000000                  1.21204710006713867188                  9.85045242309570312500
                426.82997131347656250000                 10.12500000000000000000                  0.37973308563232421875                  9.74526691436767578125
                442.82997131347656250000                  9.56250000000000000000                 -0.08600123971700668335                  9.64850139617919921875
                458.82997131347656250000                  9.25000000000000000000                 -0.31387582421302795410                  9.56387615203857421875
                474.82997131347656250000                  8.68750000000000000000                 -0.80696952342987060547                  9.49446964263916015625
