7.84317960597691
8.27327596883886
8.71203515430828
9.13268661825426
9.51163381715043
9.83147563929299
10.0834191667571
10.2686650840052
10.3984594340353
10.4926824596615
10.5770640136122
10.679341879413
10.8248752360353
11.0323528310064
11.3102655988211
11.654733353173
12.0490911090862
12.4653786260972
12.8675790132605
13.216169568627
13.4733305671496
13.6080450460746
13.6003358071384
13.4440229498192
13.1476216258003
12.7332928421268
12.2340581040136
11.6897403432587
11.1422583459209
10.6309569849403
10.1885992734252
9.83849683009168
9.59304597412755
9.45370790903081
9.41226296955203
9.45301220041675
9.55551316428738
9.69742475954354
9.85708862688327
