4.65632134932379
4.68537520819391
4.71911370800442
4.75725359554115
4.79928170951472
4.84440568888399
4.89151441408843
4.93915962958029
4.98556990139975
5.02870551589236
5.06635820119446
5.0962931766957
5.11642392877099
5.1250034509051
5.12081069986799
5.10330875122468
5.07275223744736
5.03022622989003
4.97760630144357
4.91743906925023
4.85275268543678
4.78683450733395
4.72287202446106
4.6638749721444
4.61225961109166
4.56976770745273
4.53734877553661
4.51514299466339
4.5025439874102
4.49832975762532
4.50084268128231
4.5081949312062
4.51847452687003
4.52992925802534
4.54111050410056
4.55096558518454
4.55887467486623
4.564635408132
4.56840420482692
