-2.09382134932379
-0.0603752081939071
0.0933862919955777
1.05524640445885
0.450718290485283
-0.906905688883988
-0.579014414088434
0.0608403704197062
-0.423069901399753
0.158794484107636
-0.691358201194459
-0.0962931766957036
0.258576071229012
0.124996549094905
-0.870810699867986
0.771691248775317
0.552247762552642
-0.21772622989003
0.522393698556431
0.332560930749774
52.5847473145632
68.8381654926661
4.77712797553894
-0.163874972144398
1.32524038890834
0.36773229254727
-0.162348775536606
0.0473570053366092
-0.502543987410199
-0.0608297576253243
0.874157318717685
0.741805068793804
0.544025473129972
-0.404929258025337
-0.228610504100557
1.32403441481546
-0.0588746748662308
0.0603645918680007
-1.00590420482692
