               -133.17002868652343750000                  2.56250000000000000000                 -2.09382128715515136719                  4.65632152557373046875
               -117.17002868652343750000                  4.62500000000000000000                 -0.06037520989775657654                  4.68537521362304687500
               -101.17002868652343750000                  4.81250000000000000000                  0.09338629245758056641                  4.71911382675170898438
                -85.17002868652343750000                  5.81250000000000000000                  1.05524635314941406250                  4.75725364685058593750
                -69.17002868652343750000                  5.25000000000000000000                  0.45071828365325927734                  4.79928159713745117188
                -53.17002868652343750000                  3.93750000000000000000                 -0.90690571069717407227                  4.84440565109252929688
                -37.17002868652343750000                  4.31250000000000000000                 -0.57901442050933837891                  4.89151430130004882812
                -21.17002868652343750000                  5.00000000000000000000                  0.06084037199616432190                  4.93915939331054687500
                 -5.17002868652343750000                  4.56250000000000000000                 -0.42306989431381225586                  4.98556995391845703125
                 10.82997131347656250000                  5.18750000000000000000                  0.15879447758197784424                  5.02870559692382812500
                 26.82997131347656250000                  4.37500000000000000000                 -0.69135820865631103516                  5.06635808944702148438
                 42.82997131347656250000                  5.00000000000000000000                 -0.09629317373037338257                  5.09629297256469726562
                 58.82997131347656250000                  5.37500000000000000000                  0.25857606530189514160                  5.11642408370971679688
                 74.82997131347656250000                  5.25000000000000000000                  0.12499655038118362427                  5.12500333786010742188
                 90.82997131347656250000                  4.25000000000000000000                 -0.87081068754196166992                  5.12081050872802734375
                106.82997131347656250000                  5.87500000000000000000                  0.77169126272201538086                  5.10330867767333984375
                122.82997131347656250000                  5.62500000000000000000                  0.55224776268005371094                  5.07275247573852539062
                138.82997131347656250000                  4.81250000000000000000                 -0.21772623062133789062                  5.03022623062133789062
                154.82997131347656250000                  5.50000000000000000000                  0.52239370346069335938                  4.97760629653930664062
                170.82997131347656250000                  5.25000000000000000000                  0.33256092667579650879                  4.91743898391723632812
                186.82997131347656250000                 57.43750000000000000000                 52.58474731445312500000                  4.85275268554687500000
                202.82997131347656250000                 73.62500000000000000000                 68.83816528320312500000                  4.78683471679687500000
                218.82997131347656250000                  9.50000000000000000000                  4.77712774276733398438                  4.72287225723266601562
                234.82997131347656250000                  4.50000000000000000000                 -0.16387496888637542725                  4.66387510299682617188
                250.82997131347656250000                  5.93750000000000000000                  1.32524037361145019531                  4.61225938796997070312
                266.82997131347656250000                  4.93750000000000000000                  0.36773228645324707031                  4.56976747512817382812
                282.82997131347656250000                  4.37500000000000000000                 -0.16234877705574035645                  4.53734874725341796875
                298.82997131347656250000                  4.56250000000000000000                  0.04735700413584709167                  4.51514291763305664062
                314.82997131347656250000                  4.00000000000000000000                 -0.50254398584365844727                  4.50254392623901367188
                330.82997131347656250000                  4.43750000000000000000                 -0.06082975864410400391                  4.49832963943481445312
                346.82997131347656250000                  5.37500000000000000000                  0.87415730953216552734                  4.50084257125854492188
                362.82997131347656250000                  5.25000000000000000000                  0.74180507659912109375                  4.50819492340087890625
                378.82997131347656250000                  5.06250000000000000000                  0.54402548074722290039                  4.51847457885742187500
                394.82997131347656250000                  4.12500000000000000000                 -0.40492925047874450684                  4.52992916107177734375
                410.82997131347656250000                  4.31250000000000000000                 -0.22861050069332122803                  4.54111051559448242188
                426.82997131347656250000                  5.87500000000000000000                  1.32403445243835449219                  4.55096578598022460938
                442.82997131347656250000                  4.50000000000000000000                 -0.05887467414140701294                  4.55887460708618164062
                458.82997131347656250000                  4.62500000000000000000                  0.06036459282040596008                  4.56463527679443359375
                474.82997131347656250000                  3.56250000000000000000                 -1.00590419769287109375                  4.56840419769287109375
