3.92916594049794
4.11638820741873
4.28969983539593
4.43935931705863
4.55913263266568
4.6472667858698
4.70693076919434
4.74600834355712
4.77621059236766
4.81157371895834
4.86650492785586
4.95362087690027
5.08167449909534
5.25387596121802
5.46687702117455
5.71060729047048
5.96903576604754
6.22179788522008
6.44649784484918
6.62138933902315
6.728073510487
6.75384259389615
6.69334436357295
6.54933927403398
6.33245359274691
6.05997639639704
5.75388249577719
5.43836586806651
5.13722375705146
4.87143360723015
4.65721620214053
4.50478994934877
4.4179101935553
4.39417309100258
4.42596399831544
4.50185923111171
4.60825488557728
4.73099784763613
4.85682678680775
