4.75959681048875
4.79025985405225
4.82265244232943
4.85518607990202
4.88630210586508
4.91462813146781
4.93912568653438
4.95921105663915
4.97483291457281
4.98649419930118
4.99521144883009
5.00241184415113
5.0097757479554
5.01903958556674
5.03177958169682
5.04920033010998
5.07195287415997
5.10000468789939
5.13257882474071
5.16817207749364
5.20465312887046
5.23941336971802
5.26968724675284
5.29261833258896
5.30571177592345
5.306977900872
5.29514272438923
5.26977268053033
5.23132123810996
5.18109489900209
5.12114486354403
5.05409826419904
4.9829484103725
4.91082640503152
4.84077663288577
4.77555621408296
4.71747411959606
4.66828001326869
4.62910685076803
