-1.94709681048875
0.647240145947751
-0.385152442329429
1.26981392009798
-0.886302105865076
0.772871868532186
-0.314125686534383
0.415788943360846
0.212667085427185
-0.361494199301184
-0.432711448830092
0.372588155848875
0.115224252044595
-0.0815395855667447
-0.0317795816968216
0.0757996698900181
-0.321952874159972
0.33749531210061
-1.00757882474071
0.331827922506355
56.6703468711295
78.573086630282
4.04281275324716
-0.292618332588958
-0.0557117759234478
0.693022099127996
0.267357275610769
-0.582272680530335
0.0811787618900421
0.0689051009979114
0.691355136455968
-1.24159826419904
0.0170515896274983
-0.160826405031522
0.721723367114232
-0.275556214082962
0.782525880403941
0.081719986731315
-0.379106850768026
