               -133.17002868652343750000                  2.81250000000000000000                 -1.94709682464599609375                  4.75959682464599609375
               -117.17002868652343750000                  5.43750000000000000000                  0.64724016189575195312                  4.79025983810424804688
               -101.17002868652343750000                  4.43750000000000000000                 -0.38515242934226989746                  4.82265233993530273438
                -85.17002868652343750000                  6.12500000000000000000                  1.26981389522552490234                  4.85518598556518554688
                -69.17002868652343750000                  4.00000000000000000000                 -0.88630211353302001953                  4.88630199432373046875
                -53.17002868652343750000                  5.68750000000000000000                  0.77287185192108154297                  4.91462802886962890625
                -37.17002868652343750000                  4.62500000000000000000                 -0.31412568688392639160                  4.93912553787231445312
                -21.17002868652343750000                  5.37500000000000000000                  0.41578894853591918945                  4.95921087265014648438
                 -5.17002868652343750000                  5.18750000000000000000                  0.21266709268093109131                  4.97483301162719726562
                 10.82997131347656250000                  4.62500000000000000000                 -0.36149421334266662598                  4.98649406433105468750
                 26.82997131347656250000                  4.56250000000000000000                 -0.43271145224571228027                  4.99521160125732421875
                 42.82997131347656250000                  5.37500000000000000000                  0.37258815765380859375                  5.00241184234619140625
                 58.82997131347656250000                  5.12500000000000000000                  0.11522424966096878052                  5.00977563858032226562
                 74.82997131347656250000                  4.93750000000000000000                 -0.08153958618640899658                  5.01903963088989257812
                 90.82997131347656250000                  5.00000000000000000000                 -0.03177958354353904724                  5.03177976608276367188
                106.82997131347656250000                  5.12500000000000000000                  0.07579966634511947632                  5.04920053482055664062
                122.82997131347656250000                  4.75000000000000000000                 -0.32195287942886352539                  5.07195281982421875000
                138.82997131347656250000                  5.43750000000000000000                  0.33749532699584960938                  5.10000467300415039062
                154.82997131347656250000                  4.12500000000000000000                 -1.00757884979248046875                  5.13257884979248046875
                170.82997131347656250000                  5.50000000000000000000                  0.33182790875434875488                  5.16817188262939453125
                186.82997131347656250000                 61.87500000000000000000                 56.67034530639648437500                  5.20465326309204101562
                202.82997131347656250000                 83.81250000000000000000                 78.57308959960937500000                  5.23941326141357421875
                218.82997131347656250000                  9.31250000000000000000                  4.04281282424926757812                  5.26968717575073242188
                234.82997131347656250000                  5.00000000000000000000                 -0.29261833429336547852                  5.29261827468872070312
                250.82997131347656250000                  5.25000000000000000000                 -0.05571177601814270020                  5.30571174621582031250
                266.82997131347656250000                  6.00000000000000000000                  0.69302207231521606445                  5.30697774887084960938
                282.82997131347656250000                  5.56250000000000000000                  0.26735728979110717773                  5.29514265060424804688
                298.82997131347656250000                  4.68750000000000000000                 -0.58227270841598510742                  5.26977252960205078125
                314.82997131347656250000                  5.31250000000000000000                  0.08117876201868057251                  5.23132133483886718750
                330.82997131347656250000                  5.25000000000000000000                  0.06890510022640228271                  5.18109512329101562500
                346.82997131347656250000                  5.81250000000000000000                  0.69135510921478271484                  5.12114477157592773438
                362.82997131347656250000                  3.81250000000000000000                 -1.24159824848175048828                  5.05409812927246093750
                378.82997131347656250000                  5.00000000000000000000                  0.01705158874392509460                  4.98294830322265625000
                394.82997131347656250000                  4.75000000000000000000                 -0.16082639992237091064                  4.91082620620727539062
                410.82997131347656250000                  5.56250000000000000000                  0.72172337770462036133                  4.84077644348144531250
                426.82997131347656250000                  4.50000000000000000000                 -0.27555620670318603516                  4.77555608749389648438
                442.82997131347656250000                  5.50000000000000000000                  0.78252589702606201172                  4.71747398376464843750
                458.82997131347656250000                  4.75000000000000000000                  0.08171998709440231323                  4.66828012466430664062
                474.82997131347656250000                  4.25000000000000000000                 -0.37910684943199157715                  4.62910699844360351562
