32.612173551909
32.6962570805731
32.7661429310373
32.8228161186048
32.8671147202857
32.8994126550164
32.9193636112092
32.9257468125261
32.9164417542882
32.8885409151825
32.8385896692955
32.7629244409089
32.6580665211785
32.5211220124297
32.3501389548099
32.1443803327557
31.9044846690313
31.6325018136895
31.3318075978264
31.0069148228612
30.6632078995073
30.3065653299344
29.9433808427331
29.5795797638562
29.2210437814535
28.8730724912627
28.5403248674196
28.2267653254636
27.9356780577657
27.6697385630664
27.4311255566842
27.221651962916
27.0428911534097
26.8962747649351
26.7831418730576
26.7047261123057
26.6620769548944
26.655922532908
26.6864923287845
