12.7733558784964
12.8682783503303
12.9579373741464
13.0375233526605
13.1031883087199
13.1524721398454
13.1845859301587
13.200508580894
13.2028763891125
13.1956728291508
13.1837535223408
13.1722648504382
13.1660300522319
13.1689813490508
13.1837098017589
13.2111872449443
13.2506895603304
13.2999218043711
13.3553179253635
13.4124653787248
13.4665912501493
13.5130433138587
13.5477067108258
13.5673127566384
13.5696175094275
13.5534501252875
13.5186507056093
13.4659310681687
13.3966977588203
13.3128743954377
13.2167514144563
13.1108780131215
12.9979967277955
12.8810087952211
12.7629506592567
12.6469600144785
12.536213586104
12.4338271622958
12.3427190702259
