-4.6483558784964
-0.555778350330327
0.354562625853557
2.3999766473395
-0.165688308719938
1.0350278601546
-0.309585930158683
0.361991419106007
0.547123610887486
-0.445672829150759
1.62874647765917
-0.734764850438227
-0.16603005223185
0.393518650949217
-0.683709801758907
-0.586187244944318
0.186810439669598
0.575078195628913
-0.167817925363515
-1.34996537872479
4.59590874985065
3.11195668614127
0.014793289174218
-0.129812756638435
-0.00711750942747358
0.509049874712503
-2.26865070560934
-0.21593106816872
0.165802241179724
0.999625604562258
-0.841751414456274
-1.48587801312148
0.939503272204524
1.05649120477894
-1.1379506592567
0.540539985521512
1.02628641389598
-0.871327162295779
-2.90521907022587
