               -133.17002868652343750000                  8.12500000000000000000                 -4.64835596084594726562                 12.77335548400878906250
               -117.17002868652343750000                 12.31250000000000000000                 -0.55577832460403442383                 12.86827850341796875000
               -101.17002868652343750000                 13.31250000000000000000                  0.35456264019012451172                 12.95793724060058593750
                -85.17002868652343750000                 15.43750000000000000000                  2.39997673034667968750                 13.03752326965332031250
                -69.17002868652343750000                 12.93750000000000000000                 -0.16568830609321594238                 13.10318851470947265625
                -53.17002868652343750000                 14.18750000000000000000                  1.03502786159515380859                 13.15247249603271484375
                -37.17002868652343750000                 12.87500000000000000000                 -0.30958592891693115234                 13.18458557128906250000
                -21.17002868652343750000                 13.56250000000000000000                  0.36199140548706054688                 13.20050811767578125000
                 -5.17002868652343750000                 13.75000000000000000000                  0.54712361097335815430                 13.20287609100341796875
                 10.82997131347656250000                 12.75000000000000000000                 -0.44567283987998962402                 13.19567298889160156250
                 26.82997131347656250000                 14.81250000000000000000                  1.62874650955200195312                 13.18375396728515625000
                 42.82997131347656250000                 12.43750000000000000000                 -0.73476487398147583008                 13.17226505279541015625
                 58.82997131347656250000                 13.00000000000000000000                 -0.16603004932403564453                 13.16602993011474609375
                 74.82997131347656250000                 13.56250000000000000000                  0.39351865649223327637                 13.16898155212402343750
                 90.82997131347656250000                 12.50000000000000000000                 -0.68370980024337768555                 13.18371009826660156250
                106.82997131347656250000                 12.62500000000000000000                 -0.58618724346160888672                 13.21118736267089843750
                122.82997131347656250000                 13.43750000000000000000                  0.18681043386459350586                 13.25068950653076171875
                138.82997131347656250000                 13.87500000000000000000                  0.57507818937301635742                 13.29992198944091796875
                154.82997131347656250000                 13.18750000000000000000                 -0.16781792044639587402                 13.35531806945800781250
                170.82997131347656250000                 12.06250000000000000000                 -1.34996533393859863281                 13.41246509552001953125
                186.82997131347656250000                 18.06250000000000000000                  4.59590864181518554688                 13.46659088134765625000
                202.82997131347656250000                 16.62500000000000000000                  3.11195659637451171875                 13.51304340362548828125
                218.82997131347656250000                 13.56250000000000000000                  0.01479328889399766922                 13.54770660400390625000
                234.82997131347656250000                 13.43750000000000000000                 -0.12981276214122772217                 13.56731319427490234375
                250.82997131347656250000                 13.56250000000000000000                 -0.00711750937625765800                 13.56961727142333984375
                266.82997131347656250000                 14.06250000000000000000                  0.50904989242553710938                 13.55345058441162109375
                282.82997131347656250000                 11.25000000000000000000                 -2.26865077018737792969                 13.51865100860595703125
                298.82997131347656250000                 13.25000000000000000000                 -0.21593107283115386963                 13.46593093872070312500
                314.82997131347656250000                 13.56250000000000000000                  0.16580224037170410156                 13.39669799804687500000
                330.82997131347656250000                 14.31250000000000000000                  0.99962562322616577148                 13.31287479400634765625
                346.82997131347656250000                 12.37500000000000000000                 -0.84175139665603637695                 13.21675109863281250000
                362.82997131347656250000                 11.62500000000000000000                 -1.48587799072265625000                 13.11087799072265625000
                378.82997131347656250000                 13.93750000000000000000                  0.93950325250625610352                 12.99799633026123046875
                394.82997131347656250000                 13.93750000000000000000                  1.05649125576019287109                 12.88100910186767578125
                410.82997131347656250000                 11.62500000000000000000                 -1.13795065879821777344                 12.76295089721679687500
                426.82997131347656250000                 13.18750000000000000000                  0.54053997993469238281                 12.64696025848388671875
                442.82997131347656250000                 13.56250000000000000000                  1.02628636360168457031                 12.53621387481689453125
                458.82997131347656250000                 11.56250000000000000000                 -0.87132716178894042969                 12.43382740020751953125
                474.82997131347656250000                  9.43750000000000000000                 -2.90521907806396484375                 12.34271907806396484375
