-6.98598688513674
1.192001846082
-0.231066696746716
0.73956097891422
0.909241051152996
-0.230502883976794
1.37377220885492
-1.16171018561792
-2.34457336383829
-0.368006067113154
-0.29766736414371
3.24114933655646
1.3135525019894
0.112286215473215
-0.105303214115285
0.232000232517194
0.00844139883889383
-1.39205464489812
0.100857880097415
0.118355253310295
7.85207718758435
4.61650459985902
0.0365707884588389
-0.0770348669675123
-0.602433375648122
-0.231066902833643
-0.842227877588037
0.872330533270606
0.283659312780529
-0.799264415381263
-0.192050480783372
-0.46001316699278
0.144153597449218
1.49269690686674
0.957671837839289
-0.214106930621828
-0.151008943556032
-0.231428667926615
-2.83354471530372
