               -133.17002868652343750000                 12.87500000000000000000                 -6.98598670959472656250                 19.86098670959472656250
               -117.17002868652343750000                 21.00000000000000000000                  1.19200181961059570312                 19.80799865722656250000
               -101.17002868652343750000                 19.50000000000000000000                 -0.23106670379638671875                 19.73106575012207031250
                -85.17002868652343750000                 20.37500000000000000000                  0.73956096172332763672                 19.63543891906738281250
                -69.17002868652343750000                 20.43750000000000000000                  0.90924108028411865234                 19.52825927734375000000
                -53.17002868652343750000                 19.18750000000000000000                 -0.23050288856029510498                 19.41800308227539062500
                -37.17002868652343750000                 20.68750000000000000000                  1.37377226352691650391                 19.31372833251953125000
                -21.17002868652343750000                 18.06250000000000000000                 -1.16171014308929443359                 19.22421073913574218750
                 -5.17002868652343750000                 16.81250000000000000000                 -2.34457325935363769531                 19.15707397460937500000
                 10.82997131347656250000                 18.75000000000000000000                 -0.36800608038902282715                 19.11800575256347656250
                 26.82997131347656250000                 18.81250000000000000000                 -0.29766735434532165527                 19.11016654968261718750
                 42.82997131347656250000                 22.37500000000000000000                  3.24114942550659179688                 19.13385009765625000000
                 58.82997131347656250000                 20.50000000000000000000                  1.31355249881744384766                 19.18644714355468750000
                 74.82997131347656250000                 19.37500000000000000000                  0.11228621751070022583                 19.26271438598632812500
                 90.82997131347656250000                 19.25000000000000000000                 -0.10530321300029754639                 19.35530281066894531250
                106.82997131347656250000                 19.68750000000000000000                  0.23200023174285888672                 19.45549964904785156250
                122.82997131347656250000                 19.56250000000000000000                  0.00844139885157346725                 19.55405807495117187500
                138.82997131347656250000                 18.25000000000000000000                 -1.39205467700958251953                 19.64205551147460937500
                154.82997131347656250000                 19.81250000000000000000                  0.10085788369178771973                 19.71164131164550781250
                170.82997131347656250000                 19.87500000000000000000                  0.11835525184869766235                 19.75664520263671875000
                186.82997131347656250000                 27.62500000000000000000                  7.85207700729370117188                 19.77292251586914062500
                202.82997131347656250000                 24.37500000000000000000                  4.61650466918945312500                 19.75849533081054687500
                218.82997131347656250000                 19.75000000000000000000                  0.03657078742980957031                 19.71342849731445312500
                234.82997131347656250000                 19.56250000000000000000                 -0.07703486829996109009                 19.63953399658203125000
                250.82997131347656250000                 18.93750000000000000000                 -0.60243338346481323242                 19.53993415832519531250
                266.82997131347656250000                 19.18750000000000000000                 -0.23106689751148223877                 19.41856765747070312500
                282.82997131347656250000                 18.43750000000000000000                 -0.84222787618637084961                 19.27972793579101562500
                298.82997131347656250000                 20.00000000000000000000                  0.87233054637908935547                 19.12767028808593750000
                314.82997131347656250000                 19.25000000000000000000                  0.28365930914878845215                 18.96634101867675781250
                330.82997131347656250000                 18.00000000000000000000                 -0.79926443099975585938                 18.79926490783691406250
                346.82997131347656250000                 18.43750000000000000000                 -0.19205048680305480957                 18.62955093383789062500
                362.82997131347656250000                 18.00000000000000000000                 -0.46001318097114562988                 18.46001243591308593750
                378.82997131347656250000                 18.43750000000000000000                  0.14415359497070312500                 18.29334640502929687500
                394.82997131347656250000                 19.62500000000000000000                  1.49269688129425048828                 18.13230323791503906250
                410.82997131347656250000                 18.93750000000000000000                  0.95767182111740112305                 17.97982788085937500000
                426.82997131347656250000                 17.62500000000000000000                 -0.21410693228244781494                 17.83910751342773437500
                442.82997131347656250000                 17.56250000000000000000                 -0.15100894868373870850                 17.71350860595703125000
                458.82997131347656250000                 17.37500000000000000000                 -0.23142866790294647217                 17.60642814636230468750
                474.82997131347656250000                 14.68750000000000000000                 -2.83354473114013671875                 17.52104377746582031250
