19.8609868851367
19.807998153918
19.7310666967467
19.6354390210858
19.528258948847
19.4180028839768
19.3137277911451
19.2242101856179
19.1570733638383
19.1180060671132
19.1101673641437
19.1338506634435
19.1864474980106
19.2627137845268
19.3553032141153
19.4554997674828
19.5540586011611
19.6420546448981
19.7116421199026
19.7566447466897
19.7729228124157
19.758495400141
19.7134292115412
19.6395348669675
19.5399333756481
19.4185669028336
19.279727877588
19.1276694667294
18.9663406872195
18.7992644153813
18.6295504807834
18.4600131669928
18.2933464025508
18.1323030931333
17.9798281621607
17.8391069306218
17.713508943556
17.6064286679266
17.5210447153037
