               -133.17002868652343750000                  0.56250000000000000000                 -0.33466619253158569336                  0.89716619253158569336
               -117.17002868652343750000                  1.25000000000000000000                  0.37315747141838073730                  0.87684249877929687500
               -101.17002868652343750000                  0.93750000000000000000                  0.07909666746854782104                  0.85840332508087158203
                -85.17002868652343750000                  0.81250000000000000000                 -0.03074367158114910126                  0.84324365854263305664
                -69.17002868652343750000                  1.18750000000000000000                  0.35467746853828430176                  0.83282250165939331055
                -53.17002868652343750000                  0.62500000000000000000                 -0.20356148481369018555                  0.82856148481369018555
                -37.17002868652343750000                  0.81250000000000000000                 -0.01923040859401226044                  0.83173042535781860352
                -21.17002868652343750000                  0.81250000000000000000                 -0.03082939237356185913                  0.84332937002182006836
                 -5.17002868652343750000                  0.81250000000000000000                 -0.05147740617394447327                  0.86397743225097656250
                 10.82997131347656250000                  0.75000000000000000000                 -0.14381863176822662354                  0.89381861686706542969
                 26.82997131347656250000                  1.06250000000000000000                  0.13004335761070251465                  0.93245667219161987305
                 42.82997131347656250000                  1.06250000000000000000                  0.08357519656419754028                  0.97892481088638305664
                 58.82997131347656250000                  1.06250000000000000000                  0.03080162592232227325                  1.03169834613800048828
                 74.82997131347656250000                  0.87500000000000000000                 -0.21375052630901336670                  1.08875048160552978516
                 90.82997131347656250000                  0.81250000000000000000                 -0.33515036106109619141                  1.14765036106109619141
                106.82997131347656250000                  0.75000000000000000000                 -0.45569756627082824707                  1.20569753646850585938
                122.82997131347656250000                  1.37500000000000000000                  0.11491543054580688477                  1.26008450984954833984
                138.82997131347656250000                  1.37500000000000000000                  0.06692509353160858154                  1.30807495117187500000
                154.82997131347656250000                  1.37500000000000000000                  0.02781560830771923065                  1.34718441963195800781
                170.82997131347656250000                  1.37500000000000000000                 -0.00035125855356454849                  1.37535130977630615234
                186.82997131347656250000                  1.62500000000000000000                  0.23391787707805633545                  1.39108216762542724609
                202.82997131347656250000                  1.68750000000000000000                  0.29393795132637023926                  1.39356207847595214844
                218.82997131347656250000                  0.87500000000000000000                 -0.50771969556808471680                  1.38271975517272949219
                234.82997131347656250000                  1.37500000000000000000                  0.01575828157365322113                  1.35924172401428222656
                250.82997131347656250000                  1.62500000000000000000                  0.30046582221984863281                  1.32453417778015136719
                266.82997131347656250000                  1.25000000000000000000                 -0.03063329681754112244                  1.28063333034515380859
                282.82997131347656250000                  1.00000000000000000000                 -0.23007099330425262451                  1.23007094860076904297
                298.82997131347656250000                  1.56250000000000000000                  0.38679522275924682617                  1.17570471763610839844
                314.82997131347656250000                  1.12500000000000000000                  0.00447526946663856506                  1.12052476406097412109
                330.82997131347656250000                  1.18750000000000000000                  0.12004780769348144531                  1.06745219230651855469
                346.82997131347656250000                  1.31250000000000000000                  0.29335403442382812500                  1.01914596557617187500
                362.82997131347656250000                  0.93750000000000000000                 -0.04033176600933074951                  0.97783178091049194336
                378.82997131347656250000                  0.50000000000000000000                 -0.44516846537590026855                  0.94516843557357788086
                394.82997131347656250000                  0.75000000000000000000                 -0.17216224968433380127                  0.92216223478317260742
                410.82997131347656250000                  0.87500000000000000000                 -0.03413492813706398010                  0.90913492441177368164
                426.82997131347656250000                  0.87500000000000000000                 -0.03074757009744644165                  0.90574759244918823242
                442.82997131347656250000                  1.00000000000000000000                  0.08892437815666198730                  0.91107559204101562500
                458.82997131347656250000                  0.93750000000000000000                  0.01377365458756685257                  0.92372632026672363281
                474.82997131347656250000                  1.37500000000000000000                  0.43301439285278320312                  0.94198560714721679688
