0.897166206118141
0.876842527570417
0.858403335672117
0.843243672432037
0.832822530990019
0.828561485812492
0.831730409097625
0.843329392320158
0.86397740751776
0.893818635430283
0.932456649807319
0.978924804146288
1.03169837357304
1.08875052569949
1.1476503728616
1.20569757309783
1.26008456937525
1.30807490735689
1.34718439086074
1.37535125854099
1.39108212544439
1.39356206070361
1.3827197202232
1.35924171808968
1.32453416720635
1.28063329615323
1.23007099388726
1.17570477636
1.12052473053469
1.06745219080955
1.01914597750555
0.977831766578619
0.945168452488017
0.922162246135284
0.909134929933795
0.905747570453065
0.911075618381663
0.923726345200774
0.941985606365297
