-0.857186775521024
0.216876025247238
0.844633914693784
-0.0936790067283781
0.344517066059591
0.101129055538715
0.67945845438109
0.0814229412318985
0.55747931112789
0.856763401008825
0.22742566777297
-0.707894780621004
-0.0140423158947121
-0.192860353109548
-0.120341662069065
-0.858979922577554
-0.845349141627083
-0.640390035116729
-0.617337043998187
-1.39968633451613
34.1384079847608
40.5594109507548
0.549924058473431
-0.829041947604537
0.858418192124613
-0.0137933560636725
-1.13318796516203
0.0642477488053599
-0.855778724114295
-0.013536364397738
-0.153288297750817
-0.769095544939075
1.20671295814685
-0.784938689077896
-0.743195636784594
0.142206039138401
-0.00918584987231164
0.856763077660303
-1.08303300058023
