               -133.17002868652343750000                  2.25000000000000000000                 -0.85718679428100585938                  3.10718679428100585938
               -117.17002868652343750000                  3.43750000000000000000                  0.21687602996826171875                  3.22062397003173828125
               -101.17002868652343750000                  4.18750000000000000000                  0.84463393688201904297                  3.34286618232727050781
                -85.17002868652343750000                  3.37500000000000000000                 -0.09367900341749191284                  3.46867895126342773438
                -69.17002868652343750000                  3.93750000000000000000                  0.34451705217361450195                  3.59298300743103027344
                -53.17002868652343750000                  3.81250000000000000000                  0.10112905502319335938                  3.71137094497680664062
                -37.17002868652343750000                  4.50000000000000000000                  0.67945843935012817383                  3.82054162025451660156
                -21.17002868652343750000                  4.00000000000000000000                  0.08142293989658355713                  3.91857695579528808594
                 -5.17002868652343750000                  4.56250000000000000000                  0.55747932195663452148                  4.00502061843872070312
                 10.82997131347656250000                  4.93750000000000000000                  0.85676342248916625977                  4.08073663711547851562
                 26.82997131347656250000                  4.37500000000000000000                  0.22742566466331481934                  4.14757442474365234375
                 42.82997131347656250000                  3.50000000000000000000                 -0.70789480209350585938                  4.20789480209350585938
                 58.82997131347656250000                  4.25000000000000000000                 -0.01404231600463390350                  4.26404237747192382812
                 74.82997131347656250000                  4.12500000000000000000                 -0.19286035001277923584                  4.31786012649536132812
                 90.82997131347656250000                  4.25000000000000000000                 -0.12034165859222412109                  4.37034177780151367188
                106.82997131347656250000                  3.56250000000000000000                 -0.85897994041442871094                  4.42147970199584960938
                122.82997131347656250000                  3.62500000000000000000                 -0.84534913301467895508                  4.47034931182861328125
                138.82997131347656250000                  3.87500000000000000000                 -0.64039003849029541016                  4.51538991928100585938
                154.82997131347656250000                  3.93750000000000000000                 -0.61733704805374145508                  4.55483722686767578125
                170.82997131347656250000                  3.18750000000000000000                 -1.39968633651733398438                  4.58718633651733398438
                186.82997131347656250000                 38.75000000000000000000                 34.13840866088867187500                  4.61159181594848632812
                202.82997131347656250000                 45.18750000000000000000                 40.55941009521484375000                  4.62808895111083984375
                218.82997131347656250000                  5.18750000000000000000                  0.54992407560348510742                  4.63757610321044921875
                234.82997131347656250000                  3.81250000000000000000                 -0.82904195785522460938                  4.64154195785522460938
                250.82997131347656250000                  5.50000000000000000000                  0.85841816663742065430                  4.64158201217651367188
                266.82997131347656250000                  4.62500000000000000000                 -0.01379335578531026840                  4.63879346847534179688
                282.82997131347656250000                  3.50000000000000000000                 -1.13318800926208496094                  4.63318777084350585938
                298.82997131347656250000                  4.68750000000000000000                  0.06424774974584579468                  4.62325239181518554688
                314.82997131347656250000                  3.75000000000000000000                 -0.85577875375747680664                  4.60577869415283203125
                330.82997131347656250000                  4.56250000000000000000                 -0.01353636477142572403                  4.57603645324707031250
                346.82997131347656250000                  4.37500000000000000000                 -0.15328830480575561523                  4.52828836441040039062
                362.82997131347656250000                  3.68750000000000000000                 -0.76909554004669189453                  4.45659542083740234375
                378.82997131347656250000                  5.56250000000000000000                  1.20671296119689941406                  4.35578727722167968750
                394.82997131347656250000                  3.43750000000000000000                 -0.78493869304656982422                  4.22243881225585937500
                410.82997131347656250000                  3.31250000000000000000                 -0.74319565296173095703                  4.05569553375244140625
                426.82997131347656250000                  4.00000000000000000000                  0.14220604300498962402                  3.85779404640197753906
                442.82997131347656250000                  3.62500000000000000000                 -0.00918584968894720078                  3.63418579101562500000
                458.82997131347656250000                  4.25000000000000000000                  0.85676306486129760742                  3.39323687553405761719
                474.82997131347656250000                  2.06250000000000000000                 -1.08303296566009521484                  3.14553308486938476562
