32.2971517119268
32.3683013992449
32.4086701166135
32.4204516289083
32.4090685345409
32.3826028842811
32.3507921994001
32.3237000340041
32.310234375524
32.3167289001014
32.3458115847576
32.3957575264139
32.4604594827119
32.5300587727129
32.5921746405594
32.6335694634214
32.642008299447
32.6080294155849
32.5263469017039
32.3966585397724
32.2237243396808
32.016698481182
31.7878196160307
31.5506699817004
31.3182836528832
31.1014059808338
30.9071761667132
30.7384288910982
30.5937032863712
30.4679281427236
30.353642548337
30.2425301027107
30.1270052703872
30.001596994251
29.863923345971
29.7151304019385
29.559762675931
29.4051240078745
29.2602615466023
