-14.1721517119268
0.756698600755144
-0.658670116613465
2.01704837109165
0.840931465459107
-0.570102884281091
-0.100792199400132
-0.823700034004105
1.814765624476
-0.816728900101381
-0.658311584757598
-0.395757526413895
-0.58545948271194
1.09494122728707
-0.779674640559421
-0.508569463421424
-0.642008299447042
-1.42052941558486
0.661153098296126
1.22834146022765
27.4637756603192
23.795801518818
-1.22531961603069
-0.800669981700377
0.556716347116833
-1.41390598083377
0.0928238332868041
-1.11342889109823
0.65629671362877
-0.0304281427236184
1.208857451663
1.2574698972893
-0.877005270387176
3.18590300574898
-1.23892334597103
-0.277630401938463
-0.372262675931015
0.65737599212553
-4.01026154660233
