-1.22829074539445
0.839470249713888
0.105904609859706
-0.491744275720557
0.170223188990728
0.214479705604747
-0.112186036126638
0.436395893046093
0.106142670662121
-0.48185289924337
0.0441173005916813
-0.255729442804868
-0.319873662371895
0.227154104077734
0.137249706709356
-0.336462737797394
-0.689981876961614
-0.356389103955694
0.106142791075501
0.576360071075673
4.4320226508115
3.86213527627902
0.241847214827858
-0.554972654146416
-0.218003937011049
-0.937626402774283
0.470489645765384
-0.246706362680845
-0.0917909630371887
-0.0041124057591353
0.015337806711655
0.778922716261605
-0.275258090048474
-0.0835718379218955
0.105398409671479
-0.0818991531162214
0.105795297566505
0.0443942065835645
-0.20312119852153
