-1.98937026514821
0.594628491521095
-0.0757121587248157
0.126235110575784
-0.297556970771888
0.530118984825277
-0.0759449389208715
0.0114479174101669
1.85670306495617
-1.0387572241858
0.0758398111034335
-0.299500453525357
0.52191036178337
0.225976227996416
0.560436682850926
0.460068787927234
-0.453045409234804
-1.30671229800944
-0.290814561566613
1.03046986957509
66.5938827739219
89.9621617199483
5.51176924206677
-0.067659237137657
0.101910410067812
-0.0386119778939911
0.764250278447256
-0.111324564244851
-0.35029347274768
0.798979777980991
0.524546762252055
0.0758074100563997
-0.548942073634445
0.147644724007386
-0.212795814332931
-0.0715402484178895
0.00504330521921315
0.0758073919447444
-0.862401788393112
