               -133.17002868652343750000                  3.43750000000000000000                 -1.98937022686004638672                  5.42687034606933593750
               -117.17002868652343750000                  6.06250000000000000000                  0.59462851285934448242                  5.46787166595458984375
               -101.17002868652343750000                  5.43750000000000000000                 -0.07571215927600860596                  5.51321220397949218750
                -85.17002868652343750000                  5.68750000000000000000                  0.12623511254787445068                  5.56126499176025390625
                -69.17002868652343750000                  5.31250000000000000000                 -0.29755696654319763184                  5.61005687713623046875
                -53.17002868652343750000                  6.18750000000000000000                  0.53011900186538696289                  5.65738105773925781250
                -37.17002868652343750000                  5.62500000000000000000                 -0.07594493776559829712                  5.70094490051269531250
                -21.17002868652343750000                  5.75000000000000000000                  0.01144791767001152039                  5.73855209350585937500
                 -5.17002868652343750000                  7.62500000000000000000                  1.85670304298400878906                  5.76829671859741210938
                 10.82997131347656250000                  4.75000000000000000000                 -1.03875720500946044922                  5.78875732421875000000
                 26.82997131347656250000                  5.87500000000000000000                  0.07583981007337570190                  5.79916000366210937500
                 42.82997131347656250000                  5.50000000000000000000                 -0.29950046539306640625                  5.79950046539306640625
                 58.82997131347656250000                  6.31250000000000000000                  0.52191036939620971680                  5.79058980941772460938
                 74.82997131347656250000                  6.00000000000000000000                  0.22597622871398925781                  5.77402400970458984375
                 90.82997131347656250000                  6.31250000000000000000                  0.56043666601181030273                  5.75206327438354492188
                106.82997131347656250000                  6.18750000000000000000                  0.46006879210472106934                  5.72743129730224609375
                122.82997131347656250000                  5.25000000000000000000                 -0.45304539799690246582                  5.70304536819458007812
                138.82997131347656250000                  4.37500000000000000000                 -1.30671226978302001953                  5.68171215057373046875
                154.82997131347656250000                  5.37500000000000000000                 -0.29081454873085021973                  5.66581439971923828125
                170.82997131347656250000                  6.68750000000000000000                  1.03046989440917968750                  5.65703010559082031250
                186.82997131347656250000                 72.25000000000000000000                 66.59387969970703125000                  5.65611743927001953125
                202.82997131347656250000                 95.62500000000000000000                 89.96215820312500000000                  5.66283845901489257812
                218.82997131347656250000                 11.18750000000000000000                  5.51176929473876953125                  5.67573070526123046875
                234.82997131347656250000                  5.62500000000000000000                 -0.06765923649072647095                  5.69265937805175781250
                250.82997131347656250000                  5.81250000000000000000                  0.10191041231155395508                  5.71058940887451171875
                266.82997131347656250000                  5.68750000000000000000                 -0.03861197829246520996                  5.72611188888549804688
                282.82997131347656250000                  6.50000000000000000000                  0.76425027847290039062                  5.73574972152709960938
                298.82997131347656250000                  5.62500000000000000000                 -0.11132456362247467041                  5.73632478713989257812
                314.82997131347656250000                  5.37500000000000000000                 -0.35029348731040954590                  5.72529363632202148438
                330.82997131347656250000                  6.50000000000000000000                  0.79897975921630859375                  5.70102024078369140625
                346.82997131347656250000                  6.18750000000000000000                  0.52454674243927001953                  5.66295337677001953125
                362.82997131347656250000                  5.68750000000000000000                  0.07580740749835968018                  5.61169242858886718750
                378.82997131347656250000                  5.00000000000000000000                 -0.54894208908081054688                  5.54894208908081054688
                394.82997131347656250000                  5.62500000000000000000                  0.14764472842216491699                  5.47735548019409179688
                410.82997131347656250000                  5.18750000000000000000                 -0.21279580891132354736                  5.40029573440551757812
                426.82997131347656250000                  5.25000000000000000000                 -0.07154025137424468994                  5.32154035568237304688
                442.82997131347656250000                  5.25000000000000000000                  0.00504330499097704887                  5.24495649337768554688
                458.82997131347656250000                  5.25000000000000000000                  0.07580739259719848633                  5.17419242858886718750
                474.82997131347656250000                  4.25000000000000000000                 -0.86240178346633911133                  5.11240196228027343750
