36.6291585729245
36.8516346704811
37.0786186701653
37.3075161932053
37.534925060607
37.7563754036318
37.9661355386317
38.1571432631267
38.3211126489878
38.448845843101
38.5307501601884
38.5575271957959
38.5209684700568
38.4147672306254
38.2352436432815
37.981883889655
37.6576131792638
37.2687559162831
36.8246781653717
36.3371513132604
35.8195141057429
35.2858325234669
34.7494998258202
34.2233969620235
33.7183391846206
33.2432132328325
32.8047984264777
32.4079120409153
32.0557217524988
31.7501460945479
31.4922606521167
31.2826383509253
31.1215735958573
31.0091675137205
30.9452798606147
30.9293773659456
30.9603247320111
31.0361712672978
31.1539831652347
