-15.5041585729245
2.8358653295189
1.04638132983469
-1.43251619320527
0.152574939393027
0.431124596368242
-0.403635538631661
-1.65714326312671
0.80388735101215
-2.88634584310101
-0.218250160188433
-1.05752719579589
1.04153152994316
1.89773276937459
1.57725635671845
-0.481883889654974
-0.407613179263791
1.48124408371694
-0.324678165371736
0.412848686739579
59.5554858942571
92.7766674765331
13.7505001741798
0.401603037976514
0.406660815379446
0.00678676716748328
-0.179798426477667
0.404587959084651
-1.61822175249881
0.87485390545212
2.75773934788335
-1.28263835092534
-0.371573595857281
-1.63416751372047
4.55472013938534
-2.11687736594564
-0.397824732011141
0.838828732702218
-5.96648316523467
