               -133.17002868652343750000                 21.12500000000000000000                -15.50415897369384765625                 36.62915802001953125000
               -117.17002868652343750000                 39.68750000000000000000                  2.83586525917053222656                 36.85163497924804687500
               -101.17002868652343750000                 38.12500000000000000000                  1.04638135433197021484                 37.07861709594726562500
                -85.17002868652343750000                 35.87500000000000000000                 -1.43251621723175048828                 37.30751800537109375000
                -69.17002868652343750000                 37.68750000000000000000                  0.15257494151592254639                 37.53492355346679687500
                -53.17002868652343750000                 38.18750000000000000000                  0.43112459778785705566                 37.75637435913085937500
                -37.17002868652343750000                 37.56250000000000000000                 -0.40363553166389465332                 37.96613693237304687500
                -21.17002868652343750000                 36.50000000000000000000                 -1.65714323520660400391                 38.15714263916015625000
                 -5.17002868652343750000                 39.12500000000000000000                  0.80388736724853515625                 38.32111358642578125000
                 10.82997131347656250000                 35.56250000000000000000                 -2.88634586334228515625                 38.44884490966796875000
                 26.82997131347656250000                 38.31250000000000000000                 -0.21825015544891357422                 38.53075027465820312500
                 42.82997131347656250000                 37.50000000000000000000                 -1.05752718448638916016                 38.55752563476562500000
                 58.82997131347656250000                 39.56250000000000000000                  1.04153156280517578125                 38.52096939086914062500
                 74.82997131347656250000                 40.31250000000000000000                  1.89773273468017578125                 38.41476821899414062500
                 90.82997131347656250000                 39.81250000000000000000                  1.57725632190704345703                 38.23524475097656250000
                106.82997131347656250000                 37.50000000000000000000                 -0.48188388347625732422                 37.98188400268554687500
                122.82997131347656250000                 37.25000000000000000000                 -0.40761318802833557129                 37.65761184692382812500
                138.82997131347656250000                 38.75000000000000000000                  1.48124408721923828125                 37.26875686645507812500
                154.82997131347656250000                 36.50000000000000000000                 -0.32467815279960632324                 36.82467651367187500000
                170.82997131347656250000                 36.75000000000000000000                  0.41284868121147155762                 36.33715057373046875000
                186.82997131347656250000                 95.37500000000000000000                 59.55548477172851562500                 35.81951522827148437500
                202.82997131347656250000                128.06250000000000000000                 92.77666473388671875000                 35.28583145141601562500
                218.82997131347656250000                 48.50000000000000000000                 13.75049972534179687500                 34.74950027465820312500
                234.82997131347656250000                 34.62500000000000000000                  0.40160304307937622070                 34.22339630126953125000
                250.82997131347656250000                 34.12500000000000000000                  0.40666082501411437988                 33.71833801269531250000
                266.82997131347656250000                 33.25000000000000000000                  0.00678676739335060120                 33.24321365356445312500
                282.82997131347656250000                 32.62500000000000000000                 -0.17979842424392700195                 32.80479812622070312500
                298.82997131347656250000                 32.81250000000000000000                  0.40458795428276062012                 32.40791320800781250000
                314.82997131347656250000                 30.43750000000000000000                 -1.61822175979614257812                 32.05572128295898437500
                330.82997131347656250000                 32.62500000000000000000                  0.87485390901565551758                 31.75014686584472656250
                346.82997131347656250000                 34.25000000000000000000                  2.75773930549621582031                 31.49225997924804687500
                362.82997131347656250000                 30.00000000000000000000                 -1.28263831138610839844                 31.28263854980468750000
                378.82997131347656250000                 30.75000000000000000000                 -0.37157359719276428223                 31.12157440185546875000
                394.82997131347656250000                 29.37500000000000000000                 -1.63416755199432373047                 31.00916671752929687500
                410.82997131347656250000                 35.50000000000000000000                  4.55471992492675781250                 30.94528007507324218750
                426.82997131347656250000                 28.81250000000000000000                 -2.11687731742858886719                 30.92937660217285156250
                442.82997131347656250000                 30.56250000000000000000                 -0.39782473444938659668                 30.96032524108886718750
                458.82997131347656250000                 31.87500000000000000000                  0.83882874250411987305                 31.03617095947265625000
                474.82997131347656250000                 25.18750000000000000000                 -5.96648311614990234375                 31.15398406982421875000
