-0.707110526725425
-0.345143261815952
-0.0422714518434513
0.893425588501128
0.715852197603135
0.0530079809069606
-0.0308231726130499
0.0897334814323785
0.288594636026649
-0.186675940799292
0.0978819678693954
0.0754905096585596
-0.570927493729154
0.0292117211687615
0.184581117348441
-0.170208956706292
0.0881210790388329
-0.3533845116322
-0.118959667455983
0.105717586190495
4.82326559440126
3.03678410845583
-0.687974963313261
-0.0979129427918637
0.184664392885033
-0.588130942753316
0.210133784701421
-0.232308349867531
0.08461966060505
0.0979283340278216
0.431677706275842
-0.602898109527772
-0.319771694836389
0.27948279242458
-0.0567231227184315
0.545077436175514
0.0209614985290296
-0.317840303893431
0.0275912808041099
