               -133.17002868652343750000                  0.43750000000000000000                 -0.70711052417755126953                  1.14461052417755126953
               -117.17002868652343750000                  0.87500000000000000000                 -0.34514325857162475586                  1.22014331817626953125
               -101.17002868652343750000                  1.25000000000000000000                 -0.04227145016193389893                  1.29227149486541748047
                -85.17002868652343750000                  2.25000000000000000000                  0.89342558383941650391                  1.35657441616058349609
                -69.17002868652343750000                  2.12500000000000000000                  0.71585220098495483398                  1.40914785861968994141
                -53.17002868652343750000                  1.50000000000000000000                  0.05300798267126083374                  1.44699203968048095703
                -37.17002868652343750000                  1.43750000000000000000                 -0.03082317300140857697                  1.46832323074340820312
                -21.17002868652343750000                  1.56250000000000000000                  0.08973348140716552734                  1.47276651859283447266
                 -5.17002868652343750000                  1.75000000000000000000                  0.28859463334083557129                  1.46140539646148681641
                 10.82997131347656250000                  1.25000000000000000000                 -0.18667593598365783691                  1.43667590618133544922
                 26.82997131347656250000                  1.50000000000000000000                  0.09788196533918380737                  1.40211808681488037109
                 42.82997131347656250000                  1.43750000000000000000                  0.07549051195383071899                  1.36200952529907226562
                 58.82997131347656250000                  0.75000000000000000000                 -0.57092750072479248047                  1.32092750072479248047
                 74.82997131347656250000                  1.31250000000000000000                  0.02921172045171260834                  1.28328824043273925781
                 90.82997131347656250000                  1.43750000000000000000                  0.18458111584186553955                  1.25291883945465087891
                106.82997131347656250000                  1.06250000000000000000                 -0.17020896077156066895                  1.23270893096923828125
                122.82997131347656250000                  1.31250000000000000000                  0.08812107890844345093                  1.22437894344329833984
                138.82997131347656250000                  0.87500000000000000000                 -0.35338452458381652832                  1.22838449478149414062
                154.82997131347656250000                  1.12500000000000000000                 -0.11895966529846191406                  1.24395966529846191406
                170.82997131347656250000                  1.37500000000000000000                  0.10571758449077606201                  1.26928246021270751953
                186.82997131347656250000                  6.12500000000000000000                  4.82326555252075195312                  1.30173444747924804688
                202.82997131347656250000                  4.37500000000000000000                  3.03678417205810546875                  1.33821594715118408203
                218.82997131347656250000                  0.68750000000000000000                 -0.68797498941421508789                  1.37547492980957031250
                234.82997131347656250000                  1.31250000000000000000                 -0.09791294485330581665                  1.41041290760040283203
                250.82997131347656250000                  1.62500000000000000000                  0.18466439843177795410                  1.44033563137054443359
                266.82997131347656250000                  0.87500000000000000000                 -0.58813095092773437500                  1.46313095092773437500
                282.82997131347656250000                  1.68750000000000000000                  0.21013379096984863281                  1.47736620903015136719
                298.82997131347656250000                  1.25000000000000000000                 -0.23230834305286407471                  1.48230838775634765625
                314.82997131347656250000                  1.56250000000000000000                  0.08461966365575790405                  1.47788035869598388672
                330.82997131347656250000                  1.56250000000000000000                  0.09792833775281906128                  1.46457171440124511719
                346.82997131347656250000                  1.87500000000000000000                  0.43167769908905029297                  1.44332230091094970703
                362.82997131347656250000                  0.81250000000000000000                 -0.60289812088012695312                  1.41539812088012695312
                378.82997131347656250000                  1.06250000000000000000                 -0.31977170705795288086                  1.38227164745330810547
                394.82997131347656250000                  1.62500000000000000000                  0.27948278188705444336                  1.34551715850830078125
                410.82997131347656250000                  1.25000000000000000000                 -0.05672312155365943909                  1.30672311782836914062
                426.82997131347656250000                  1.81250000000000000000                  0.54507744312286376953                  1.26742255687713623047
                442.82997131347656250000                  1.25000000000000000000                  0.02096149884164333344                  1.22903847694396972656
                458.82997131347656250000                  0.87500000000000000000                 -0.31784030795097351074                  1.19284033775329589844
                474.82997131347656250000                  1.18750000000000000000                  0.02759128063917160034                  1.15990877151489257812
