               -133.17002868652343750000                  3.87500000000000000000                 -4.01111841201782226562                  7.88611841201782226562
               -117.17002868652343750000                  8.43750000000000000000                  0.54911321401596069336                  7.88838672637939453125
               -101.17002868652343750000                  8.00000000000000000000                  0.12437721341848373413                  7.87562274932861328125
                -85.17002868652343750000                  9.06250000000000000000                  1.21405267715454101562                  7.84844732284545898438
                -69.17002868652343750000                  6.06250000000000000000                 -1.74588620662689208984                  7.80838632583618164062
                -53.17002868652343750000                  7.37500000000000000000                 -0.38277369737625122070                  7.75777387619018554688
                -37.17002868652343750000                  7.62500000000000000000                 -0.07457403838634490967                  7.69957399368286132812
                -21.17002868652343750000                  8.31250000000000000000                  0.67536455392837524414                  7.63713550567626953125
                 -5.17002868652343750000                  7.50000000000000000000                 -0.07389707118272781372                  7.57389688491821289062
                 10.82997131347656250000                  7.87500000000000000000                  0.36192256212234497070                  7.51307725906372070312
                 26.82997131347656250000                  6.87500000000000000000                 -0.58237451314926147461                  7.45737457275390625000
                 42.82997131347656250000                  5.68750000000000000000                 -1.72120845317840576172                  7.40870857238769531250
                 58.82997131347656250000                  6.50000000000000000000                 -0.86803364753723144531                  7.36803340911865234375
                 74.82997131347656250000                  7.68750000000000000000                  0.35225751996040344238                  7.33524227142333984375
                 90.82997131347656250000                  8.12500000000000000000                  0.81582814455032348633                  7.30917167663574218750
                106.82997131347656250000                  7.75000000000000000000                  0.46228402853012084961                  7.28771591186523437500
                122.82997131347656250000                  6.56250000000000000000                 -0.70553773641586303711                  7.26803779602050781250
                138.82997131347656250000                  6.93750000000000000000                 -0.30936023592948913574                  7.24686002731323242188
                154.82997131347656250000                  7.25000000000000000000                  0.02918831072747707367                  7.22081184387207031250
                170.82997131347656250000                  7.06250000000000000000                 -0.12429134547710418701                  7.18679141998291015625
                186.82997131347656250000                 11.00000000000000000000                  3.85768055915832519531                  7.14231920242309570312
                202.82997131347656250000                  9.68750000000000000000                  2.60166501998901367188                  7.08583498001098632812
                218.82997131347656250000                  7.00000000000000000000                 -0.01691090501844882965                  7.01691102981567382812
                234.82997131347656250000                  6.81250000000000000000                 -0.12386060506105422974                  6.93636083602905273438
                250.82997131347656250000                  7.62500000000000000000                  0.77877622842788696289                  6.84622383117675781250
                266.82997131347656250000                  6.62500000000000000000                 -0.12463107705116271973                  6.74963092803955078125
                282.82997131347656250000                  6.93750000000000000000                  0.28694030642509460449                  6.65055990219116210938
                298.82997131347656250000                  6.37500000000000000000                 -0.17850467562675476074                  6.55350446701049804688
                314.82997131347656250000                  5.56250000000000000000                 -0.90060031414031982422                  6.46310043334960937500
                330.82997131347656250000                  6.87500000000000000000                  0.49126967787742614746                  6.38373041152954101562
                346.82997131347656250000                  6.12500000000000000000                 -0.19416789710521697998                  6.31916809082031250000
                362.82997131347656250000                  6.56250000000000000000                  0.29021933674812316895                  6.27228069305419921875
                378.82997131347656250000                  6.25000000000000000000                  0.00517110433429479599                  6.24482870101928710938
                394.82997131347656250000                  5.56250000000000000000                 -0.67487263679504394531                  6.23737287521362304688
                410.82997131347656250000                  6.12500000000000000000                 -0.12429125607013702393                  6.24929141998291015625
                426.82997131347656250000                  6.37500000000000000000                  0.09609457850456237793                  6.27890539169311523438
                442.82997131347656250000                  6.68750000000000000000                  0.36381804943084716797                  6.32368183135986328125
                458.82997131347656250000                  7.18750000000000000000                  0.80700683593750000000                  6.38049316406250000000
                474.82997131347656250000                  5.62500000000000000000                 -0.82090020179748535156                  6.44590044021606445312
