7.46052128544791
7.4620482311072
7.47152272302605
7.48976738935385
7.51721507463208
7.55384271362381
7.59914234919403
7.65213486026113
7.71142669858147
7.77530433768792
7.84185610402254
7.90910740973174
7.97515373150921
8.03827623350463
8.09702758799846
8.15027983752918
8.1972313635838
8.23737538669582
8.27043718473064
8.29629081656521
8.3148682467384
8.32607975807894
8.32971978834343
8.32548326599141
8.31290781629217
8.29143618543903
8.26048233060742
8.21953322556305
8.16827034124013
8.10669668230425
8.03525300324528
7.95490635536787
7.86719577693201
7.77422381777351
7.67858842279743
7.58325684987328
7.49139082021718
7.40613887762987
7.33041687936831
