               -133.17002868652343750000                  4.31250000000000000000                 -3.14802122116088867188                  7.46052122116088867188
               -117.17002868652343750000                  7.56250000000000000000                  0.10045176744461059570                  7.46204805374145507812
               -101.17002868652343750000                  7.87500000000000000000                  0.40347728133201599121                  7.47152280807495117188
                -85.17002868652343750000                  7.00000000000000000000                 -0.48976740241050720215                  7.48976755142211914062
                -69.17002868652343750000                  7.62500000000000000000                  0.10778492689132690430                  7.51721525192260742188
                -53.17002868652343750000                  7.00000000000000000000                 -0.55384272336959838867                  7.55384254455566406250
                -37.17002868652343750000                  6.62500000000000000000                 -0.97414237260818481445                  7.59914255142211914062
                -21.17002868652343750000                  7.37500000000000000000                 -0.27713486552238464355                  7.65213489532470703125
                 -5.17002868652343750000                  9.18750000000000000000                  1.47607326507568359375                  7.71142673492431640625
                 10.82997131347656250000                  8.56250000000000000000                  0.78719568252563476562                  7.77530431747436523438
                 26.82997131347656250000                  7.31250000000000000000                 -0.52935612201690673828                  7.84185600280761718750
                 42.82997131347656250000                  8.62500000000000000000                  0.71589261293411254883                  7.90910720825195312500
                 58.82997131347656250000                  7.93750000000000000000                 -0.03765373304486274719                  7.97515392303466796875
                 74.82997131347656250000                  8.12500000000000000000                  0.08672376722097396851                  8.03827667236328125000
                 90.82997131347656250000                  7.43750000000000000000                 -0.65952759981155395508                  8.09702777862548828125
                106.82997131347656250000                  8.25000000000000000000                  0.09972016513347625732                  8.15027999877929687500
                122.82997131347656250000                  8.68750000000000000000                  0.49026864767074584961                  8.19723129272460937500
                138.82997131347656250000                  7.31250000000000000000                 -0.92487537860870361328                  8.23737525939941406250
                154.82997131347656250000                  7.12500000000000000000                 -1.14543724060058593750                  8.27043724060058593750
                170.82997131347656250000                  8.75000000000000000000                  0.45370918512344360352                  8.29629039764404296875
                186.82997131347656250000                 91.00000000000000000000                 82.68513488769531250000                  8.31486797332763671875
                202.82997131347656250000                127.68750000000000000000                119.36141967773437500000                  8.32607936859130859375
                218.82997131347656250000                 19.93750000000000000000                 11.60778045654296875000                  8.32971954345703125000
                234.82997131347656250000                  9.31250000000000000000                  0.98701673746109008789                  8.32548332214355468750
                250.82997131347656250000                  7.93750000000000000000                 -0.37540781497955322266                  8.31290817260742187500
                266.82997131347656250000                  8.50000000000000000000                  0.20856381952762603760                  8.29143619537353515625
                282.82997131347656250000                  8.18750000000000000000                 -0.07298233360052108765                  8.26048278808593750000
                298.82997131347656250000                  7.68750000000000000000                 -0.53203320503234863281                  8.21953296661376953125
                314.82997131347656250000                  7.18750000000000000000                 -0.98077034950256347656                  8.16827011108398437500
                330.82997131347656250000                  8.43750000000000000000                  0.33080330491065979004                  8.10669708251953125000
                346.82997131347656250000                  7.00000000000000000000                 -1.03525304794311523438                  8.03525257110595703125
                362.82997131347656250000                  8.43750000000000000000                  0.48259365558624267578                  7.95490646362304687500
                378.82997131347656250000                  8.37500000000000000000                  0.50780421495437622070                  7.86719560623168945312
                394.82997131347656250000                  7.68750000000000000000                 -0.08672381937503814697                  7.77422380447387695312
                410.82997131347656250000                  9.00000000000000000000                  1.32141160964965820312                  7.67858839035034179688
                426.82997131347656250000                  6.50000000000000000000                 -1.08325684070587158203                  7.58325672149658203125
                442.82997131347656250000                  8.18750000000000000000                  0.69610917568206787109                  7.49139070510864257812
                458.82997131347656250000                  7.18750000000000000000                 -0.21863888204097747803                  7.40613889694213867188
                474.82997131347656250000                  5.56250000000000000000                 -1.76791691780090332031                  7.33041667938232421875
