-2.15180970167613
0.0911209916041171
-0.165856739545144
0.0185531144589488
0.210329552567994
-0.65022333436303
0.688730922681933
-0.084623299095429
0.0917000507298296
1.09109188351092
0.223590028515957
-0.0762715293853082
-0.436554791871266
-0.860009367839162
-0.53622201569087
-0.0913734596247373
0.224365222181466
-0.0882135746719808
-0.402536874123578
0.0959627820631077
3.72200576725272
1.85262188404277
-0.0731446476448561
0.133057615965957
-0.0912092002220515
-0.684154097761031
-0.272137817140583
-0.0444794481994002
0.184275939937421
-0.0254077582361818
0.0121478919932079
0.232988926143254
-0.363882583102296
-0.0914856765208603
-1.01239478387759
0.498683817840091
0.00481133333630446
0.381709279547089
-0.494839318128877
