4.77680970167613
4.84637900839588
4.91585673954514
4.98144688554105
5.03967044743201
5.08772333436303
5.12376907731807
5.14712329909543
5.15829994927017
5.15890811648908
5.15140997148404
5.13877152938531
5.12405479187127
5.11000936783916
5.09872201569087
5.09137345962474
5.08813477781853
5.08821357467198
5.09003687412358
5.09153721793689
5.09049423274728
5.08487811595723
5.07314464764486
5.05444238403404
5.02870920022205
4.99665409776103
4.95963781714058
4.9194794481994
4.87822406006258
4.83790775823618
4.80035210800679
4.76701107385675
4.7388825831023
4.71648567652086
4.69989478387759
4.68881618215991
4.6826886666637
4.68079072045291
4.68233931812888
