10.8368382560457
10.8282424116371
10.8181402871635
10.8067040031258
10.7940411663157
10.7802600530024
10.7655574262837
10.7503111479879
10.7351560106625
10.7210214930633
10.7091147833252
10.7008408813501
10.6976625147903
10.7009140168392
10.7115930461884
10.7301601459475
10.7563773522585
10.7892130122142
10.8268312976876
10.8666731228016
10.9056223605679
10.9402427678561
10.9670371918038
10.9827647260687
10.9846750620001
10.9707447570425
10.9398308221332
10.891754263941
10.8273096027691
10.7482066899724
10.6569560357477
10.5567113144964
10.4510830917479
10.3439368032613
10.2391864031439
10.140593547755
10.0515810760054
9.97506892308872
9.91334020746904
