-5.33683825604566
0.109257588362919
0.0568597128364861
-0.431704003125775
-0.606541166315651
-0.717760053002362
0.109442573716343
1.37468885201211
2.01484398933745
0.403978506936671
0.0408852166747593
-0.763340881350143
-0.885162514790277
0.549085983160838
0.788406953811625
-0.355160145947487
-0.131377352258475
0.0232869877857578
-0.0768312976876206
-0.804173122801593
73.5318776394321
110.434757232144
12.9079628081962
1.45473527393127
-0.109675062000109
-0.783244757042517
-1.43983082213318
0.233245736058961
0.110190397230893
0.0642933100276313
-0.906956035747749
-0.869211314496427
0.423916908252139
0.968563196738694
-0.73918640314394
0.10940645224499
1.19841892399461
-1.28756892308872
-2.10084020746904
