               -133.17002868652343750000                  5.50000000000000000000                 -5.33683824539184570312                 10.83683872222900390625
               -117.17002868652343750000                 10.93750000000000000000                  0.10925758630037307739                 10.82824230194091796875
               -101.17002868652343750000                 10.87500000000000000000                  0.05685971304774284363                 10.81814002990722656250
                -85.17002868652343750000                 10.37500000000000000000                 -0.43170401453971862793                 10.80670356750488281250
                -69.17002868652343750000                 10.18750000000000000000                 -0.60654115676879882812                 10.79404163360595703125
                -53.17002868652343750000                 10.06250000000000000000                 -0.71776002645492553711                 10.78026008605957031250
                -37.17002868652343750000                 10.87500000000000000000                  0.10944257676601409912                 10.76555728912353515625
                -21.17002868652343750000                 12.12500000000000000000                  1.37468886375427246094                 10.75031089782714843750
                 -5.17002868652343750000                 12.75000000000000000000                  2.01484394073486328125                 10.73515605926513671875
                 10.82997131347656250000                 11.12500000000000000000                  0.40397849678993225098                 10.72102165222167968750
                 26.82997131347656250000                 10.75000000000000000000                  0.04088521748781204224                 10.70911502838134765625
                 42.82997131347656250000                  9.93750000000000000000                 -0.76334089040756225586                 10.70084095001220703125
                 58.82997131347656250000                  9.81250000000000000000                 -0.88516253232955932617                 10.69766235351562500000
                 74.82997131347656250000                 11.25000000000000000000                  0.54908597469329833984                 10.70091438293457031250
                 90.82997131347656250000                 11.50000000000000000000                  0.78840696811676025391                 10.71159267425537109375
                106.82997131347656250000                 10.37500000000000000000                 -0.35516014695167541504                 10.73015975952148437500
                122.82997131347656250000                 10.62500000000000000000                 -0.13137735426425933838                 10.75637722015380859375
                138.82997131347656250000                 10.81250000000000000000                  0.02328698709607124329                 10.78921318054199218750
                154.82997131347656250000                 10.75000000000000000000                 -0.07683129608631134033                 10.82683086395263671875
                170.82997131347656250000                 10.06250000000000000000                 -0.80417311191558837891                 10.86667346954345703125
                186.82997131347656250000                 84.43750000000000000000                 73.53187561035156250000                 10.90562248229980468750
                202.82997131347656250000                121.37500000000000000000                110.43475341796875000000                 10.94024276733398437500
                218.82997131347656250000                 23.87500000000000000000                 12.90796279907226562500                 10.96703720092773437500
                234.82997131347656250000                 12.43750000000000000000                  1.45473527908325195312                 10.98276519775390625000
                250.82997131347656250000                 10.87500000000000000000                 -0.10967506468296051025                 10.98467540740966796875
                266.82997131347656250000                 10.18750000000000000000                 -0.78324472904205322266                 10.97074508666992187500
                282.82997131347656250000                  9.50000000000000000000                 -1.43983078002929687500                 10.93983078002929687500
                298.82997131347656250000                 11.12500000000000000000                  0.23324573040008544922                 10.89175415039062500000
                314.82997131347656250000                 10.93750000000000000000                  0.11019039899110794067                 10.82730960845947265625
                330.82997131347656250000                 10.81250000000000000000                  0.06429331004619598389                 10.74820709228515625000
                346.82997131347656250000                  9.75000000000000000000                 -0.90695601701736450195                 10.65695571899414062500
                362.82997131347656250000                  9.68750000000000000000                 -0.86921131610870361328                 10.55671119689941406250
                378.82997131347656250000                 10.87500000000000000000                  0.42391690611839294434                 10.45108318328857421875
                394.82997131347656250000                 11.31250000000000000000                  0.96856319904327392578                 10.34393692016601562500
                410.82997131347656250000                  9.50000000000000000000                 -0.73918640613555908203                 10.23918628692626953125
                426.82997131347656250000                 10.25000000000000000000                  0.10940644890069961548                 10.14059352874755859375
                442.82997131347656250000                 11.25000000000000000000                  1.19841897487640380859                 10.05158138275146484375
                458.82997131347656250000                  8.68750000000000000000                 -1.28756892681121826172                  9.97506904602050781250
                474.82997131347656250000                  7.81250000000000000000                 -2.10084009170532226562                  9.91334056854248046875
