8.47572674288933
8.82573533256024
9.17564747968263
9.50821577177471
9.80976225854154
10.0718988699636
10.2926505605077
10.4767641767407
10.6350814219344
10.7829800308729
10.9380271938932
11.1171225772938
11.3335124944159
11.5941114727191
11.8975582494289
12.2333551676434
12.5822996182086
12.9182317965923
13.2109222915188
13.4297387160109
13.5475949294371
13.5446247922675
13.41104820779
13.1488085998207
12.7717406814835
12.3042455719345
11.7786701604708
11.2317722049568
10.7007720528487
10.219528635343
9.81532940228101
9.50666406968309
9.3021851253321
9.20087499908781
9.19327174588449
9.26347743906344
9.39160192411364
9.55628336402873
9.73696956543909
