27.5030131302104
27.3764816379145
27.2287565491531
27.0692024145628
26.9082038544786
26.7563030928734
26.6232850326528
26.5173097141554
26.4441911101946
26.4069067361974
26.4053957793199
26.4366676681728
26.4952031159463
26.5735914871294
26.6633176894758
26.7555935650233
26.8421260379129
26.9157277691648
26.9707038482126
27.0029857923307
27.0100257379743
26.9904610701545
26.9439187966928
26.8701887111706
26.7693016868517
26.6411432001633
26.4855095543574
26.3023195024394
26.0919836298519
25.8558591700156
25.596697384967
25.3189867222922
25.0291083745249
24.7352492209809
24.4470553918322
24.1750511595121
23.9298854255421
23.7214955160614
23.5582910865634
