-11.8780131302104
0.123518362085498
-0.0412565491531147
1.24329758543722
-0.220703854478639
-1.00630309287344
0.939214967347198
-0.829809714155381
4.05580888980544
-0.531906736197364
-0.342895779319857
0.0633323318272048
0.129796884053675
0.676408512870573
-0.225817689475768
3.24440643497671
2.28287396208708
-2.60322776916484
-0.220703848212601
0.872014207669288
68.0524742620257
119.947038929846
18.8060812033072
3.94231128882936
-0.956801686851659
-1.07864320016334
-1.29800955435742
1.07268049756059
0.220516370148101
-0.168359170015616
0.965802615032963
-0.0689867222922409
0.220891625475133
0.514750779019135
-0.384555391832222
0.0124488404879344
-1.17988542554207
-0.0964955160613954
-2.55829108656343
