24.6407572906281
25.2630447849652
25.8777777448671
26.4530646264357
26.9610277007749
27.380833231571
27.7010457864885
27.9209355347911
28.0504817815163
28.1089819375996
28.1223713881913
28.1195573208067
28.1282361283892
28.170769280478
28.2607142943867
28.4005362365066
28.5808673612194
28.7814600961648
28.9737262591426
29.1245145616187
29.2005897844905
29.1731727244349
29.0218976258659
28.7376427232901
28.3238711453762
27.7963509922126
27.1813644335578
26.5127259309074
25.8280766164046
25.1649862259622
24.557372442713
24.0326518914844
23.6098906985895
23.2990548644907
23.1013009966321
23.0101201532085
23.0130666709565
23.0937746634945
23.2339827512248
