11.767004447193
11.837581979424
11.918657418206
12.0074070177049
12.1002150840419
12.1929342562342
12.2812194275665
12.3609006852084
12.4283538837168
12.4808262217458
12.5166787172049
12.5355170852217
12.5381957311358
12.5266944001
12.5038813877181
12.4731892857709
12.4382377274945
12.4024418957719
12.3686457002026
12.3388150423158
12.3138202668449
12.2932098968673
12.2758176759794
12.2587114759382
12.2386286462116
12.2117241733476
12.1740952217844
12.1222148452561
12.0533522326697
11.9659368461628
11.8598268412329
11.7364498446513
11.5987961604505
11.4512597032793
11.2993386889068
11.1492241791478
11.007317732959
10.8797277169473
10.7717960076158
