-5.57950444719295
0.0999180205760091
-0.16865741820601
-0.194907017704915
-0.100215084041853
-0.75543425623419
0.281280572433463
0.389099314791588
2.13414611628325
0.206673778254181
0.170821282795098
-0.285517085221692
-0.100695731135774
-0.839194400100004
0.496118612281936
-0.72318928577093
0.0617622725055149
0.660058104228119
0.81885429979738
-1.08881504231576
62.3736797331551
99.7692901031327
11.3491823240206
1.80378852406183
-0.301128646211621
0.100775826652439
-1.54909522178439
-0.809714845256075
0.321647767330294
0.721563153837169
0.51517315876711
-0.486449844651254
1.15120383954948
0.236240296720679
-0.799338688906781
0.100775820852192
-0.00731773295896154
-0.129727716947258
-0.646796007615848
