               -133.17002868652343750000                  6.18750000000000000000                 -5.57950448989868164062                 11.76700401306152343750
               -117.17002868652343750000                 11.93750000000000000000                  0.09991802275180816650                 11.83758163452148437500
               -101.17002868652343750000                 11.75000000000000000000                 -0.16865742206573486328                 11.91865730285644531250
                -85.17002868652343750000                 11.81250000000000000000                 -0.19490702450275421143                 12.00740718841552734375
                -69.17002868652343750000                 12.00000000000000000000                 -0.10021508485078811646                 12.10021495819091796875
                -53.17002868652343750000                 11.43750000000000000000                 -0.75543427467346191406                 12.19293403625488281250
                -37.17002868652343750000                 12.56250000000000000000                  0.28128057718276977539                 12.28121948242187500000
                -21.17002868652343750000                 12.75000000000000000000                  0.38909929990768432617                 12.36090087890625000000
                 -5.17002868652343750000                 14.56250000000000000000                  2.13414621353149414062                 12.42835426330566406250
                 10.82997131347656250000                 12.68750000000000000000                  0.20667377114295959473                 12.48082637786865234375
                 26.82997131347656250000                 12.68750000000000000000                  0.17082127928733825684                 12.51667881011962890625
                 42.82997131347656250000                 12.25000000000000000000                 -0.28551709651947021484                 12.53551673889160156250
                 58.82997131347656250000                 12.43750000000000000000                 -0.10069572925567626953                 12.53819561004638671875
                 74.82997131347656250000                 11.68750000000000000000                 -0.83919441699981689453                 12.52669429779052734375
                 90.82997131347656250000                 13.00000000000000000000                  0.49611860513687133789                 12.50388145446777343750
                106.82997131347656250000                 11.75000000000000000000                 -0.72318929433822631836                 12.47318935394287109375
                122.82997131347656250000                 12.50000000000000000000                  0.06176227331161499023                 12.43823814392089843750
                138.82997131347656250000                 13.06250000000000000000                  0.66005808115005493164                 12.40244197845458984375
                154.82997131347656250000                 13.18750000000000000000                  0.81885427236557006836                 12.36864566802978515625
                170.82997131347656250000                 11.25000000000000000000                 -1.08881509304046630859                 12.33881473541259765625
                186.82997131347656250000                 74.68750000000000000000                 62.37368011474609375000                 12.31381988525390625000
                202.82997131347656250000                112.06250000000000000000                 99.76928710937500000000                 12.29321002960205078125
                218.82997131347656250000                 23.62500000000000000000                 11.34918212890625000000                 12.27581787109375000000
                234.82997131347656250000                 14.06250000000000000000                  1.80378854274749755859                 12.25871181488037109375
                250.82997131347656250000                 11.93750000000000000000                 -0.30112865567207336426                 12.23862838745117187500
                266.82997131347656250000                 12.31250000000000000000                  0.10077582299709320068                 12.21172428131103515625
                282.82997131347656250000                 10.62500000000000000000                 -1.54909527301788330078                 12.17409515380859375000
                298.82997131347656250000                 11.31250000000000000000                 -0.80971485376358032227                 12.12221527099609375000
                314.82997131347656250000                 12.37500000000000000000                  0.32164776325225830078                 12.05335235595703125000
                330.82997131347656250000                 12.68750000000000000000                  0.72156316041946411133                 11.96593666076660156250
                346.82997131347656250000                 12.37500000000000000000                  0.51517313718795776367                 11.85982704162597656250
                362.82997131347656250000                 11.25000000000000000000                 -0.48644983768463134766                 11.73645019531250000000
                378.82997131347656250000                 12.75000000000000000000                  1.15120387077331542969                 11.59879589080810546875
                394.82997131347656250000                 11.68750000000000000000                  0.23624029755592346191                 11.45125961303710937500
                410.82997131347656250000                 10.50000000000000000000                 -0.79933869838714599609                 11.29933834075927734375
                426.82997131347656250000                 11.25000000000000000000                  0.10077582299709320068                 11.14922428131103515625
                442.82997131347656250000                 11.00000000000000000000                 -0.00731773301959037781                 11.00731754302978515625
                458.82997131347656250000                 10.75000000000000000000                 -0.12972772121429443359                 10.87972736358642578125
                474.82997131347656250000                 10.12500000000000000000                 -0.64679598808288574219                 10.77179622650146484375
