9.53610064970385
10.0699936947589
10.6061221654021
11.1158795588862
11.5746170344823
11.9644302469763
12.2762089321606
12.5106045222495
12.6777032515663
12.7953717780402
12.8864438217779
12.9751075221765
13.0830005336282
13.2255944787447
13.4094340960311
13.6306861435916
13.875262555393
14.1205405646859
14.3384493290739
14.4994715185487
14.5769583913916
14.5511050367143
14.4119881711511
14.1612221037288
13.8120115710113
13.3876332384275
12.9186165185976
12.4390788690549
11.9827723735215
11.5794050559532
11.251717609138
11.0136450553459
10.8697045820984
10.8155602197664
10.8395536744402
10.9248812888954
11.0520507027455
11.2012659422409
11.354454697059
