4.92532122777082
4.96775268493763
5.0113037202772
5.05388312599484
5.09353982296509
5.12865396908821
5.15810015635933
5.18136316873821
5.19859220244274
5.21058673059094
5.21871519772678
5.22477525481425
5.23081024847787
5.23890046576652
5.25094896793516
5.26848093474593
5.29247283970466
5.32322420784493
5.36028085945456
5.40241490388932
5.44766351503378
5.49334222274288
5.53661267121855
5.57384689612002
5.60169620348941
5.61693193235284
5.61679120193513
5.5992229912174
5.56309557245463
5.50834380414306
5.43603836326281
5.34836526897802
5.24851250870338
5.14047024868818
5.0287607053343
4.91812188616627
4.81317485193943
4.71810605648432
4.63639437828985
