-1.61282122777082
0.407247315062367
-0.0738037202772048
-0.366383125994844
0.40646017703491
1.12134603091179
-0.220600156359332
0.881136831261785
0.301407797557256
0.10191326940906
-0.531215197726785
-0.537275254814249
-0.918310248477868
0.0735995342334794
0.749051032064837
-0.0809809347459343
0.0825271602953421
-0.0732242078449286
0.202219140545444
-0.77741490388932
67.3648364849662
88.7566577772571
6.15088732878145
-0.0738468961200249
-0.976696203489414
0.133068067647158
0.508208798064874
-0.0367229912173963
-0.313095572454631
0.929156195856942
0.438961636737188
-0.223365268978016
0.626487491296624
0.109529751311816
-0.591260705334295
-0.29312188616627
0.436825148060566
-0.843106056484324
-0.0738943782898485
