               -133.17002868652343750000                  3.31250000000000000000                 -1.61282122135162353516                  4.92532110214233398438
               -117.17002868652343750000                  5.37500000000000000000                  0.40724730491638183594                  4.96775245666503906250
               -101.17002868652343750000                  4.93750000000000000000                 -0.07380372285842895508                  5.01130390167236328125
                -85.17002868652343750000                  4.68750000000000000000                 -0.36638313531875610352                  5.05388307571411132812
                -69.17002868652343750000                  5.50000000000000000000                  0.40646016597747802734                  5.09353971481323242188
                -53.17002868652343750000                  6.25000000000000000000                  1.12134599685668945312                  5.12865400314331054688
                -37.17002868652343750000                  4.93750000000000000000                 -0.22060015797615051270                  5.15810012817382812500
                -21.17002868652343750000                  6.06250000000000000000                  0.88113683462142944336                  5.18136310577392578125
                 -5.17002868652343750000                  5.50000000000000000000                  0.30140778422355651855                  5.19859218597412109375
                 10.82997131347656250000                  5.31250000000000000000                  0.10191326588392257690                  5.21058654785156250000
                 26.82997131347656250000                  4.68750000000000000000                 -0.53121519088745117188                  5.21871519088745117188
                 42.82997131347656250000                  4.68750000000000000000                 -0.53727525472640991211                  5.22477531433105468750
                 58.82997131347656250000                  4.31250000000000000000                 -0.91831022500991821289                  5.23081016540527343750
                 74.82997131347656250000                  5.31250000000000000000                  0.07359953224658966064                  5.23890066146850585938
                 90.82997131347656250000                  6.00000000000000000000                  0.74905103445053100586                  5.25094890594482421875
                106.82997131347656250000                  5.18750000000000000000                 -0.08098093420267105103                  5.26848077774047851562
                122.82997131347656250000                  5.37500000000000000000                  0.08252716064453125000                  5.29247283935546875000
                138.82997131347656250000                  5.25000000000000000000                 -0.07322420924901962280                  5.32322406768798828125
                154.82997131347656250000                  5.56250000000000000000                  0.20221914350986480713                  5.36028099060058593750
                170.82997131347656250000                  4.62500000000000000000                 -0.77741491794586181641                  5.40241479873657226562
                186.82997131347656250000                 72.81250000000000000000                 67.36483764648437500000                  5.44766330718994140625
                202.82997131347656250000                 94.25000000000000000000                 88.75666046142578125000                  5.49334239959716796875
                218.82997131347656250000                 11.68750000000000000000                  6.15088748931884765625                  5.53661251068115234375
                234.82997131347656250000                  5.50000000000000000000                 -0.07384689897298812866                  5.57384681701660156250
                250.82997131347656250000                  4.62500000000000000000                 -0.97669619321823120117                  5.60169601440429687500
                266.82997131347656250000                  5.75000000000000000000                  0.13306806981563568115                  5.61693191528320312500
                282.82997131347656250000                  6.12500000000000000000                  0.50820881128311157227                  5.61679124832153320312
                298.82997131347656250000                  5.56250000000000000000                 -0.03672299161553382874                  5.59922313690185546875
                314.82997131347656250000                  5.25000000000000000000                 -0.31309556961059570312                  5.56309556961059570312
                330.82997131347656250000                  6.43750000000000000000                  0.92915618419647216797                  5.50834369659423828125
                346.82997131347656250000                  5.87500000000000000000                  0.43896162509918212891                  5.43603849411010742188
                362.82997131347656250000                  5.12500000000000000000                 -0.22336526215076446533                  5.34836530685424804688
                378.82997131347656250000                  5.87500000000000000000                  0.62648749351501464844                  5.24851274490356445312
                394.82997131347656250000                  5.25000000000000000000                  0.10952974855899810791                  5.14047002792358398438
                410.82997131347656250000                  4.43750000000000000000                 -0.59126073122024536133                  5.02876091003417968750
                426.82997131347656250000                  4.62500000000000000000                 -0.29312187433242797852                  4.91812181472778320312
                442.82997131347656250000                  5.25000000000000000000                  0.43682515621185302734                  4.81317472457885742188
                458.82997131347656250000                  3.87500000000000000000                 -0.84310603141784667969                  4.71810626983642578125
                474.82997131347656250000                  4.56250000000000000000                 -0.07389438152313232422                  4.63639450073242187500
