4.96017207554493
4.86507595413425
4.76238162304323
4.65799952833574
4.55990914438688
4.47792722278052
4.42318450879584
4.40730011597077
4.44128524504866
4.534256416204
4.69208568761553
4.91615274114453
5.20238240243995
5.54074400544948
5.91535241065482
6.30524577216512
6.68582915989393
7.03087770135824
7.314903134911
7.51561936857466
7.61620924270217
7.60710438410119
7.48704375738076
7.26326735244592
6.95081560957323
6.5710244588215
6.14941099586002
5.71321920178923
5.28892780834865
4.90001005269299
4.56518216818013
4.29729512381532
4.10292756172485
3.98264329692136
3.93179833030004
3.94172994880585
4.00113846388383
4.09747923479113
4.2182130884833
