-0.575215516604988
0.593011783271893
-0.110574017424057
0.190510792537314
-0.440173326587407
0.497852532509638
0.129381015364755
-0.109013858602686
0.03107443450665
-0.202479200007357
0.375379365930157
-0.11285122472256
0.143062514267138
-0.108630789689323
0.568566520853772
-0.200444161859552
-0.352306531067135
0.427226405353724
-0.109384207590638
-0.271733299703827
4.38069654231536
4.78818424131213
0.0154462972515956
-0.436116696315765
0.05893129143524
0.312537730383445
0.135764241439877
0.213999838217851
-0.205247232872862
-0.437021688607395
-0.233604013974018
-0.284247080963716
0.535000153520772
0.0363632503818405
-0.0296947039149238
0.587896348694326
-0.109384091381744
0.38012235741231
-0.379475304040974
