               -133.17002868652343750000                  0.75000000000000000000                 -0.57521551847457885742                  1.32521545886993408203
               -117.17002868652343750000                  1.93750000000000000000                  0.59301179647445678711                  1.34448826313018798828
               -101.17002868652343750000                  1.25000000000000000000                 -0.11057401448488235474                  1.36057400703430175781
                -85.17002868652343750000                  1.56250000000000000000                  0.19051079452037811279                  1.37198925018310546875
                -69.17002868652343750000                  0.93750000000000000000                 -0.44017332792282104492                  1.37767326831817626953
                -53.17002868652343750000                  1.87500000000000000000                  0.49785253405570983887                  1.37714743614196777344
                -37.17002868652343750000                  1.50000000000000000000                  0.12938101589679718018                  1.37061893939971923828
                -21.17002868652343750000                  1.25000000000000000000                 -0.10901385545730590820                  1.35901391506195068359
                 -5.17002868652343750000                  1.37500000000000000000                  0.03107443451881408691                  1.34392559528350830078
                 10.82997131347656250000                  1.12500000000000000000                 -0.20247919857501983643                  1.32747924327850341797
                 26.82997131347656250000                  1.68750000000000000000                  0.37537935376167297363                  1.31212067604064941406
                 42.82997131347656250000                  1.18750000000000000000                 -0.11285122483968734741                  1.30035126209259033203
                 58.82997131347656250000                  1.43750000000000000000                  0.14306251704692840576                  1.29443752765655517578
                 74.82997131347656250000                  1.18750000000000000000                 -0.10863079130649566650                  1.29613077640533447266
                 90.82997131347656250000                  1.87500000000000000000                  0.56856650114059448242                  1.30643343925476074219
                106.82997131347656250000                  1.12500000000000000000                 -0.20044416189193725586                  1.32544410228729248047
                122.82997131347656250000                  1.00000000000000000000                 -0.35230654478073120117                  1.35230648517608642578
                138.82997131347656250000                  1.81250000000000000000                  0.42722639441490173340                  1.38527357578277587891
                154.82997131347656250000                  1.31250000000000000000                 -0.10938420891761779785                  1.42188417911529541016
                170.82997131347656250000                  1.18750000000000000000                 -0.27173331379890441895                  1.45923328399658203125
                186.82997131347656250000                  5.87500000000000000000                  4.38069677352905273438                  1.49430346488952636719
                202.82997131347656250000                  6.31250000000000000000                  4.78818416595458984375                  1.52431571483612060547
                218.82997131347656250000                  1.56250000000000000000                  0.01544629689306020737                  1.54705369472503662109
                234.82997131347656250000                  1.12500000000000000000                 -0.43611669540405273438                  1.56111669540405273438
                250.82997131347656250000                  1.62500000000000000000                  0.05893129110336303711                  1.56606864929199218750
                266.82997131347656250000                  1.87500000000000000000                  0.31253772974014282227                  1.56246221065521240234
                282.82997131347656250000                  1.68750000000000000000                  0.13576424121856689453                  1.55173575878143310547
                298.82997131347656250000                  1.75000000000000000000                  0.21399983763694763184                  1.53600013256072998047
                314.82997131347656250000                  1.31250000000000000000                 -0.20524723827838897705                  1.51774728298187255859
                330.82997131347656250000                  1.06250000000000000000                 -0.43702170252799987793                  1.49952173233032226562
                346.82997131347656250000                  1.25000000000000000000                 -0.23360401391983032227                  1.48360407352447509766
                362.82997131347656250000                  1.18750000000000000000                 -0.28424707055091857910                  1.47174704074859619141
                378.82997131347656250000                  2.00000000000000000000                  0.53500014543533325195                  1.46499979496002197266
                394.82997131347656250000                  1.50000000000000000000                  0.03636325150728225708                  1.46363675594329833984
                410.82997131347656250000                  1.43750000000000000000                 -0.02969470433890819550                  1.46719467639923095703
                426.82997131347656250000                  2.06250000000000000000                  0.58789634704589843750                  1.47460365295410156250
                442.82997131347656250000                  1.37500000000000000000                 -0.10938408970832824707                  1.48438405990600585938
                458.82997131347656250000                  1.87500000000000000000                  0.38012236356735229492                  1.49487769603729248047
                474.82997131347656250000                  1.12500000000000000000                 -0.37947529554367065430                  1.50447535514831542969
