1.32521551660499
1.34448821672811
1.36057401742406
1.37198920746269
1.37767332658741
1.37714746749036
1.37061898463525
1.35901385860269
1.34392556549335
1.32747920000736
1.31212063406984
1.30035122472256
1.29443748573286
1.29613078968932
1.30643347914623
1.32544416185955
1.35230653106713
1.38527359464628
1.42188420759064
1.45923329970383
1.49430345768464
1.52431575868787
1.5470537027484
1.56111669631577
1.56606870856476
1.56246226961656
1.55173575856012
1.53600016178215
1.51774723287286
1.4995216886074
1.48360401397402
1.47174708096372
1.46499984647923
1.46363674961816
1.46719470391492
1.47460365130567
1.48438409138174
1.49487764258769
1.50447530404097
