-11.7730644060482
2.50673926453277
0.933083340213521
1.19362515136726
0.785272544216848
-0.923119610475265
-1.4400973449487
3.41194491134381
2.99809364977897
-0.252655332792308
-1.65857618059233
-2.53420322371401
0.997701777384332
0.881106457258809
1.18857660298529
-0.942362860873892
-0.2482120409814
-0.403605130257503
-0.835301759634802
-2.22333572762378
48.8108484623377
52.0793568110557
-0.734108168669657
-1.32322572700617
-1.19524575041815
-0.857119633191893
-0.251809872334629
-0.882480053358158
-0.312197891765049
0.398306648443757
-0.685117503197496
-1.18366237891502
0.155657928876316
-1.04121038185499
2.84869621973996
0.444853207161977
0.800769174115167
0.279536648316849
-1.19516746508981
