               -133.17002868652343750000                 18.81250000000000000000                -11.77306461334228515625                 30.58556365966796875000
               -117.17002868652343750000                 33.18750000000000000000                  2.50673937797546386719                 30.68076133728027343750
               -101.17002868652343750000                 31.68750000000000000000                  0.93308335542678833008                 30.75441741943359375000
                -85.17002868652343750000                 32.00000000000000000000                  1.19362509250640869141                 30.80637550354003906250
                -69.17002868652343750000                 31.62500000000000000000                  0.78527253866195678711                 30.83972740173339843750
                -53.17002868652343750000                 29.93750000000000000000                 -0.92311960458755493164                 30.86062049865722656250
                -37.17002868652343750000                 29.43750000000000000000                 -1.44009733200073242188                 30.87759780883789062500
                -21.17002868652343750000                 34.31250000000000000000                  3.41194486618041992188                 30.90055465698242187500
                 -5.17002868652343750000                 33.93750000000000000000                  2.99809360504150390625                 30.93940544128417968750
                 10.82997131347656250000                 30.75000000000000000000                 -0.25265532732009887695                 31.00265502929687500000
                 26.82997131347656250000                 29.43750000000000000000                 -1.65857613086700439453                 31.09607696533203125000
                 42.82997131347656250000                 28.68750000000000000000                 -2.53420329093933105469                 31.22170257568359375000
                 58.82997131347656250000                 32.37500000000000000000                  0.99770176410675048828                 31.37729835510253906250
                 74.82997131347656250000                 32.43750000000000000000                  0.88110643625259399414                 31.55639266967773437500
                 90.82997131347656250000                 32.93750000000000000000                  1.18857657909393310547                 31.74892425537109375000
                106.82997131347656250000                 31.00000000000000000000                 -0.94236284494400024414                 31.94236373901367187500
                122.82997131347656250000                 31.87500000000000000000                 -0.24821203947067260742                 32.12321090698242187500
                138.82997131347656250000                 31.87500000000000000000                 -0.40360513329505920410                 32.27860641479492187500
                154.82997131347656250000                 31.56250000000000000000                 -0.83530175685882568359                 32.39780044555664062500
                170.82997131347656250000                 30.25000000000000000000                 -2.22333574295043945312                 32.47333526611328125000
                186.82997131347656250000                 81.31250000000000000000                 48.81084823608398437500                 32.50165176391601562500
                202.82997131347656250000                 84.56250000000000000000                 52.07935714721679687500                 32.48314285278320312500
                218.82997131347656250000                 31.68750000000000000000                 -0.73410815000534057617                 32.42160797119140625000
                234.82997131347656250000                 31.00000000000000000000                 -1.32322573661804199219                 32.32322692871093750000
                250.82997131347656250000                 31.00000000000000000000                 -1.19524574279785156250                 32.19524765014648437500
                266.82997131347656250000                 31.18750000000000000000                 -0.85711961984634399414                 32.04462051391601562500
                282.82997131347656250000                 31.62500000000000000000                 -0.25180986523628234863                 31.87681007385253906250
                298.82997131347656250000                 30.81250000000000000000                 -0.88248002529144287109                 31.69498062133789062500
                314.82997131347656250000                 31.18750000000000000000                 -0.31219789385795593262                 31.49969863891601562500
                330.82997131347656250000                 31.68750000000000000000                  0.39830663800239562988                 31.28919410705566406250
                346.82997131347656250000                 30.37500000000000000000                 -0.68511748313903808594                 31.06011772155761718750
                362.82997131347656250000                 29.62500000000000000000                 -1.18366241455078125000                 30.80866241455078125000
                378.82997131347656250000                 30.68750000000000000000                  0.15565793216228485107                 30.53184127807617187500
                394.82997131347656250000                 29.18750000000000000000                 -1.04121041297912597656                 30.22871017456054687500
                410.82997131347656250000                 32.75000000000000000000                  2.84869623184204101562                 29.90130424499511718750
                426.82997131347656250000                 30.00000000000000000000                  0.44485321640968322754                 29.55514717102050781250
                442.82997131347656250000                 30.00000000000000000000                  0.80076915025711059570                 29.19923019409179687500
                458.82997131347656250000                 29.12500000000000000000                  0.27953663468360900879                 28.84546279907226562500
                474.82997131347656250000                 27.31250000000000000000                 -1.19516742229461669922                 28.50766754150390625000
