30.5855644060482
30.6807607354672
30.7544166597865
30.8063748486327
30.8397274557832
30.8606196104753
30.8775973449487
30.9005550886562
30.939406350221
31.0026553327923
31.0960761805923
31.221703223714
31.3772982226157
31.5563935427412
31.7489233970147
31.9423628608739
32.1232120409814
32.2786051302575
32.3978017596348
32.4733357276238
32.5016515376623
32.4831431889443
32.4216081686697
32.3232257270062
32.1952457504181
32.0446196331919
31.8768098723346
31.6949800533582
31.499697891765
31.2891933515562
31.0601175031975
30.808662378915
30.5318420711237
30.228710381855
29.90130378026
29.555146792838
29.1992308258848
28.8454633516832
28.5076674650898
