               -133.17002868652343750000                  1.43750000000000000000                 -0.88771772384643554688                  2.32521772384643554688
               -117.17002868652343750000                  3.31250000000000000000                  0.84955769777297973633                  2.46294236183166503906
               -101.17002868652343750000                  3.06250000000000000000                  0.45986601710319519043                  2.60263395309448242188
                -85.17002868652343750000                  3.06250000000000000000                  0.32627120614051818848                  2.73622870445251464844
                -69.17002868652343750000                  2.25000000000000000000                 -0.60615617036819458008                  2.85615611076354980469
                -53.17002868652343750000                  3.25000000000000000000                  0.29386562108993530273                  2.95613431930541992188
                -37.17002868652343750000                  2.93750000000000000000                 -0.09437643736600875854                  3.03187632560729980469
                -21.17002868652343750000                  3.68750000000000000000                  0.60588985681533813477                  3.08161020278930664062
                 -5.17002868652343750000                  2.62500000000000000000                 -0.48132973909378051758                  3.10632967948913574219
                 10.82997131347656250000                  3.43750000000000000000                  0.32777169346809387207                  3.10972833633422851562
                 26.82997131347656250000                  3.37500000000000000000                  0.27720266580581665039                  3.09779739379882812500
                 42.82997131347656250000                  2.68750000000000000000                 -0.39062690734863281250                  3.07812690734863281250
                 58.82997131347656250000                  2.87500000000000000000                 -0.18398240208625793457                  3.05898237228393554688
                 74.82997131347656250000                  3.00000000000000000000                 -0.04826962947845458984                  3.04826974868774414062
                 90.82997131347656250000                  3.12500000000000000000                  0.07247888296842575073                  3.05252122879028320312
                106.82997131347656250000                  2.68750000000000000000                 -0.38853874802589416504                  3.07603883743286132812
                122.82997131347656250000                  3.50000000000000000000                  0.37968957424163818359                  3.12031030654907226562
                138.82997131347656250000                  3.31250000000000000000                  0.12871757149696350098                  3.18378233909606933594
                154.82997131347656250000                  2.62500000000000000000                 -0.63702064752578735352                  3.26202058792114257812
                170.82997131347656250000                  2.37500000000000000000                 -0.97323924303054809570                  3.34823918342590332031
                186.82997131347656250000                 26.93750000000000000000                 23.50337600708007812500                  3.43412399291992187500
                202.82997131347656250000                 32.81250000000000000000                 29.30166244506835937500                  3.51083683967590332031
                218.82997131347656250000                  4.81250000000000000000                  1.24243307113647460938                  3.57006692886352539062
                234.82997131347656250000                  3.00000000000000000000                 -0.60498690605163574219                  3.60498690605163574219
                250.82997131347656250000                  3.31250000000000000000                 -0.29849821329116821289                  3.61099815368652343750
                266.82997131347656250000                  3.06250000000000000000                 -0.52367734909057617188                  3.58617734909057617188
                282.82997131347656250000                  3.31250000000000000000                 -0.21888580918312072754                  3.53138589859008789062
                298.82997131347656250000                  3.56250000000000000000                  0.11244804412126541138                  3.45005202293395996094
                314.82997131347656250000                  3.06250000000000000000                 -0.28517797589302062988                  3.34767794609069824219
                330.82997131347656250000                  2.62500000000000000000                 -0.60615611076354980469                  3.23115611076354980469
                346.82997131347656250000                  3.50000000000000000000                  0.39200359582901000977                  3.10799646377563476562
                362.82997131347656250000                  3.56250000000000000000                  0.57693243026733398438                  2.98556756973266601562
                378.82997131347656250000                  2.37500000000000000000                 -0.49543994665145874023                  2.87044000625610351562
                394.82997131347656250000                  2.93750000000000000000                  0.16960614919662475586                  2.76789379119873046875
                410.82997131347656250000                  3.12500000000000000000                  0.44337230920791625977                  2.68162775039672851562
                426.82997131347656250000                  3.00000000000000000000                  0.38633129000663757324                  2.61366868019104003906
                442.82997131347656250000                  2.68750000000000000000                  0.12303547561168670654                  2.56446456909179687500
                458.82997131347656250000                  2.87500000000000000000                  0.34188613295555114746                  2.53311395645141601562
                474.82997131347656250000                  2.93750000000000000000                  0.41981375217437744141                  2.51768636703491210938
