1.51077261184779
1.57682665666397
1.63594975102411
1.68420602630612
1.71878078603403
1.73837712181501
1.7434561340093
1.73627412904953
1.72069425360574
1.70177980700905
1.68520783722234
1.67656981137004
1.68064650188203
1.70075299660812
1.73824480517407
1.7922573828783
1.85972126439968
1.93565762034772
2.01372000640407
2.08691340122646
2.14839677741133
2.19226433403353
2.21420482001891
2.21195724418677
2.18551148268291
2.13703886791661
2.07057491954045
1.9915082742703
1.90595204256878
1.82008357210317
1.73953542249002
1.66890585095252
1.61143452677196
1.56886273639018
1.54147136072198
1.52826815891696
1.52728099516121
1.53590679478773
1.5512669971698
