               -133.17002868652343750000                  0.81250000000000000000                 -0.69827258586883544922                  1.51077258586883544922
               -117.17002868652343750000                  1.56250000000000000000                 -0.01432665623724460602                  1.57682669162750244141
               -101.17002868652343750000                  1.87500000000000000000                  0.23905025422573089600                  1.63594973087310791016
                -85.17002868652343750000                  1.87500000000000000000                  0.19079397618770599365                  1.68420600891113281250
                -69.17002868652343750000                  2.31250000000000000000                  0.59371918439865112305                  1.71878075599670410156
                -53.17002868652343750000                  1.93750000000000000000                  0.19912287592887878418                  1.73837709426879882812
                -37.17002868652343750000                  1.43750000000000000000                 -0.30595612525939941406                  1.74345612525939941406
                -21.17002868652343750000                  1.62500000000000000000                 -0.11127413064241409302                  1.73627412319183349609
                 -5.17002868652343750000                  2.25000000000000000000                  0.52930575609207153320                  1.72069430351257324219
                 10.82997131347656250000                  1.81250000000000000000                  0.11072019487619400024                  1.70177984237670898438
                 26.82997131347656250000                  1.81250000000000000000                  0.12729215621948242188                  1.68520784378051757812
                 42.82997131347656250000                  1.62500000000000000000                 -0.05156981199979782104                  1.67656981945037841797
                 58.82997131347656250000                  1.87500000000000000000                  0.19435349106788635254                  1.68064653873443603516
                 74.82997131347656250000                  1.62500000000000000000                 -0.07575299590826034546                  1.70075297355651855469
                 90.82997131347656250000                  1.50000000000000000000                 -0.23824480175971984863                  1.73824477195739746094
                106.82997131347656250000                  2.00000000000000000000                  0.20774261653423309326                  1.79225742816925048828
                122.82997131347656250000                  1.75000000000000000000                 -0.10972126573324203491                  1.85972130298614501953
                138.82997131347656250000                  1.43750000000000000000                 -0.49815762042999267578                  1.93565762042999267578
                154.82997131347656250000                  2.50000000000000000000                  0.48627999424934387207                  2.01372003555297851562
                170.82997131347656250000                  1.12500000000000000000                 -0.96191340684890747070                  2.08691334724426269531
                186.82997131347656250000                 12.18750000000000000000                 10.03910350799560546875                  2.14839673042297363281
                202.82997131347656250000                 12.31250000000000000000                 10.12023544311523437500                  2.19226431846618652344
                218.82997131347656250000                  2.12500000000000000000                 -0.08920481801033020020                  2.21420478820800781250
                234.82997131347656250000                  2.00000000000000000000                 -0.21195724606513977051                  2.21195721626281738281
                250.82997131347656250000                  2.25000000000000000000                  0.06448851525783538818                  2.18551158905029296875
                266.82997131347656250000                  2.37500000000000000000                  0.23796112835407257080                  2.13703894615173339844
                282.82997131347656250000                  1.25000000000000000000                 -0.82057493925094604492                  2.07057499885559082031
                298.82997131347656250000                  1.87500000000000000000                 -0.11650827527046203613                  1.99150824546813964844
                314.82997131347656250000                  1.50000000000000000000                 -0.40595203638076782227                  1.90595209598541259766
                330.82997131347656250000                  2.12500000000000000000                  0.30491644144058227539                  1.82008361816406250000
                346.82997131347656250000                  1.18750000000000000000                 -0.55203545093536376953                  1.73953545093536376953
                362.82997131347656250000                  2.00000000000000000000                  0.33109414577484130859                  1.66890585422515869141
                378.82997131347656250000                  1.43750000000000000000                 -0.17393453419208526611                  1.61143457889556884766
                394.82997131347656250000                  1.62500000000000000000                  0.05613726377487182617                  1.56886279582977294922
                410.82997131347656250000                  1.18750000000000000000                 -0.35397136211395263672                  1.54147136211395263672
                426.82997131347656250000                  1.56250000000000000000                  0.03423184156417846680                  1.52826821804046630859
                442.82997131347656250000                  2.18750000000000000000                  0.66021901369094848633                  1.52728104591369628906
                458.82997131347656250000                  1.37500000000000000000                 -0.16090679168701171875                  1.53590679168701171875
                474.82997131347656250000                  1.31250000000000000000                 -0.23876699805259704590                  1.55126702785491943359
