1.68323368709726
1.75209860814434
1.81102365109086
1.85652426155374
1.88662318664058
1.9011518589073
1.90183080182145
1.89209950353763
1.87670152030707
1.86106811582813
1.85057745106013
1.84979029718008
1.86177276839673
1.88760913363999
1.92618358955373
1.97427206359003
2.02693925821443
2.07818946828868
2.12177985781587
2.15207862332349
2.16484242951132
2.15779930237485
2.13095306035714
2.08656848435557
2.02884560168803
1.96333848190333
1.89621104625653
1.83344364681275
1.78010653112149
1.73980011110871
1.71433076234153
1.70365071193712
1.70604869532553
1.71854158423292
1.73739176769961
1.75866396916491
1.77873886664803
1.79471717203676
1.80467256429957
