-0.62073368709726
-0.127098608144341
0.313976348909141
-0.294024261553735
0.488376813359424
0.0988481410927025
-0.276830801821451
0.607900496462373
-0.00170152030707271
0.201431884171865
-0.0380774510601303
-0.724790297180081
-0.486772768396727
0.299890866360015
-0.176183589553733
0.0882279364099674
-0.0269392582144268
0.0468105317113232
-0.809279857815866
-0.277078623323493
10.5851575704887
13.2172006976252
0.369046939642864
-0.149068484355568
-0.278845601688031
0.0366615180966681
-0.0212110462565329
-0.208443646812745
-0.592606531121494
0.260199888891292
-0.27683076234153
-0.203650711937119
0.356451304674467
-0.0310415842329173
0.700108232300387
-0.133663969164914
-0.278738866648031
0.205282827963242
-0.242172564299568
