               -133.17002868652343750000                  1.06250000000000000000                 -0.62073367834091186523                  1.68323373794555664062
               -117.17002868652343750000                  1.62500000000000000000                 -0.12709860503673553467                  1.75209856033325195312
               -101.17002868652343750000                  2.12500000000000000000                  0.31397634744644165039                  1.81102359294891357422
                -85.17002868652343750000                  1.56250000000000000000                 -0.29402425885200500488                  1.85652422904968261719
                -69.17002868652343750000                  2.37500000000000000000                  0.48837682604789733887                  1.88662314414978027344
                -53.17002868652343750000                  2.00000000000000000000                  0.09884814172983169556                  1.90115189552307128906
                -37.17002868652343750000                  1.62500000000000000000                 -0.27683079242706298828                  1.90183079242706298828
                -21.17002868652343750000                  2.50000000000000000000                  0.60790050029754638672                  1.89209949970245361328
                 -5.17002868652343750000                  1.87500000000000000000                 -0.00170152029022574425                  1.87670147418975830078
                 10.82997131347656250000                  2.06250000000000000000                  0.20143188536167144775                  1.86106812953948974609
                 26.82997131347656250000                  1.81250000000000000000                 -0.03807745128870010376                  1.85057747364044189453
                 42.82997131347656250000                  1.12500000000000000000                 -0.72479027509689331055                  1.84979033470153808594
                 58.82997131347656250000                  1.37500000000000000000                 -0.48677277565002441406                  1.86177277565002441406
                 74.82997131347656250000                  2.18750000000000000000                  0.29989087581634521484                  1.88760912418365478516
                 90.82997131347656250000                  1.75000000000000000000                 -0.17618359625339508057                  1.92618358135223388672
                106.82997131347656250000                  2.06250000000000000000                  0.08822793513536453247                  1.97427201271057128906
                122.82997131347656250000                  2.00000000000000000000                 -0.02693925797939300537                  2.02693915367126464844
                138.82997131347656250000                  2.12500000000000000000                  0.04681053012609481812                  2.07818937301635742188
                154.82997131347656250000                  1.31250000000000000000                 -0.80927985906600952148                  2.12177991867065429688
                170.82997131347656250000                  1.87500000000000000000                 -0.27707862854003906250                  2.15207862854003906250
                186.82997131347656250000                 12.75000000000000000000                 10.58515739440917968750                  2.16484236717224121094
                202.82997131347656250000                 15.37500000000000000000                 13.21720027923583984375                  2.15779924392700195312
                218.82997131347656250000                  2.50000000000000000000                  0.36904692649841308594                  2.13095307350158691406
                234.82997131347656250000                  1.93750000000000000000                 -0.14906848967075347900                  2.08656859397888183594
                250.82997131347656250000                  1.75000000000000000000                 -0.27884560823440551758                  2.02884554862976074219
                266.82997131347656250000                  2.00000000000000000000                  0.03666151687502861023                  1.96333849430084228516
                282.82997131347656250000                  1.87500000000000000000                 -0.02121104672551155090                  1.89621102809906005859
                298.82997131347656250000                  1.62500000000000000000                 -0.20844364166259765625                  1.83344364166259765625
                314.82997131347656250000                  1.18750000000000000000                 -0.59260654449462890625                  1.78010654449462890625
                330.82997131347656250000                  2.00000000000000000000                  0.26019987463951110840                  1.73980009555816650391
                346.82997131347656250000                  1.43750000000000000000                 -0.27683076262474060059                  1.71433079242706298828
                362.82997131347656250000                  1.50000000000000000000                 -0.20365071296691894531                  1.70365071296691894531
                378.82997131347656250000                  2.06250000000000000000                  0.35645130276679992676                  1.70604872703552246094
                394.82997131347656250000                  1.68750000000000000000                 -0.03104158490896224976                  1.71854162216186523438
                410.82997131347656250000                  2.43750000000000000000                  0.70010823011398315430                  1.73739171028137207031
                426.82997131347656250000                  1.62500000000000000000                 -0.13366396725177764893                  1.75866401195526123047
                442.82997131347656250000                  1.50000000000000000000                 -0.27873885631561279297                  1.77873885631561279297
                458.82997131347656250000                  2.00000000000000000000                  0.20528282225131988525                  1.79471719264984130859
                474.82997131347656250000                  1.56250000000000000000                 -0.24217256903648376465                  1.80467259883880615234
