      -309.17003       0.0000000
      -293.17003       0.0000000
      -277.17003       0.0000000
      -261.17003       0.0000000
      -245.17003       0.0000000
      -229.17003       0.0000000
      -213.17003       0.0000000
      -197.17003       0.0000000
      -181.17003       0.0000000
      -165.17003       0.0000000
      -149.17003       0.0000000
      -133.17003       6.9375000
      -117.17003       13.437500
      -101.17003       11.500000
      -85.170029       14.125000
      -69.170029       10.562500
      -53.170029       13.250000
      -37.170029       13.562500
      -21.170029       13.687500
      -5.1700287       15.000000
       10.829971       11.937500
       26.829971       12.312500
       42.829971       12.687500
       58.829971       15.437500
       74.829971       11.500000
       90.829971       12.312500
       106.82997       13.062500
       122.82997       13.500000
       138.82997       14.312500
       154.82997       11.812500
       170.82997       11.375000
       186.82997       61.375000
       202.82997       81.875000
       218.82997       18.062500
       234.82997       11.312500
       250.82997       12.250000
       266.82997       12.000000
       282.82997       12.250000
       298.82997       10.875000
       314.82997       11.937500
       330.82997       12.625000
       346.82997       11.937500
       362.82997       11.750000
       378.82997       11.687500
       394.82997       12.125000
       410.82997       10.437500
       426.82997       10.687500
       442.82997       11.062500
       458.82997       10.062500
       474.82997       8.9375000
       490.82997       0.0000000
       506.82997       0.0000000
       522.82997       0.0000000
       538.82997       0.0000000
       554.82997       0.0000000
       570.82997       0.0000000
       586.82997       0.0000000
       602.82997       0.0000000
       618.82997       0.0000000
       634.82997       0.0000000
       650.82997       0.0000000
       666.82997       0.0000000
       682.82997       0.0000000
       691.45000       0.0000000
