      -309.17003       0.0000000
      -293.17003       0.0000000
      -277.17003       0.0000000
      -261.17003       0.0000000
      -245.17003       0.0000000
      -229.17003       0.0000000
      -213.17003       0.0000000
      -197.17003       0.0000000
      -181.17003       0.0000000
      -165.17003       0.0000000
      -149.17003       0.0000000
      -133.17003       2.3750000
      -117.17003       3.8125000
      -101.17003       3.6875000
      -85.170029       4.3125000
      -69.170029       4.0625000
      -53.170029       4.0625000
      -37.170029       4.1875000
      -21.170029       3.8750000
      -5.1700287       3.3125000
       10.829971       3.8125000
       26.829971       4.0625000
       42.829971       3.3125000
       58.829971       3.3125000
       74.829971       4.4375000
       90.829971       3.9375000
       106.82997       4.1250000
       122.82997       3.8750000
       138.82997       4.6875000
       154.82997       4.5625000
       170.82997       4.5625000
       186.82997       39.250000
       202.82997       46.937500
       218.82997       6.3125000
       234.82997       4.3125000
       250.82997       4.4375000
       266.82997       4.2500000
       282.82997       4.0000000
       298.82997       4.3125000
       314.82997       3.6250000
       330.82997       3.3125000
       346.82997       4.0625000
       362.82997       3.8750000
       378.82997       4.1250000
       394.82997       3.6250000
       410.82997       4.2500000
       426.82997       4.0000000
       442.82997       3.7500000
       458.82997       3.8750000
       474.82997       3.7500000
       490.82997       0.0000000
       506.82997       0.0000000
       522.82997       0.0000000
       538.82997       0.0000000
       554.82997       0.0000000
       570.82997       0.0000000
       586.82997       0.0000000
       602.82997       0.0000000
       618.82997       0.0000000
       634.82997       0.0000000
       650.82997       0.0000000
       666.82997       0.0000000
       682.82997       0.0000000
       691.45000       0.0000000
