      -309.17003       0.0000000
      -293.17003       0.0000000
      -277.17003       0.0000000
      -261.17003       0.0000000
      -245.17003       0.0000000
      -229.17003       0.0000000
      -213.17003       0.0000000
      -197.17003       0.0000000
      -181.17003       0.0000000
      -165.17003       0.0000000
      -149.17003       0.0000000
      -133.17003       7.1250000
      -117.17003       11.250000
      -101.17003       9.2500000
      -85.170029       12.250000
      -69.170029       10.750000
      -53.170029       8.9375000
      -37.170029       9.1875000
      -21.170029       10.437500
      -5.1700287       11.750000
       10.829971       11.375000
       26.829971       11.687500
       42.829971       10.250000
       58.829971       10.437500
       74.829971       10.875000
       90.829971       10.062500
       106.82997       9.4375000
       122.82997       11.500000
       138.82997       10.875000
       154.82997       10.312500
       170.82997       9.6250000
       186.82997       65.125000
       202.82997       85.187500
       218.82997       18.875000
       234.82997       11.437500
       250.82997       10.687500
       266.82997       10.000000
       282.82997       10.812500
       298.82997       10.062500
       314.82997       10.750000
       330.82997       9.1875000
       346.82997       9.5625000
       362.82997       9.9375000
       378.82997       7.9375000
       394.82997       10.687500
       410.82997       9.0000000
       426.82997       10.187500
       442.82997       9.2500000
       458.82997       10.250000
       474.82997       7.5625000
       490.82997       0.0000000
       506.82997       0.0000000
       522.82997       0.0000000
       538.82997       0.0000000
       554.82997       0.0000000
       570.82997       0.0000000
       586.82997       0.0000000
       602.82997       0.0000000
       618.82997       0.0000000
       634.82997       0.0000000
       650.82997       0.0000000
       666.82997       0.0000000
       682.82997       0.0000000
       691.45000       0.0000000
