      -309.17003       0.0000000
      -293.17003       0.0000000
      -277.17003       0.0000000
      -261.17003       0.0000000
      -245.17003       0.0000000
      -229.17003       0.0000000
      -213.17003       0.0000000
      -197.17003       0.0000000
      -181.17003       0.0000000
      -165.17003       0.0000000
      -149.17003       0.0000000
      -133.17003       19.437500
      -117.17003       31.562500
      -101.17003       33.125000
      -85.170029       32.500000
      -69.170029       30.875000
      -53.170029       33.687500
      -37.170029       33.062500
      -21.170029       30.875000
      -5.1700287       37.750000
       10.829971       32.500000
       26.829971       32.875000
       42.829971       32.750000
       58.829971       36.562500
       74.829971       33.562500
       90.829971       31.937500
       106.82997       32.500000
       122.82997       32.125000
       138.82997       31.500000
       154.82997       34.500000
       170.82997       29.187500
       186.82997       103.62500
       202.82997       133.50000
       218.82997       42.125000
       234.82997       29.937500
       250.82997       29.625000
       266.82997       30.937500
       282.82997       28.250000
       298.82997       26.500000
       314.82997       27.062500
       330.82997       27.312500
       346.82997       28.937500
       362.82997       27.437500
       378.82997       25.625000
       394.82997       26.687500
       410.82997       28.500000
       426.82997       26.750000
       442.82997       27.250000
       458.82997       25.437500
       474.82997       20.812500
       490.82997       0.0000000
       506.82997       0.0000000
       522.82997       0.0000000
       538.82997       0.0000000
       554.82997       0.0000000
       570.82997       0.0000000
       586.82997       0.0000000
       602.82997       0.0000000
       618.82997       0.0000000
       634.82997       0.0000000
       650.82997       0.0000000
       666.82997       0.0000000
       682.82997       0.0000000
       691.45000       0.0000000
