      -309.17003       0.0000000
      -293.17003       0.0000000
      -277.17003       0.0000000
      -261.17003       0.0000000
      -245.17003       0.0000000
      -229.17003       0.0000000
      -213.17003       0.0000000
      -197.17003       0.0000000
      -181.17003       0.0000000
      -165.17003       0.0000000
      -149.17003       0.0000000
      -133.17003       20.500000
      -117.17003       35.750000
      -101.17003       35.875000
      -85.170029       33.687500
      -69.170029       35.625000
      -53.170029       33.937500
      -37.170029       32.312500
      -21.170029       31.750000
      -5.1700287       35.375000
       10.829971       31.562500
       26.829971       32.312500
       42.829971       32.312500
       58.829971       34.500000
       74.829971       33.812500
       90.829971       34.812500
       106.82997       35.625000
       122.82997       35.125000
       138.82997       35.000000
       154.82997       33.562500
       170.82997       35.812500
       186.82997       74.750000
       202.82997       89.437500
       218.82997       40.937500
       234.82997       33.187500
       250.82997       31.562500
       266.82997       28.625000
       282.82997       32.687500
       298.82997       30.500000
       314.82997       31.375000
       330.82997       29.312500
       346.82997       31.000000
       362.82997       27.375000
       378.82997       29.687500
       394.82997       28.125000
       410.82997       26.437500
       426.82997       27.125000
       442.82997       28.937500
       458.82997       24.375000
       474.82997       22.937500
       490.82997       0.0000000
       506.82997       0.0000000
       522.82997       0.0000000
       538.82997       0.0000000
       554.82997       0.0000000
       570.82997       0.0000000
       586.82997       0.0000000
       602.82997       0.0000000
       618.82997       0.0000000
       634.82997       0.0000000
       650.82997       0.0000000
       666.82997       0.0000000
       682.82997       0.0000000
       691.45000       0.0000000
