      -309.17003       0.0000000
      -293.17003       0.0000000
      -277.17003       0.0000000
      -261.17003       0.0000000
      -245.17003       0.0000000
      -229.17003       0.0000000
      -213.17003       0.0000000
      -197.17003       0.0000000
      -181.17003       0.0000000
      -165.17003       0.0000000
      -149.17003       0.0000000
      -133.17003       5.6875000
      -117.17003       10.125000
      -101.17003       9.7500000
      -85.170029       9.9375000
      -69.170029       11.312500
      -53.170029       9.0000000
      -37.170029       10.625000
      -21.170029       10.625000
      -5.1700287       14.000000
       10.829971       10.000000
       26.829971       10.937500
       42.829971       11.125000
       58.829971       10.562500
       74.829971       9.5000000
       90.829971       10.812500
       106.82997       10.437500
       122.82997       10.812500
       138.82997       9.0000000
       154.82997       10.062500
       170.82997       10.687500
       186.82997       73.937500
       202.82997       96.375000
       218.82997       18.250000
       234.82997       10.750000
       250.82997       10.562500
       266.82997       8.8125000
       282.82997       8.6250000
       298.82997       10.125000
       314.82997       9.7500000
       330.82997       9.8125000
       346.82997       11.437500
       362.82997       9.0625000
       378.82997       9.8125000
       394.82997       10.437500
       410.82997       11.500000
       426.82997       8.6250000
       442.82997       9.2500000
       458.82997       9.5625000
       474.82997       7.4375000
       490.82997       0.0000000
       506.82997       0.0000000
       522.82997       0.0000000
       538.82997       0.0000000
       554.82997       0.0000000
       570.82997       0.0000000
       586.82997       0.0000000
       602.82997       0.0000000
       618.82997       0.0000000
       634.82997       0.0000000
       650.82997       0.0000000
       666.82997       0.0000000
       682.82997       0.0000000
       691.45000       0.0000000
