      -309.17003       0.0000000
      -293.17003       0.0000000
      -277.17003       0.0000000
      -261.17003       0.0000000
      -245.17003       0.0000000
      -229.17003       0.0000000
      -213.17003       0.0000000
      -197.17003       0.0000000
      -181.17003       0.0000000
      -165.17003       0.0000000
      -149.17003       0.0000000
      -133.17003       5.2500000
      -117.17003       10.812500
      -101.17003       10.625000
      -85.170029       9.8125000
      -69.170029       10.375000
      -53.170029       8.1875000
      -37.170029       11.375000
      -21.170029       10.500000
      -5.1700287       11.000000
       10.829971       10.000000
       26.829971       11.000000
       42.829971       10.375000
       58.829971       11.312500
       74.829971       11.437500
       90.829971       7.7500000
       106.82997       10.375000
       122.82997       7.9375000
       138.82997       9.4375000
       154.82997       9.2500000
       170.82997       11.000000
       186.82997       83.062500
       202.82997       109.81250
       218.82997       18.937500
       234.82997       11.375000
       250.82997       8.7500000
       266.82997       9.5625000
       282.82997       9.2500000
       298.82997       9.0625000
       314.82997       10.500000
       330.82997       10.187500
       346.82997       10.187500
       362.82997       9.5000000
       378.82997       10.562500
       394.82997       9.5625000
       410.82997       9.4375000
       426.82997       9.5625000
       442.82997       9.1250000
       458.82997       8.8125000
       474.82997       8.6250000
       490.82997       0.0000000
       506.82997       0.0000000
       522.82997       0.0000000
       538.82997       0.0000000
       554.82997       0.0000000
       570.82997       0.0000000
       586.82997       0.0000000
       602.82997       0.0000000
       618.82997       0.0000000
       634.82997       0.0000000
       650.82997       0.0000000
       666.82997       0.0000000
       682.82997       0.0000000
       691.45000       0.0000000
