      -309.17003       0.0000000
      -293.17003       0.0000000
      -277.17003       0.0000000
      -261.17003       0.0000000
      -245.17003       0.0000000
      -229.17003       0.0000000
      -213.17003       0.0000000
      -197.17003       0.0000000
      -181.17003       0.0000000
      -165.17003       0.0000000
      -149.17003       0.0000000
      -133.17003       1.5000000
      -117.17003       2.8125000
      -101.17003       2.8750000
      -85.170029       2.9375000
      -69.170029       3.2500000
      -53.170029       3.0000000
      -37.170029       2.3125000
      -21.170029       2.3750000
      -5.1700287       2.6875000
       10.829971       3.3750000
       26.829971       3.1875000
       42.829971       3.3750000
       58.829971       2.6250000
       74.829971       3.2500000
       90.829971       3.0625000
       106.82997       2.8125000
       122.82997       2.6250000
       138.82997       3.0000000
       154.82997       3.3750000
       170.82997       3.0000000
       186.82997       22.562500
       202.82997       26.250000
       218.82997       3.5000000
       234.82997       3.4375000
       250.82997       2.7500000
       266.82997       2.9375000
       282.82997       2.3125000
       298.82997       2.5000000
       314.82997       2.8750000
       330.82997       3.1875000
       346.82997       2.8125000
       362.82997       2.5625000
       378.82997       3.0625000
       394.82997       3.1875000
       410.82997       2.6250000
       426.82997       3.3750000
       442.82997       2.4375000
       458.82997       3.5000000
       474.82997       2.1250000
       490.82997       0.0000000
       506.82997       0.0000000
       522.82997       0.0000000
       538.82997       0.0000000
       554.82997       0.0000000
       570.82997       0.0000000
       586.82997       0.0000000
       602.82997       0.0000000
       618.82997       0.0000000
       634.82997       0.0000000
       650.82997       0.0000000
       666.82997       0.0000000
       682.82997       0.0000000
       691.45000       0.0000000
