      -309.17003       0.0000000
      -293.17003       0.0000000
      -277.17003       0.0000000
      -261.17003       0.0000000
      -245.17003       0.0000000
      -229.17003       0.0000000
      -213.17003       0.0000000
      -197.17003       0.0000000
      -181.17003       0.0000000
      -165.17003       0.0000000
      -149.17003       0.0000000
      -133.17003       8.9375000
      -117.17003       16.937500
      -101.17003       16.000000
      -85.170029       16.125000
      -69.170029       16.437500
      -53.170029       16.500000
      -37.170029       16.375000
      -21.170029       17.375000
      -5.1700287       20.375000
       10.829971       17.750000
       26.829971       17.750000
       42.829971       17.875000
       58.829971       16.812500
       74.829971       17.562500
       90.829971       16.937500
       106.82997       18.375000
       122.82997       18.812500
       138.82997       16.250000
       154.82997       15.375000
       170.82997       18.125000
       186.82997       70.812500
       202.82997       95.062500
       218.82997       27.312500
       234.82997       17.750000
       250.82997       16.312500
       266.82997       15.062500
       282.82997       15.875000
       298.82997       14.625000
       314.82997       16.062500
       330.82997       16.937500
       346.82997       17.562500
       362.82997       14.312500
       378.82997       16.812500
       394.82997       16.875000
       410.82997       16.250000
       426.82997       15.437500
       442.82997       16.625000
       458.82997       15.625000
       474.82997       13.187500
       490.82997       0.0000000
       506.82997       0.0000000
       522.82997       0.0000000
       538.82997       0.0000000
       554.82997       0.0000000
       570.82997       0.0000000
       586.82997       0.0000000
       602.82997       0.0000000
       618.82997       0.0000000
       634.82997       0.0000000
       650.82997       0.0000000
       666.82997       0.0000000
       682.82997       0.0000000
       691.45000       0.0000000
