      -309.17003       0.0000000
      -293.17003       0.0000000
      -277.17003       0.0000000
      -261.17003       0.0000000
      -245.17003       0.0000000
      -229.17003       0.0000000
      -213.17003       0.0000000
      -197.17003       0.0000000
      -181.17003       0.0000000
      -165.17003       0.0000000
      -149.17003       0.0000000
      -133.17003       3.3125000
      -117.17003       8.3750000
      -101.17003       8.5625000
      -85.170029       7.3125000
      -69.170029       7.8750000
      -53.170029       8.6875000
      -37.170029       7.2500000
      -21.170029       5.5000000
      -5.1700287       9.3750000
       10.829971       8.1875000
       26.829971       8.3125000
       42.829971       7.3750000
       58.829971       7.8125000
       74.829971       8.2500000
       90.829971       7.5625000
       106.82997       6.8125000
       122.82997       7.0000000
       138.82997       6.4375000
       154.82997       7.3125000
       170.82997       7.5625000
       186.82997       81.812500
       202.82997       108.18750
       218.82997       13.375000
       234.82997       8.3125000
       250.82997       7.8125000
       266.82997       8.0625000
       282.82997       7.5000000
       298.82997       8.4375000
       314.82997       6.6250000
       330.82997       7.2500000
       346.82997       7.9375000
       362.82997       8.1250000
       378.82997       6.6875000
       394.82997       7.9375000
       410.82997       7.6250000
       426.82997       7.1250000
       442.82997       6.6250000
       458.82997       6.0000000
       474.82997       5.8750000
       490.82997       0.0000000
       506.82997       0.0000000
       522.82997       0.0000000
       538.82997       0.0000000
       554.82997       0.0000000
       570.82997       0.0000000
       586.82997       0.0000000
       602.82997       0.0000000
       618.82997       0.0000000
       634.82997       0.0000000
       650.82997       0.0000000
       666.82997       0.0000000
       682.82997       0.0000000
       691.45000       0.0000000
