      -309.17003       0.0000000
      -293.17003       0.0000000
      -277.17003       0.0000000
      -261.17003       0.0000000
      -245.17003       0.0000000
      -229.17003       0.0000000
      -213.17003       0.0000000
      -197.17003       0.0000000
      -181.17003       0.0000000
      -165.17003       0.0000000
      -149.17003       0.0000000
      -133.17003       16.125000
      -117.17003       28.437500
      -101.17003       27.625000
      -85.170029       24.500000
      -69.170029       25.750000
      -53.170029       28.250000
      -37.170029       28.500000
      -21.170029       28.375000
      -5.1700287       33.562500
       10.829971       30.000000
       26.829971       28.875000
       42.829971       29.812500
       58.829971       28.812500
       74.829971       29.437500
       90.829971       30.562500
       106.82997       29.687500
       122.82997       28.437500
       138.82997       28.562500
       154.82997       27.062500
       170.82997       25.500000
       186.82997       87.500000
       202.82997       113.81250
       218.82997       36.187500
       234.82997       24.625000
       250.82997       23.312500
       266.82997       26.562500
       282.82997       25.687500
       298.82997       24.562500
       314.82997       23.937500
       330.82997       23.500000
       346.82997       27.687500
       362.82997       24.187500
       378.82997       24.875000
       394.82997       23.250000
       410.82997       28.375000
       426.82997       24.562500
       442.82997       22.312500
       458.82997       23.375000
       474.82997       19.812500
       490.82997       0.0000000
       506.82997       0.0000000
       522.82997       0.0000000
       538.82997       0.0000000
       554.82997       0.0000000
       570.82997       0.0000000
       586.82997       0.0000000
       602.82997       0.0000000
       618.82997       0.0000000
       634.82997       0.0000000
       650.82997       0.0000000
       666.82997       0.0000000
       682.82997       0.0000000
       691.45000       0.0000000
