      -309.17003       0.0000000
      -293.17003       0.0000000
      -277.17003       0.0000000
      -261.17003       0.0000000
      -245.17003       0.0000000
      -229.17003       0.0000000
      -213.17003       0.0000000
      -197.17003       0.0000000
      -181.17003       0.0000000
      -165.17003       0.0000000
      -149.17003       0.0000000
      -133.17003       5.3125000
      -117.17003       9.2500000
      -101.17003       10.937500
      -85.170029       9.4375000
      -69.170029       10.062500
      -53.170029       10.812500
      -37.170029       11.250000
      -21.170029       10.250000
      -5.1700287       14.187500
       10.829971       10.375000
       26.829971       9.7500000
       42.829971       10.625000
       58.829971       12.312500
       74.829971       11.000000
       90.829971       11.625000
       106.82997       10.062500
       122.82997       11.125000
       138.82997       9.6250000
       154.82997       10.812500
       170.82997       10.187500
       186.82997       77.875000
       202.82997       103.37500
       218.82997       17.187500
       234.82997       12.062500
       250.82997       9.0625000
       266.82997       9.6875000
       282.82997       10.187500
       298.82997       9.7500000
       314.82997       10.875000
       330.82997       8.2500000
       346.82997       9.7500000
       362.82997       9.8125000
       378.82997       10.937500
       394.82997       8.5000000
       410.82997       10.562500
       426.82997       10.062500
       442.82997       9.8125000
       458.82997       9.1250000
       474.82997       8.1875000
       490.82997       0.0000000
       506.82997       0.0000000
       522.82997       0.0000000
       538.82997       0.0000000
       554.82997       0.0000000
       570.82997       0.0000000
       586.82997       0.0000000
       602.82997       0.0000000
       618.82997       0.0000000
       634.82997       0.0000000
       650.82997       0.0000000
       666.82997       0.0000000
       682.82997       0.0000000
       691.45000       0.0000000
