      -309.17003       0.0000000
      -293.17003       0.0000000
      -277.17003       0.0000000
      -261.17003       0.0000000
      -245.17003       0.0000000
      -229.17003       0.0000000
      -213.17003       0.0000000
      -197.17003       0.0000000
      -181.17003       0.0000000
      -165.17003       0.0000000
      -149.17003       0.0000000
      -133.17003       20.500000
      -117.17003       33.812500
      -101.17003       32.812500
      -85.170029       32.625000
      -69.170029       34.062500
      -53.170029       31.812500
      -37.170029       30.375000
      -21.170029       34.812500
      -5.1700287       37.125000
       10.829971       33.750000
       26.829971       31.187500
       42.829971       31.937500
       58.829971       32.937500
       74.829971       32.062500
       90.829971       32.875000
       106.82997       32.812500
       122.82997       33.250000
       138.82997       32.687500
       154.82997       31.125000
       170.82997       33.437500
       186.82997       69.562500
       202.82997       93.750000
       218.82997       39.875000
       234.82997       30.937500
       250.82997       33.312500
       266.82997       29.375000
       282.82997       28.625000
       298.82997       32.625000
       314.82997       30.000000
       330.82997       30.250000
       346.82997       31.000000
       362.82997       27.875000
       378.82997       27.250000
       394.82997       30.250000
       410.82997       27.625000
       426.82997       25.937500
       442.82997       23.625000
       458.82997       27.062500
       474.82997       22.750000
       490.82997       0.0000000
       506.82997       0.0000000
       522.82997       0.0000000
       538.82997       0.0000000
       554.82997       0.0000000
       570.82997       0.0000000
       586.82997       0.0000000
       602.82997       0.0000000
       618.82997       0.0000000
       634.82997       0.0000000
       650.82997       0.0000000
       666.82997       0.0000000
       682.82997       0.0000000
       691.45000       0.0000000
