      -309.17003       0.0000000
      -293.17003       0.0000000
      -277.17003       0.0000000
      -261.17003       0.0000000
      -245.17003       0.0000000
      -229.17003       0.0000000
      -213.17003       0.0000000
      -197.17003       0.0000000
      -181.17003       0.0000000
      -165.17003       0.0000000
      -149.17003       0.0000000
      -133.17003       18.250000
      -117.17003       29.875000
      -101.17003       31.312500
      -85.170029       30.500000
      -69.170029       28.500000
      -53.170029       30.937500
      -37.170029       31.062500
      -21.170029       33.000000
      -5.1700287       31.437500
       10.829971       31.375000
       26.829971       31.562500
       42.829971       30.812500
       58.829971       32.937500
       74.829971       30.250000
       90.829971       29.437500
       106.82997       32.500000
       122.82997       32.812500
       138.82997       31.750000
       154.82997       32.437500
       170.82997       30.875000
       186.82997       67.062500
       202.82997       84.500000
       218.82997       39.000000
       234.82997       30.500000
       250.82997       27.062500
       266.82997       30.437500
       282.82997       30.312500
       298.82997       29.687500
       314.82997       29.875000
       330.82997       26.312500
       346.82997       25.812500
       362.82997       25.875000
       378.82997       26.937500
       394.82997       25.937500
       410.82997       26.312500
       426.82997       24.000000
       442.82997       24.312500
       458.82997       24.687500
       474.82997       22.875000
       490.82997       0.0000000
       506.82997       0.0000000
       522.82997       0.0000000
       538.82997       0.0000000
       554.82997       0.0000000
       570.82997       0.0000000
       586.82997       0.0000000
       602.82997       0.0000000
       618.82997       0.0000000
       634.82997       0.0000000
       650.82997       0.0000000
       666.82997       0.0000000
       682.82997       0.0000000
       691.45000       0.0000000
