      -309.17003       0.0000000
      -293.17003       0.0000000
      -277.17003       0.0000000
      -261.17003       0.0000000
      -245.17003       0.0000000
      -229.17003       0.0000000
      -213.17003       0.0000000
      -197.17003       0.0000000
      -181.17003       0.0000000
      -165.17003       0.0000000
      -149.17003       0.0000000
      -133.17003       31.562500
      -117.17003       56.500000
      -101.17003       56.687500
      -85.170029       58.125000
      -69.170029       58.937500
      -53.170029       57.875000
      -37.170029       58.500000
      -21.170029       57.000000
      -5.1700287       53.812500
       10.829971       52.750000
       26.829971       53.437500
       42.829971       52.312500
       58.829971       56.625000
       74.829971       53.312500
       90.829971       51.750000
       106.82997       55.250000
       122.82997       55.062500
       138.82997       56.750000
       154.82997       62.250000
       170.82997       59.312500
       186.82997       109.87500
       202.82997       89.875000
       218.82997       62.312500
       234.82997       60.062500
       250.82997       59.750000
       266.82997       62.625000
       282.82997       59.750000
       298.82997       59.750000
       314.82997       63.625000
       330.82997       61.125000
       346.82997       56.187500
       362.82997       59.937500
       378.82997       56.812500
       394.82997       61.062500
       410.82997       57.375000
       426.82997       60.125000
       442.82997       55.937500
       458.82997       58.437500
       474.82997       49.000000
       490.82997       0.0000000
       506.82997       0.0000000
       522.82997       0.0000000
       538.82997       0.0000000
       554.82997       0.0000000
       570.82997       0.0000000
       586.82997       0.0000000
       602.82997       0.0000000
       618.82997       0.0000000
       634.82997       0.0000000
       650.82997       0.0000000
       666.82997       0.0000000
       682.82997       0.0000000
       691.45000       0.0000000
