      -309.17003       0.0000000
      -293.17003       0.0000000
      -277.17003       0.0000000
      -261.17003       0.0000000
      -245.17003       0.0000000
      -229.17003       0.0000000
      -213.17003       0.0000000
      -197.17003       0.0000000
      -181.17003       0.0000000
      -165.17003       0.0000000
      -149.17003       0.0000000
      -133.17003       6.7500000
      -117.17003       11.687500
      -101.17003       10.625000
      -85.170029       10.812500
      -69.170029       11.500000
      -53.170029       12.750000
      -37.170029       12.437500
      -21.170029       11.500000
      -5.1700287       15.687500
       10.829971       12.625000
       26.829971       12.187500
       42.829971       12.812500
       58.829971       13.125000
       74.829971       12.687500
       90.829971       12.000000
       106.82997       13.625000
       122.82997       12.437500
       138.82997       10.625000
       154.82997       12.875000
       170.82997       12.750000
       186.82997       65.125000
       202.82997       92.812500
       218.82997       21.937500
       234.82997       11.750000
       250.82997       10.312500
       266.82997       11.562500
       282.82997       12.000000
       298.82997       11.937500
       314.82997       10.875000
       330.82997       10.812500
       346.82997       10.937500
       362.82997       11.750000
       378.82997       10.437500
       394.82997       12.437500
       410.82997       11.437500
       426.82997       11.062500
       442.82997       11.000000
       458.82997       10.625000
       474.82997       7.5625000
       490.82997       0.0000000
       506.82997       0.0000000
       522.82997       0.0000000
       538.82997       0.0000000
       554.82997       0.0000000
       570.82997       0.0000000
       586.82997       0.0000000
       602.82997       0.0000000
       618.82997       0.0000000
       634.82997       0.0000000
       650.82997       0.0000000
       666.82997       0.0000000
       682.82997       0.0000000
       691.45000       0.0000000
