      -309.17003       0.0000000
      -293.17003       0.0000000
      -277.17003       0.0000000
      -261.17003       0.0000000
      -245.17003       0.0000000
      -229.17003       0.0000000
      -213.17003       0.0000000
      -197.17003       0.0000000
      -181.17003       0.0000000
      -165.17003       0.0000000
      -149.17003       0.0000000
      -133.17003       17.000000
      -117.17003       32.625000
      -101.17003       34.937500
      -85.170029       33.937500
      -69.170029       33.062500
      -53.170029       30.812500
      -37.170029       33.812500
      -21.170029       32.812500
      -5.1700287       35.625000
       10.829971       33.562500
       26.829971       33.000000
       42.829971       35.000000
       58.829971       35.187500
       74.829971       33.687500
       90.829971       32.750000
       106.82997       35.937500
       122.82997       35.312500
       138.82997       34.187500
       154.82997       30.812500
       170.82997       34.250000
       186.82997       88.750000
       202.82997       115.62500
       218.82997       41.562500
       234.82997       31.375000
       250.82997       28.062500
       266.82997       28.812500
       282.82997       31.312500
       298.82997       28.312500
       314.82997       30.625000
       330.82997       27.375000
       346.82997       27.875000
       362.82997       28.812500
       378.82997       25.875000
       394.82997       28.625000
       410.82997       29.437500
       426.82997       27.000000
       442.82997       28.437500
       458.82997       26.312500
       474.82997       20.250000
       490.82997       0.0000000
       506.82997       0.0000000
       522.82997       0.0000000
       538.82997       0.0000000
       554.82997       0.0000000
       570.82997       0.0000000
       586.82997       0.0000000
       602.82997       0.0000000
       618.82997       0.0000000
       634.82997       0.0000000
       650.82997       0.0000000
       666.82997       0.0000000
       682.82997       0.0000000
       691.45000       0.0000000
