      -309.17003       0.0000000
      -293.17003       0.0000000
      -277.17003       0.0000000
      -261.17003       0.0000000
      -245.17003       0.0000000
      -229.17003       0.0000000
      -213.17003       0.0000000
      -197.17003       0.0000000
      -181.17003       0.0000000
      -165.17003       0.0000000
      -149.17003       0.0000000
      -133.17003       3.0000000
      -117.17003       6.0625000
      -101.17003       5.0625000
      -85.170029       5.6250000
      -69.170029       7.1250000
      -53.170029       5.6250000
      -37.170029       7.0625000
      -21.170029       5.3750000
      -5.1700287       6.0000000
       10.829971       6.0000000
       26.829971       5.7500000
       42.829971       5.5000000
       58.829971       6.0625000
       74.829971       6.7500000
       90.829971       6.5625000
       106.82997       5.9375000
       122.82997       4.6875000
       138.82997       5.9375000
       154.82997       5.6875000
       170.82997       6.4375000
       186.82997       78.562500
       202.82997       101.50000
       218.82997       12.437500
       234.82997       5.6250000
       250.82997       5.5625000
       266.82997       6.3750000
       282.82997       5.0625000
       298.82997       6.2500000
       314.82997       6.4375000
       330.82997       5.1875000
       346.82997       5.6875000
       362.82997       5.4375000
       378.82997       6.5625000
       394.82997       6.8125000
       410.82997       5.2500000
       426.82997       5.6250000
       442.82997       5.5625000
       458.82997       6.4375000
       474.82997       4.3750000
       490.82997       0.0000000
       506.82997       0.0000000
       522.82997       0.0000000
       538.82997       0.0000000
       554.82997       0.0000000
       570.82997       0.0000000
       586.82997       0.0000000
       602.82997       0.0000000
       618.82997       0.0000000
       634.82997       0.0000000
       650.82997       0.0000000
       666.82997       0.0000000
       682.82997       0.0000000
       691.45000       0.0000000
