      -309.17003       0.0000000
      -293.17003       0.0000000
      -277.17003       0.0000000
      -261.17003       0.0000000
      -245.17003       0.0000000
      -229.17003       0.0000000
      -213.17003       0.0000000
      -197.17003       0.0000000
      -181.17003       0.0000000
      -165.17003       0.0000000
      -149.17003       0.0000000
      -133.17003       8.4375000
      -117.17003       14.250000
      -101.17003       14.062500
      -85.170029       12.937500
      -69.170029       14.625000
      -53.170029       14.375000
      -37.170029       13.500000
      -21.170029       16.500000
      -5.1700287       17.250000
       10.829971       14.000000
       26.829971       13.875000
       42.829971       15.062500
       58.829971       16.187500
       74.829971       16.000000
       90.829971       15.437500
       106.82997       14.562500
       122.82997       13.562500
       138.82997       12.250000
       154.82997       12.812500
       170.82997       13.312500
       186.82997       69.625000
       202.82997       85.062500
       218.82997       20.437500
       234.82997       12.750000
       250.82997       13.500000
       266.82997       12.062500
       282.82997       12.812500
       298.82997       13.187500
       314.82997       12.125000
       330.82997       12.875000
       346.82997       12.500000
       362.82997       12.125000
       378.82997       13.062500
       394.82997       14.062500
       410.82997       13.000000
       426.82997       13.062500
       442.82997       13.562500
       458.82997       12.437500
       474.82997       10.812500
       490.82997       0.0000000
       506.82997       0.0000000
       522.82997       0.0000000
       538.82997       0.0000000
       554.82997       0.0000000
       570.82997       0.0000000
       586.82997       0.0000000
       602.82997       0.0000000
       618.82997       0.0000000
       634.82997       0.0000000
       650.82997       0.0000000
       666.82997       0.0000000
       682.82997       0.0000000
       691.45000       0.0000000
