      -309.17003       0.0000000
      -293.17003       0.0000000
      -277.17003       0.0000000
      -261.17003       0.0000000
      -245.17003       0.0000000
      -229.17003       0.0000000
      -213.17003       0.0000000
      -197.17003       0.0000000
      -181.17003       0.0000000
      -165.17003       0.0000000
      -149.17003       0.0000000
      -133.17003       16.812500
      -117.17003       27.812500
      -101.17003       25.437500
      -85.170029       27.125000
      -69.170029       26.625000
      -53.170029       27.437500
      -37.170029       24.312500
      -21.170029       25.687500
      -5.1700287       27.000000
       10.829971       27.125000
       26.829971       26.812500
       42.829971       28.750000
       58.829971       26.062500
       74.829971       28.687500
       90.829971       28.125000
       106.82997       26.500000
       122.82997       27.250000
       138.82997       27.562500
       154.82997       26.437500
       170.82997       27.125000
       186.82997       60.250000
       202.82997       69.875000
       218.82997       32.562500
       234.82997       26.312500
       250.82997       27.937500
       266.82997       25.375000
       282.82997       26.125000
       298.82997       25.437500
       314.82997       24.375000
       330.82997       26.562500
       346.82997       26.437500
       362.82997       24.250000
       378.82997       23.937500
       394.82997       24.250000
       410.82997       20.625000
       426.82997       21.875000
       442.82997       22.062500
       458.82997       22.687500
       474.82997       17.937500
       490.82997       0.0000000
       506.82997       0.0000000
       522.82997       0.0000000
       538.82997       0.0000000
       554.82997       0.0000000
       570.82997       0.0000000
       586.82997       0.0000000
       602.82997       0.0000000
       618.82997       0.0000000
       634.82997       0.0000000
       650.82997       0.0000000
       666.82997       0.0000000
       682.82997       0.0000000
       691.45000       0.0000000
