      -309.17003       0.0000000
      -293.17003       0.0000000
      -277.17003       0.0000000
      -261.17003       0.0000000
      -245.17003       0.0000000
      -229.17003       0.0000000
      -213.17003       0.0000000
      -197.17003       0.0000000
      -181.17003       0.0000000
      -165.17003       0.0000000
      -149.17003       0.0000000
      -133.17003       13.000000
      -117.17003       24.812500
      -101.17003       24.125000
      -85.170029       23.875000
      -69.170029       25.250000
      -53.170029       23.187500
      -37.170029       24.062500
      -21.170029       23.562500
      -5.1700287       27.437500
       10.829971       25.250000
       26.829971       24.687500
       42.829971       25.375000
       58.829971       27.812500
       74.829971       24.812500
       90.829971       27.687500
       106.82997       24.687500
       122.82997       24.437500
       138.82997       26.562500
       154.82997       25.250000
       170.82997       26.562500
       186.82997       83.875000
       202.82997       114.75000
       218.82997       34.125000
       234.82997       24.250000
       250.82997       20.750000
       266.82997       21.687500
       282.82997       22.937500
       298.82997       23.562500
       314.82997       20.750000
       330.82997       21.125000
       346.82997       20.437500
       362.82997       22.062500
       378.82997       22.062500
       394.82997       20.875000
       410.82997       21.937500
       426.82997       19.937500
       442.82997       21.125000
       458.82997       23.062500
       474.82997       18.625000
       490.82997       0.0000000
       506.82997       0.0000000
       522.82997       0.0000000
       538.82997       0.0000000
       554.82997       0.0000000
       570.82997       0.0000000
       586.82997       0.0000000
       602.82997       0.0000000
       618.82997       0.0000000
       634.82997       0.0000000
       650.82997       0.0000000
       666.82997       0.0000000
       682.82997       0.0000000
       691.45000       0.0000000
