      -309.17003       0.0000000
      -293.17003       0.0000000
      -277.17003       0.0000000
      -261.17003       0.0000000
      -245.17003       0.0000000
      -229.17003       0.0000000
      -213.17003       0.0000000
      -197.17003       0.0000000
      -181.17003       0.0000000
      -165.17003       0.0000000
      -149.17003       0.0000000
      -133.17003       14.875000
      -117.17003       27.125000
      -101.17003       30.187500
      -85.170029       30.937500
      -69.170029       29.250000
      -53.170029       28.250000
      -37.170029       30.250000
      -21.170029       27.750000
      -5.1700287       35.812500
       10.829971       29.250000
       26.829971       29.062500
       42.829971       28.812500
       58.829971       27.875000
       74.829971       28.125000
       90.829971       27.500000
       106.82997       31.000000
       122.82997       28.562500
       138.82997       31.312500
       154.82997       29.250000
       170.82997       27.250000
       186.82997       94.062500
       202.82997       124.18750
       218.82997       39.562500
       234.82997       28.125000
       250.82997       26.625000
       266.82997       25.625000
       282.82997       25.125000
       298.82997       27.062500
       314.82997       26.312500
       330.82997       25.875000
       346.82997       25.500000
       362.82997       26.687500
       378.82997       26.125000
       394.82997       27.312500
       410.82997       23.875000
       426.82997       23.062500
       442.82997       26.375000
       458.82997       23.125000
       474.82997       20.687500
       490.82997       0.0000000
       506.82997       0.0000000
       522.82997       0.0000000
       538.82997       0.0000000
       554.82997       0.0000000
       570.82997       0.0000000
       586.82997       0.0000000
       602.82997       0.0000000
       618.82997       0.0000000
       634.82997       0.0000000
       650.82997       0.0000000
       666.82997       0.0000000
       682.82997       0.0000000
       691.45000       0.0000000
