      -309.17003       0.0000000
      -293.17003       0.0000000
      -277.17003       0.0000000
      -261.17003       0.0000000
      -245.17003       0.0000000
      -229.17003       0.0000000
      -213.17003       0.0000000
      -197.17003       0.0000000
      -181.17003       0.0000000
      -165.17003       0.0000000
      -149.17003       0.0000000
      -133.17003       9.0000000
      -117.17003       17.437500
      -101.17003       15.750000
      -85.170029       16.250000
      -69.170029       16.625000
      -53.170029       14.062500
      -37.170029       14.000000
      -21.170029       13.312500
      -5.1700287       17.187500
       10.829971       15.500000
       26.829971       14.500000
       42.829971       16.375000
       58.829971       15.062500
       74.829971       16.125000
       90.829971       15.312500
       106.82997       16.312500
       122.82997       16.812500
       138.82997       15.312500
       154.82997       15.125000
       170.82997       15.437500
       186.82997       35.437500
       202.82997       42.437500
       218.82997       19.937500
       234.82997       17.562500
       250.82997       16.250000
       266.82997       15.250000
       282.82997       15.750000
       298.82997       14.937500
       314.82997       15.125000
       330.82997       13.625000
       346.82997       14.312500
       362.82997       16.375000
       378.82997       14.312500
       394.82997       14.437500
       410.82997       12.625000
       426.82997       12.687500
       442.82997       14.312500
       458.82997       12.000000
       474.82997       11.625000
       490.82997       0.0000000
       506.82997       0.0000000
       522.82997       0.0000000
       538.82997       0.0000000
       554.82997       0.0000000
       570.82997       0.0000000
       586.82997       0.0000000
       602.82997       0.0000000
       618.82997       0.0000000
       634.82997       0.0000000
       650.82997       0.0000000
       666.82997       0.0000000
       682.82997       0.0000000
       691.45000       0.0000000
