      -309.17003       0.0000000
      -293.17003       0.0000000
      -277.17003       0.0000000
      -261.17003       0.0000000
      -245.17003       0.0000000
      -229.17003       0.0000000
      -213.17003       0.0000000
      -197.17003       0.0000000
      -181.17003       0.0000000
      -165.17003       0.0000000
      -149.17003       0.0000000
      -133.17003       5.1875000
      -117.17003       9.5625000
      -101.17003       10.375000
      -85.170029       11.750000
      -69.170029       11.312500
      -53.170029       9.7500000
      -37.170029       10.187500
      -21.170029       11.687500
      -5.1700287       12.437500
       10.829971       10.125000
       26.829971       9.4375000
       42.829971       11.187500
       58.829971       10.875000
       74.829971       10.750000
       90.829971       10.312500
       106.82997       9.6875000
       122.82997       10.000000
       138.82997       11.375000
       154.82997       10.125000
       170.82997       10.250000
       186.82997       84.250000
       202.82997       101.12500
       218.82997       17.625000
       234.82997       12.000000
       250.82997       11.750000
       266.82997       10.250000
       282.82997       10.000000
       298.82997       10.687500
       314.82997       11.250000
       330.82997       11.062500
       346.82997       10.250000
       362.82997       10.437500
       378.82997       10.875000
       394.82997       10.000000
       410.82997       9.3125000
       426.82997       9.6250000
       442.82997       9.5625000
       458.82997       9.4375000
       474.82997       8.3125000
       490.82997       0.0000000
       506.82997       0.0000000
       522.82997       0.0000000
       538.82997       0.0000000
       554.82997       0.0000000
       570.82997       0.0000000
       586.82997       0.0000000
       602.82997       0.0000000
       618.82997       0.0000000
       634.82997       0.0000000
       650.82997       0.0000000
       666.82997       0.0000000
       682.82997       0.0000000
       691.45000       0.0000000
