      -309.17003       0.0000000
      -293.17003       0.0000000
      -277.17003       0.0000000
      -261.17003       0.0000000
      -245.17003       0.0000000
      -229.17003       0.0000000
      -213.17003       0.0000000
      -197.17003       0.0000000
      -181.17003       0.0000000
      -165.17003       0.0000000
      -149.17003       0.0000000
      -133.17003       15.437500
      -117.17003       30.375000
      -101.17003       30.250000
      -85.170029       26.875000
      -69.170029       28.812500
      -53.170029       31.625000
      -37.170029       30.437500
      -21.170029       30.625000
      -5.1700287       34.687500
       10.829971       29.750000
       26.829971       32.875000
       42.829971       30.250000
       58.829971       32.562500
       74.829971       32.812500
       90.829971       30.125000
       106.82997       30.562500
       122.82997       32.562500
       138.82997       29.500000
       154.82997       30.375000
       170.82997       29.625000
       186.82997       84.937500
       202.82997       115.50000
       218.82997       39.312500
       234.82997       28.312500
       250.82997       27.437500
       266.82997       27.750000
       282.82997       27.125000
       298.82997       25.062500
       314.82997       27.750000
       330.82997       27.062500
       346.82997       26.000000
       362.82997       24.750000
       378.82997       23.437500
       394.82997       24.875000
       410.82997       25.125000
       426.82997       22.937500
       442.82997       25.875000
       458.82997       25.250000
       474.82997       19.687500
       490.82997       0.0000000
       506.82997       0.0000000
       522.82997       0.0000000
       538.82997       0.0000000
       554.82997       0.0000000
       570.82997       0.0000000
       586.82997       0.0000000
       602.82997       0.0000000
       618.82997       0.0000000
       634.82997       0.0000000
       650.82997       0.0000000
       666.82997       0.0000000
       682.82997       0.0000000
       691.45000       0.0000000
