      -309.17003       0.0000000
      -293.17003       0.0000000
      -277.17003       0.0000000
      -261.17003       0.0000000
      -245.17003       0.0000000
      -229.17003       0.0000000
      -213.17003       0.0000000
      -197.17003       0.0000000
      -181.17003       0.0000000
      -165.17003       0.0000000
      -149.17003       0.0000000
      -133.17003       4.3125000
      -117.17003       9.4375000
      -101.17003       8.8750000
      -85.170029       8.5625000
      -69.170029       9.3125000
      -53.170029       9.6250000
      -37.170029       8.5000000
      -21.170029       9.5000000
      -5.1700287       10.187500
       10.829971       8.5000000
       26.829971       8.1875000
       42.829971       9.1250000
       58.829971       9.5625000
       74.829971       9.8750000
       90.829971       8.6250000
       106.82997       8.0000000
       122.82997       8.5000000
       138.82997       9.1875000
       154.82997       9.7500000
       170.82997       9.0000000
       186.82997       76.937500
       202.82997       100.87500
       218.82997       14.687500
       234.82997       8.7500000
       250.82997       8.8125000
       266.82997       8.8750000
       282.82997       8.9375000
       298.82997       8.8125000
       314.82997       7.5000000
       330.82997       6.3125000
       346.82997       7.1875000
       362.82997       8.5000000
       378.82997       9.2500000
       394.82997       8.0625000
       410.82997       8.1250000
       426.82997       7.8750000
       442.82997       9.1875000
       458.82997       7.5625000
       474.82997       6.8125000
       490.82997       0.0000000
       506.82997       0.0000000
       522.82997       0.0000000
       538.82997       0.0000000
       554.82997       0.0000000
       570.82997       0.0000000
       586.82997       0.0000000
       602.82997       0.0000000
       618.82997       0.0000000
       634.82997       0.0000000
       650.82997       0.0000000
       666.82997       0.0000000
       682.82997       0.0000000
       691.45000       0.0000000
