      -309.17003       0.0000000
      -293.17003       0.0000000
      -277.17003       0.0000000
      -261.17003       0.0000000
      -245.17003       0.0000000
      -229.17003       0.0000000
      -213.17003       0.0000000
      -197.17003       0.0000000
      -181.17003       0.0000000
      -165.17003       0.0000000
      -149.17003       0.0000000
      -133.17003       11.875000
      -117.17003       19.437500
      -101.17003       19.437500
      -85.170029       17.250000
      -69.170029       21.125000
      -53.170029       18.812500
      -37.170029       20.250000
      -21.170029       18.875000
      -5.1700287       22.812500
       10.829971       17.812500
       26.829971       22.812500
       42.829971       18.812500
       58.829971       19.000000
       74.829971       19.562500
       90.829971       19.812500
       106.82997       18.125000
       122.82997       19.937500
       138.82997       16.125000
       154.82997       20.375000
       170.82997       17.687500
       186.82997       71.062500
       202.82997       93.812500
       218.82997       26.500000
       234.82997       17.875000
       250.82997       18.812500
       266.82997       18.250000
       282.82997       18.812500
       298.82997       19.437500
       314.82997       18.562500
       330.82997       17.562500
       346.82997       18.500000
       362.82997       17.000000
       378.82997       16.187500
       394.82997       18.250000
       410.82997       17.062500
       426.82997       16.375000
       442.82997       19.125000
       458.82997       15.000000
       474.82997       14.875000
       490.82997       0.0000000
       506.82997       0.0000000
       522.82997       0.0000000
       538.82997       0.0000000
       554.82997       0.0000000
       570.82997       0.0000000
       586.82997       0.0000000
       602.82997       0.0000000
       618.82997       0.0000000
       634.82997       0.0000000
       650.82997       0.0000000
       666.82997       0.0000000
       682.82997       0.0000000
       691.45000       0.0000000
