      -309.17003       0.0000000
      -293.17003       0.0000000
      -277.17003       0.0000000
      -261.17003       0.0000000
      -245.17003       0.0000000
      -229.17003       0.0000000
      -213.17003       0.0000000
      -197.17003       0.0000000
      -181.17003       0.0000000
      -165.17003       0.0000000
      -149.17003       0.0000000
      -133.17003       19.812500
      -117.17003       36.937500
      -101.17003       36.812500
      -85.170029       36.562500
      -69.170029       35.875000
      -53.170029       34.062500
      -37.170029       33.437500
      -21.170029       35.625000
      -5.1700287       37.625000
       10.829971       34.250000
       26.829971       35.750000
       42.829971       37.437500
       58.829971       37.000000
       74.829971       36.187500
       90.829971       36.625000
       106.82997       35.437500
       122.82997       37.250000
       138.82997       34.625000
       154.82997       37.937500
       170.82997       34.312500
       186.82997       77.812500
       202.82997       102.56250
       218.82997       43.625000
       234.82997       35.437500
       250.82997       33.437500
       266.82997       31.937500
       282.82997       31.625000
       298.82997       30.625000
       314.82997       31.437500
       330.82997       29.562500
       346.82997       31.625000
       362.82997       29.750000
       378.82997       27.625000
       394.82997       29.250000
       410.82997       28.937500
       426.82997       28.375000
       442.82997       26.875000
       458.82997       27.875000
       474.82997       22.875000
       490.82997       0.0000000
       506.82997       0.0000000
       522.82997       0.0000000
       538.82997       0.0000000
       554.82997       0.0000000
       570.82997       0.0000000
       586.82997       0.0000000
       602.82997       0.0000000
       618.82997       0.0000000
       634.82997       0.0000000
       650.82997       0.0000000
       666.82997       0.0000000
       682.82997       0.0000000
       691.45000       0.0000000
