      -309.17003       0.0000000
      -293.17003       0.0000000
      -277.17003       0.0000000
      -261.17003       0.0000000
      -245.17003       0.0000000
      -229.17003       0.0000000
      -213.17003       0.0000000
      -197.17003       0.0000000
      -181.17003       0.0000000
      -165.17003       0.0000000
      -149.17003       0.0000000
      -133.17003       3.4375000
      -117.17003       6.0625000
      -101.17003       5.4375000
      -85.170029       5.6875000
      -69.170029       5.3125000
      -53.170029       6.1875000
      -37.170029       5.6250000
      -21.170029       5.7500000
      -5.1700287       7.6250000
       10.829971       4.7500000
       26.829971       5.8750000
       42.829971       5.5000000
       58.829971       6.3125000
       74.829971       6.0000000
       90.829971       6.3125000
       106.82997       6.1875000
       122.82997       5.2500000
       138.82997       4.3750000
       154.82997       5.3750000
       170.82997       6.6875000
       186.82997       72.250000
       202.82997       95.625000
       218.82997       11.187500
       234.82997       5.6250000
       250.82997       5.8125000
       266.82997       5.6875000
       282.82997       6.5000000
       298.82997       5.6250000
       314.82997       5.3750000
       330.82997       6.5000000
       346.82997       6.1875000
       362.82997       5.6875000
       378.82997       5.0000000
       394.82997       5.6250000
       410.82997       5.1875000
       426.82997       5.2500000
       442.82997       5.2500000
       458.82997       5.2500000
       474.82997       4.2500000
       490.82997       0.0000000
       506.82997       0.0000000
       522.82997       0.0000000
       538.82997       0.0000000
       554.82997       0.0000000
       570.82997       0.0000000
       586.82997       0.0000000
       602.82997       0.0000000
       618.82997       0.0000000
       634.82997       0.0000000
       650.82997       0.0000000
       666.82997       0.0000000
       682.82997       0.0000000
       691.45000       0.0000000
