      -309.17003       0.0000000
      -293.17003       0.0000000
      -277.17003       0.0000000
      -261.17003       0.0000000
      -245.17003       0.0000000
      -229.17003       0.0000000
      -213.17003       0.0000000
      -197.17003       0.0000000
      -181.17003       0.0000000
      -165.17003       0.0000000
      -149.17003       0.0000000
      -133.17003       5.1250000
      -117.17003       9.2500000
      -101.17003       10.187500
      -85.170029       10.375000
      -69.170029       9.6250000
      -53.170029       10.000000
      -37.170029       9.6250000
      -21.170029       7.4375000
      -5.1700287       9.0000000
       10.829971       9.0000000
       26.829971       9.1250000
       42.829971       9.3125000
       58.829971       9.5000000
       74.829971       9.9375000
       90.829971       9.1875000
       106.82997       8.3750000
       122.82997       7.5000000
       138.82997       9.9375000
       154.82997       10.812500
       170.82997       10.437500
       186.82997       23.875000
       202.82997       30.500000
       218.82997       13.000000
       234.82997       9.8750000
       250.82997       9.9375000
       266.82997       8.8750000
       282.82997       8.8750000
       298.82997       8.5000000
       314.82997       9.0625000
       330.82997       8.5625000
       346.82997       7.6875000
       362.82997       9.4375000
       378.82997       7.9375000
       394.82997       9.6875000
       410.82997       7.5625000
       426.82997       8.0000000
       442.82997       8.3750000
       458.82997       7.6875000
       474.82997       6.3125000
       490.82997       0.0000000
       506.82997       0.0000000
       522.82997       0.0000000
       538.82997       0.0000000
       554.82997       0.0000000
       570.82997       0.0000000
       586.82997       0.0000000
       602.82997       0.0000000
       618.82997       0.0000000
       634.82997       0.0000000
       650.82997       0.0000000
       666.82997       0.0000000
       682.82997       0.0000000
       691.45000       0.0000000
