      -309.17003       0.0000000
      -293.17003       0.0000000
      -277.17003       0.0000000
      -261.17003       0.0000000
      -245.17003       0.0000000
      -229.17003       0.0000000
      -213.17003       0.0000000
      -197.17003       0.0000000
      -181.17003       0.0000000
      -165.17003       0.0000000
      -149.17003       0.0000000
      -133.17003       10.500000
      -117.17003       19.687500
      -101.17003       20.437500
      -85.170029       18.312500
      -69.170029       20.000000
      -53.170029       18.812500
      -37.170029       17.562500
      -21.170029       17.625000
      -5.1700287       20.000000
       10.829971       18.000000
       26.829971       18.375000
       42.829971       18.562500
       58.829971       20.000000
       74.829971       17.000000
       90.829971       18.937500
       106.82997       18.062500
       122.82997       19.125000
       138.82997       18.812500
       154.82997       19.312500
       170.82997       19.250000
       186.82997       40.937500
       202.82997       52.750000
       218.82997       24.437500
       234.82997       20.250000
       250.82997       17.875000
       266.82997       19.625000
       282.82997       17.937500
       298.82997       18.437500
       314.82997       16.625000
       330.82997       19.125000
       346.82997       17.500000
       362.82997       18.125000
       378.82997       18.000000
       394.82997       17.875000
       410.82997       17.000000
       426.82997       17.250000
       442.82997       16.125000
       458.82997       15.875000
       474.82997       12.062500
       490.82997       0.0000000
       506.82997       0.0000000
       522.82997       0.0000000
       538.82997       0.0000000
       554.82997       0.0000000
       570.82997       0.0000000
       586.82997       0.0000000
       602.82997       0.0000000
       618.82997       0.0000000
       634.82997       0.0000000
       650.82997       0.0000000
       666.82997       0.0000000
       682.82997       0.0000000
       691.45000       0.0000000
