      -309.17003       0.0000000
      -293.17003       0.0000000
      -277.17003       0.0000000
      -261.17003       0.0000000
      -245.17003       0.0000000
      -229.17003       0.0000000
      -213.17003       0.0000000
      -197.17003       0.0000000
      -181.17003       0.0000000
      -165.17003       0.0000000
      -149.17003       0.0000000
      -133.17003       4.7500000
      -117.17003       10.312500
      -101.17003       11.625000
      -85.170029       12.500000
      -69.170029       10.187500
      -53.170029       12.250000
      -37.170029       10.625000
      -21.170029       11.812500
      -5.1700287       15.062500
       10.829971       10.187500
       26.829971       10.875000
       42.829971       11.000000
       58.829971       11.125000
       74.829971       10.062500
       90.829971       11.062500
       106.82997       12.562500
       122.82997       12.125000
       138.82997       12.687500
       154.82997       9.6875000
       170.82997       10.687500
       186.82997       69.750000
       202.82997       98.500000
       218.82997       19.687500
       234.82997       12.312500
       250.82997       10.687500
       266.82997       12.312500
       282.82997       10.625000
       298.82997       9.8125000
       314.82997       9.5000000
       330.82997       10.562500
       346.82997       9.3125000
       362.82997       11.000000
       378.82997       10.000000
       394.82997       10.000000
       410.82997       9.9375000
       426.82997       10.812500
       442.82997       10.375000
       458.82997       9.8750000
       474.82997       8.4375000
       490.82997       0.0000000
       506.82997       0.0000000
       522.82997       0.0000000
       538.82997       0.0000000
       554.82997       0.0000000
       570.82997       0.0000000
       586.82997       0.0000000
       602.82997       0.0000000
       618.82997       0.0000000
       634.82997       0.0000000
       650.82997       0.0000000
       666.82997       0.0000000
       682.82997       0.0000000
       691.45000       0.0000000
