      -309.17003       0.0000000
      -293.17003       0.0000000
      -277.17003       0.0000000
      -261.17003       0.0000000
      -245.17003       0.0000000
      -229.17003       0.0000000
      -213.17003       0.0000000
      -197.17003       0.0000000
      -181.17003       0.0000000
      -165.17003       0.0000000
      -149.17003       0.0000000
      -133.17003       8.4375000
      -117.17003       13.437500
      -101.17003       13.562500
      -85.170029       14.062500
      -69.170029       11.687500
      -53.170029       13.250000
      -37.170029       12.562500
      -21.170029       12.187500
      -5.1700287       12.875000
       10.829971       13.500000
       26.829971       11.937500
       42.829971       12.687500
       58.829971       12.687500
       74.829971       9.6250000
       90.829971       11.187500
       106.82997       13.000000
       122.82997       11.875000
       138.82997       12.812500
       154.82997       13.687500
       170.82997       13.250000
       186.82997       19.750000
       202.82997       15.250000
       218.82997       13.312500
       234.82997       14.875000
       250.82997       15.062500
       266.82997       12.875000
       282.82997       13.687500
       298.82997       14.250000
       314.82997       13.250000
       330.82997       14.812500
       346.82997       14.312500
       362.82997       14.000000
       378.82997       16.062500
       394.82997       15.125000
       410.82997       15.437500
       426.82997       12.812500
       442.82997       12.625000
       458.82997       14.062500
       474.82997       10.500000
       490.82997       0.0000000
       506.82997       0.0000000
       522.82997       0.0000000
       538.82997       0.0000000
       554.82997       0.0000000
       570.82997       0.0000000
       586.82997       0.0000000
       602.82997       0.0000000
       618.82997       0.0000000
       634.82997       0.0000000
       650.82997       0.0000000
       666.82997       0.0000000
       682.82997       0.0000000
       691.45000       0.0000000
