-0.449539901534375
0.0495504759741376
-0.201997200984259
0.358229630711694
0.230121326871355
-0.211440478691738
-0.0290629144099376
0.152181996971062
-0.167718622867757
0.448801336081775
-0.248101639370289
0.0543188950386813
-0.143614603941439
-0.0290307164085755
-0.351546485742833
0.389189579411163
0.130955180988846
0.498919357178875
-0.0693787540358419
-0.324033000804113
0.234746794103698
-0.0183291995331867
-0.0210801693309586
-0.523796255228067
0.223318973484715
0.345196097532005
-0.220570574441168
-0.161217143734322
0.148669677060686
-0.165392162009655
-0.477843965635017
0.524339015418205
0.0290723910997639
0.224097510939767
-0.015564329280229
0.122368170270809
-0.487554956319924
0.029021215648106
-0.391184940878371
