0.949539901534375
0.950449524025862
0.951997200984259
0.954270369288306
0.957378673128645
0.961440478691738
0.966562914409938
0.972818003028938
0.980218622867757
0.988698663918225
0.998101639370289
1.00818110496132
1.01861460394144
1.02903071640858
1.03904648574283
1.04831042058884
1.05654481901115
1.06358064282113
1.06937875403584
1.07403300080411
1.0777532058963
1.08082919953319
1.08358016933096
1.08629625522807
1.08918102651529
1.09230390246799
1.09557057444117
1.09871714373432
1.10133032293931
1.10289216200965
1.10284396563502
1.10066098458179
1.09592760890024
1.08840248906023
1.07806432928023
1.06513182972919
1.05005495631992
1.03347878435189
1.01618494087837
