9.35470617949301
9.33957072564932
9.31654020675377
9.28698926061807
9.25260207031184
9.21525897577658
9.17690757364929
9.13942816646986
9.10450392263041
9.07350579565301
9.04740113132707
9.02669300399883
9.0113947599504
9.00104117162729
8.99473427849296
8.99121875545737
8.98897891441305
8.98634761351281
8.98161674528692
8.9731397558317
8.95941874227452
8.93915121668183
8.91137955790365
8.87531417175645
8.83055455814474
8.77699521968706
8.71485351414708
8.64467913662224
8.56736612278376
8.48416412930536
8.39668259082659
8.30687942477351
8.21702584089152
8.12964074563044
8.04739202836596
7.97296709258723
7.90892046935419
7.8575112119752
7.82054607812429
