               -133.17002868652343750000                  4.31250000000000000000                 -5.04220628738403320312                  9.35470581054687500000
               -117.17002868652343750000                  9.43750000000000000000                  0.09792927652597427368                  9.33957099914550781250
               -101.17002868652343750000                  8.87500000000000000000                 -0.44154021143913269043                  9.31653976440429687500
                -85.17002868652343750000                  8.56250000000000000000                 -0.72448927164077758789                  9.28698921203613281250
                -69.17002868652343750000                  9.31250000000000000000                  0.05989792943000793457                  9.25260162353515625000
                -53.17002868652343750000                  9.62500000000000000000                  0.40974101424217224121                  9.21525859832763671875
                -37.17002868652343750000                  8.50000000000000000000                 -0.67690759897232055664                  9.17690753936767578125
                -21.17002868652343750000                  9.50000000000000000000                  0.36057183146476745605                  9.13942813873291015625
                 -5.17002868652343750000                 10.18750000000000000000                  1.08299612998962402344                  9.10450363159179687500
                 10.82997131347656250000                  8.50000000000000000000                 -0.57350581884384155273                  9.07350540161132812500
                 26.82997131347656250000                  8.18750000000000000000                 -0.85990113019943237305                  9.04740142822265625000
                 42.82997131347656250000                  9.12500000000000000000                  0.09830699861049652100                  9.02669334411621093750
                 58.82997131347656250000                  9.56250000000000000000                  0.55110526084899902344                  9.01139450073242187500
                 74.82997131347656250000                  9.87500000000000000000                  0.87395882606506347656                  9.00104141235351562500
                 90.82997131347656250000                  8.62500000000000000000                 -0.36973428726196289062                  8.99473381042480468750
                106.82997131347656250000                  8.00000000000000000000                 -0.99121874570846557617                  8.99121856689453125000
                122.82997131347656250000                  8.50000000000000000000                 -0.48897892236709594727                  8.98897933959960937500
                138.82997131347656250000                  9.18750000000000000000                  0.20115238428115844727                  8.98634719848632812500
                154.82997131347656250000                  9.75000000000000000000                  0.76838326454162597656                  8.98161697387695312500
                170.82997131347656250000                  9.00000000000000000000                  0.02686024457216262817                  8.97313976287841796875
                186.82997131347656250000                 76.93750000000000000000                 67.97808074951171875000                  8.95941829681396484375
                202.82997131347656250000                100.87500000000000000000                 91.93585205078125000000                  8.93915081024169921875
                218.82997131347656250000                 14.68750000000000000000                  5.77612066268920898438                  8.91137981414794921875
                234.82997131347656250000                  8.75000000000000000000                 -0.12531417608261108398                  8.87531375885009765625
                250.82997131347656250000                  8.81250000000000000000                 -0.01805455796420574188                  8.83055496215820312500
                266.82997131347656250000                  8.87500000000000000000                  0.09800478070974349976                  8.77699565887451171875
                282.82997131347656250000                  8.93750000000000000000                  0.22264648973941802979                  8.71485328674316406250
                298.82997131347656250000                  8.81250000000000000000                  0.16782085597515106201                  8.64467906951904296875
                314.82997131347656250000                  7.50000000000000000000                 -1.06736612319946289062                  8.56736564636230468750
                330.82997131347656250000                  6.31250000000000000000                 -2.17166423797607421875                  8.48416423797607421875
                346.82997131347656250000                  7.18750000000000000000                 -1.20918262004852294922                  8.39668273925781250000
                362.82997131347656250000                  8.50000000000000000000                  0.19312056899070739746                  8.30687904357910156250
                378.82997131347656250000                  9.25000000000000000000                  1.03297412395477294922                  8.21702575683593750000
                394.82997131347656250000                  8.06250000000000000000                 -0.06714074313640594482                  8.12964057922363281250
                410.82997131347656250000                  8.12500000000000000000                  0.07760797441005706787                  8.04739189147949218750
                426.82997131347656250000                  7.87500000000000000000                 -0.09796709567308425903                  7.97296714782714843750
                442.82997131347656250000                  9.18750000000000000000                  1.27857947349548339844                  7.90892028808593750000
                458.82997131347656250000                  7.56250000000000000000                 -0.29501122236251831055                  7.85751104354858398438
                474.82997131347656250000                  6.81250000000000000000                 -1.00804603099822998047                  7.82054615020751953125
