-0.963055130912261
0.113158919963755
0.396744521895592
-0.0469553839673909
0.156588549759021
0.565704202756958
-0.0148672859924357
0.966700928387301
-0.68947700467403
0.129112229647434
0.53670282889454
0.401024082461522
-1.03024971612814
0.683875005823747
-0.884671603652208
0.341262073423851
-0.807447918176074
-0.248304496916771
-0.962121132594285
-0.932942258088966
39.6623947740298
44.0778553622931
0.685163368115347
-0.713309954185959
0.491709646325365
-0.969171404345317
-0.866697381063382
-1.03308809558915
-0.609926448228836
-0.171571323762947
0.963235908342761
0.106515494539926
0.200498941536755
0.754030423726338
0.153625378397575
0.411913114897663
-0.208824749013763
0.427147730790312
-0.484307710977903
