               -133.17002868652343750000                  3.06250000000000000000                 -0.96305513381958007812                  4.02555513381958007812
               -117.17002868652343750000                  4.18750000000000000000                  0.11315891891717910767                  4.07434129714965820312
               -101.17002868652343750000                  4.50000000000000000000                  0.39674451947212219238                  4.10325527191162109375
                -85.17002868652343750000                  4.06250000000000000000                 -0.04695538431406021118                  4.10945558547973632812
                -69.17002868652343750000                  4.25000000000000000000                  0.15658855438232421875                  4.09341144561767578125
                -53.17002868652343750000                  4.62500000000000000000                  0.56570422649383544922                  4.05929565429687500000
                -37.17002868652343750000                  4.00000000000000000000                 -0.01486728619784116745                  4.01486730575561523438
                -21.17002868652343750000                  4.93750000000000000000                  0.96670091152191162109                  3.97079896926879882812
                 -5.17002868652343750000                  3.25000000000000000000                 -0.68947702646255493164                  3.93947696685791015625
                 10.82997131347656250000                  4.06250000000000000000                  0.12911222875118255615                  3.93338775634765625000
                 26.82997131347656250000                  4.50000000000000000000                  0.53670281171798706055                  3.96329712867736816406
                 42.82997131347656250000                  4.43750000000000000000                  0.40102407336235046387                  4.03647613525390625000
                 58.82997131347656250000                  3.12500000000000000000                 -1.03024971485137939453                  4.15524959564208984375
                 74.82997131347656250000                  5.00000000000000000000                  0.68387502431869506836                  4.31612491607666015625
                 90.82997131347656250000                  3.62500000000000000000                 -0.88467162847518920898                  4.50967168807983398438
                106.82997131347656250000                  5.06250000000000000000                  0.34126207232475280762                  4.72123813629150390625
                122.82997131347656250000                  4.12500000000000000000                 -0.80744791030883789062                  4.93244791030883789062
                138.82997131347656250000                  4.87500000000000000000                 -0.24830450117588043213                  5.12330436706542968750
                154.82997131347656250000                  4.31250000000000000000                 -0.96212112903594970703                  5.27462100982666015625
                170.82997131347656250000                  4.43750000000000000000                 -0.93294227123260498047                  5.37044239044189453125
                186.82997131347656250000                 45.06250000000000000000                 39.66239547729492187500                  5.40010499954223632812
                202.82997131347656250000                 49.43750000000000000000                 44.07785415649414062500                  5.35964441299438476562
                218.82997131347656250000                  5.93750000000000000000                  0.68516337871551513672                  5.25233650207519531250
                234.82997131347656250000                  4.37500000000000000000                 -0.71330994367599487305                  5.08830976486206054688
                250.82997131347656250000                  5.37500000000000000000                  0.49170964956283569336                  4.88329029083251953125
                266.82997131347656250000                  3.68750000000000000000                 -0.96917140483856201172                  4.65667152404785156250
                282.82997131347656250000                  3.56250000000000000000                 -0.86669737100601196289                  4.42919731140136718750
                298.82997131347656250000                  3.18750000000000000000                 -1.03308808803558349609                  4.22058820724487304688
                314.82997131347656250000                  3.43750000000000000000                 -0.60992646217346191406                  4.04742622375488281250
                330.82997131347656250000                  3.75000000000000000000                 -0.17157132923603057861                  3.92157125473022460938
                346.82997131347656250000                  4.81250000000000000000                  0.96323591470718383789                  3.84926414489746093750
                362.82997131347656250000                  3.93750000000000000000                  0.10651549696922302246                  3.83098459243774414062
                378.82997131347656250000                  4.06250000000000000000                  0.20049893856048583984                  3.86200094223022460938
                394.82997131347656250000                  4.68750000000000000000                  0.75403040647506713867                  3.93346953392028808594
                410.82997131347656250000                  4.18750000000000000000                  0.15362538397312164307                  4.03387451171875000000
                426.82997131347656250000                  4.56250000000000000000                  0.41191312670707702637                  4.15058708190917968750
                442.82997131347656250000                  4.06250000000000000000                 -0.20882475376129150391                  4.27132463455200195312
                458.82997131347656250000                  4.81250000000000000000                  0.42714771628379821777                  4.38535213470458984375
                474.82997131347656250000                  4.00000000000000000000                 -0.48430770635604858398                  4.48430776596069335938
