4.02555513091226
4.07434108003624
4.10325547810441
4.10945538396739
4.09341145024098
4.05929579724304
4.01486728599244
3.9707990716127
3.93947700467403
3.93338777035257
3.96329717110546
4.03647591753848
4.15524971612814
4.31612499417625
4.50967160365221
4.72123792657615
4.93244791817607
5.12330449691677
5.27462113259428
5.37044225808897
5.40010522597023
5.35964463770692
5.25233663188465
5.08830995418596
4.88329035367464
4.65667140434532
4.42919738106338
4.22058809558915
4.04742644822884
3.92157132376295
3.84926409165724
3.83098450546007
3.86200105846324
3.93346957627366
4.03387462160242
4.15058688510234
4.27132474901376
4.38535226920969
4.4843077109779
