-4.23751469696977
0.32928769277436
-1.66381987907925
0.161108993088348
0.431703482278706
-2.16248588307937
-1.80771071575648
0.496316769519545
2.68635150193088
-1.23935835968932
0.716554139974521
-0.386710498392009
0.322165156589049
-0.160560615472919
-0.338356140621242
0.160893318630883
-0.727354841813902
0.245889013468492
-0.856744840019717
-1.22146074832568
83.0291480935981
126.710930401778
12.6407225042098
2.63566511039263
0.0133934611233144
-1.53348226486095
-1.06264184045618
-1.06987242411923
0.948121961137588
0.930938674477042
0.066746437737919
-1.02036692102871
0.604555401130604
1.18740936074309
0.160228178777759
-0.483497791886302
0.62409935721001
-1.08674889588584
-1.24794091293399
