               -133.17002868652343750000                  6.18750000000000000000                 -4.23751449584960937500                 10.42501449584960937500
               -117.17002868652343750000                 10.81250000000000000000                  0.32928767800331115723                 10.48321247100830078125
               -101.17002868652343750000                  8.87500000000000000000                 -1.66381990909576416016                 10.53882026672363281250
                -85.17002868652343750000                 10.75000000000000000000                  0.16110900044441223145                 10.58889102935791015625
                -69.17002868652343750000                 11.06250000000000000000                  0.43170347809791564941                 10.63079643249511718750
                -53.17002868652343750000                  8.50000000000000000000                 -2.16248583793640136719                 10.66248607635498046875
                -37.17002868652343750000                  8.87500000000000000000                 -1.80771076679229736328                 10.68271064758300781250
                -21.17002868652343750000                 11.18750000000000000000                  0.49631676077842712402                 10.69118309020996093750
                 -5.17002868652343750000                 13.37500000000000000000                  2.68635153770446777344                 10.68864822387695312500
                 10.82997131347656250000                  9.43750000000000000000                 -1.23935830593109130859                 10.67685794830322265625
                 26.82997131347656250000                 11.37500000000000000000                  0.71655416488647460938                 10.65844631195068359375
                 42.82997131347656250000                 10.25000000000000000000                 -0.38671049475669860840                 10.63671016693115234375
                 58.82997131347656250000                 10.93750000000000000000                  0.32216516137123107910                 10.61533451080322265625
                 74.82997131347656250000                 10.43750000000000000000                 -0.16056062281131744385                 10.59806060791015625000
                 90.82997131347656250000                 10.25000000000000000000                 -0.33835613727569580078                 10.58835601806640625000
                106.82997131347656250000                 10.75000000000000000000                  0.16089332103729248047                 10.58910655975341796875
                122.82997131347656250000                  9.87500000000000000000                 -0.72735482454299926758                 10.60235500335693359375
                138.82997131347656250000                 10.87500000000000000000                  0.24588900804519653320                 10.62911128997802734375
                154.82997131347656250000                  9.81250000000000000000                 -0.85674482583999633789                 10.66924476623535156250
                170.82997131347656250000                  9.50000000000000000000                 -1.22146070003509521484                 10.72146034240722656250
                186.82997131347656250000                 93.81250000000000000000                 83.02914428710937500000                 10.78335189819335937500
                202.82997131347656250000                137.56250000000000000000                126.71092987060546875000                 10.85156917572021484375
                218.82997131347656250000                 23.56250000000000000000                 12.64072227478027343750                 10.92177772521972656250
                234.82997131347656250000                 13.62500000000000000000                  2.63566517829895019531                 10.98933506011962890625
                250.82997131347656250000                 11.06250000000000000000                  0.01339346077293157578                 11.04910659790039062500
                266.82997131347656250000                  9.56250000000000000000                 -1.53348231315612792969                 11.09598255157470703125
                282.82997131347656250000                 10.06250000000000000000                 -1.06264185905456542969                 11.12514209747314453125
                298.82997131347656250000                 10.06250000000000000000                 -1.06987237930297851562                 11.13237285614013671875
                314.82997131347656250000                 12.06250000000000000000                  0.94812196493148803711                 11.11437797546386718750
                330.82997131347656250000                 12.00000000000000000000                  0.93093866109848022461                 11.06906127929687500000
                346.82997131347656250000                 11.06250000000000000000                  0.06674643605947494507                 10.99575328826904296875
                362.82997131347656250000                  9.87500000000000000000                 -1.02036690711975097656                 10.89536666870117187500
                378.82997131347656250000                 11.37500000000000000000                  0.60455542802810668945                 10.77044486999511718750
                394.82997131347656250000                 11.81250000000000000000                  1.18740940093994140625                 10.62509059906005859375
                410.82997131347656250000                 10.62500000000000000000                  0.16022817790508270264                 10.46477222442626953125
                426.82997131347656250000                  9.81250000000000000000                 -0.48349779844284057617                 10.29599761962890625000
                442.82997131347656250000                 10.75000000000000000000                  0.62409937381744384766                 10.12590026855468750000
                458.82997131347656250000                  8.87500000000000000000                 -1.08674883842468261719                  9.96174907684326171875
                474.82997131347656250000                  8.56250000000000000000                 -1.24794089794158935547                  9.81044101715087890625
