8.60324469891335
8.97258624427513
9.35541547893265
9.72965646248888
10.0750364663969
10.3755503783308
10.6215509272717
10.8111252727989
10.9504880802621
11.0532432134971
11.1385263549072
11.2282161706018
11.3435634994753
11.5017071332794
11.7125965346736
11.976811782369
12.2846583515128
12.6167332968819
12.9459376729992
13.2406841723775
13.4688578759237
13.6019654772303
13.6188763884805
13.5086235502421
13.2718808631489
12.9209410685061
12.4782459385251
11.9737305365931
11.4414008021527
10.9156457645135
10.4277841572761
10.0032673139551
9.65982593706208
9.40668543266659
9.24481263327878
9.16802172287203
9.16467680613218
9.21969044053293
9.31652916911552
