3.51447374011994
3.68120177950578
3.83069319113685
3.95311916529132
4.04237698365587
4.09716324466126
4.12149245866171
4.12452553750386
4.11966162167771
4.12295316090188
4.15101235921558
4.21866909295543
4.33669927665365
4.50995567258838
4.7361945611007
5.00580437140559
5.30251791172726
5.6050469993928
5.88943995780451
6.13185159466006
6.31135075661135
6.41238352987678
6.42656192404518
6.35354958097028
6.20095033795028
5.9832497716038
5.71999058624465
5.4334596134863
5.14621377555006
4.87876997594903
4.64773392722167
4.46455739832089
4.33500905379444
4.2593391258514
4.23302881677801
4.24795323578829
4.2937575141678
4.35924906892665
4.43363920846126
