-1.51447374011994
1.19379822049422
0.731806808863151
0.921880834708681
0.520123016344132
0.465336755338743
0.00350754133828968
0.0629744624961361
0.192838378322289
1.18954683909812
1.16148764078442
0.468830907044574
-1.33669927665365
-0.322455672588381
-0.673694561100703
-0.443304371405593
-0.365017911727256
-1.1675469993928
-1.76443995780451
-1.00685159466006
45.5011492433886
56.7751164701232
1.19843807595482
-1.16604958097028
-0.325950337950276
-2.5457497716038
-0.782490586244649
-0.745959613486296
-0.771213775550058
-0.753769975949027
-0.147733927221669
0.222942601679113
0.102490946205565
0.0531608741486043
0.641971183221992
1.18954676421171
-0.543757514167805
0.578250931073351
-0.246139208461258
