               -133.17002868652343750000                  2.00000000000000000000                 -1.51447379589080810547                  3.51447367668151855469
               -117.17002868652343750000                  4.87500000000000000000                  1.19379818439483642578                  3.68120169639587402344
               -101.17002868652343750000                  4.56250000000000000000                  0.73180681467056274414                  3.83069324493408203125
                -85.17002868652343750000                  4.87500000000000000000                  0.92188084125518798828                  3.95311927795410156250
                -69.17002868652343750000                  4.56250000000000000000                  0.52012300491333007812                  4.04237699508666992188
                -53.17002868652343750000                  4.56250000000000000000                  0.46533676981925964355                  4.09716320037841796875
                -37.17002868652343750000                  4.12500000000000000000                  0.00350754125975072384                  4.12149238586425781250
                -21.17002868652343750000                  4.18750000000000000000                  0.06297446042299270630                  4.12452554702758789062
                 -5.17002868652343750000                  4.31250000000000000000                  0.19283838570117950439                  4.11966180801391601562
                 10.82997131347656250000                  5.31250000000000000000                  1.18954682350158691406                  4.12295293807983398438
                 26.82997131347656250000                  5.31250000000000000000                  1.16148769855499267578                  4.15101242065429687500
                 42.82997131347656250000                  4.68750000000000000000                  0.46883091330528259277                  4.21866893768310546875
                 58.82997131347656250000                  3.00000000000000000000                 -1.33669924736022949219                  4.33669948577880859375
                 74.82997131347656250000                  4.18750000000000000000                 -0.32245567440986633301                  4.50995588302612304688
                 90.82997131347656250000                  4.06250000000000000000                 -0.67369455099105834961                  4.73619461059570312500
                106.82997131347656250000                  4.56250000000000000000                 -0.44330435991287231445                  5.00580453872680664062
                122.82997131347656250000                  4.93750000000000000000                 -0.36501792073249816895                  5.30251789093017578125
                138.82997131347656250000                  4.43750000000000000000                 -1.16754698753356933594                  5.60504722595214843750
                154.82997131347656250000                  4.12500000000000000000                 -1.76443994045257568359                  5.88944005966186523438
                170.82997131347656250000                  5.12500000000000000000                 -1.00685155391693115234                  6.13185167312622070312
                186.82997131347656250000                 51.81250000000000000000                 45.50114822387695312500                  6.31135082244873046875
                202.82997131347656250000                 63.18750000000000000000                 56.77511596679687500000                  6.41238355636596679688
                218.82997131347656250000                  7.62500000000000000000                  1.19843804836273193359                  6.42656183242797851562
                234.82997131347656250000                  5.18750000000000000000                 -1.16604959964752197266                  6.35354948043823242188
                250.82997131347656250000                  5.87500000000000000000                 -0.32595032453536987305                  6.20095014572143554688
                266.82997131347656250000                  3.43750000000000000000                 -2.54574966430664062500                  5.98324966430664062500
                282.82997131347656250000                  4.93750000000000000000                 -0.78249061107635498047                  5.71999073028564453125
                298.82997131347656250000                  4.68750000000000000000                 -0.74595963954925537109                  5.43345975875854492188
                314.82997131347656250000                  4.37500000000000000000                 -0.77121376991271972656                  5.14621400833129882812
                330.82997131347656250000                  4.12500000000000000000                 -0.75376999378204345703                  4.87876987457275390625
                346.82997131347656250000                  4.50000000000000000000                 -0.14773392677307128906                  4.64773416519165039062
                362.82997131347656250000                  4.68750000000000000000                  0.22294260561466217041                  4.46455717086791992188
                378.82997131347656250000                  4.43750000000000000000                  0.10249094665050506592                  4.33500909805297851562
                394.82997131347656250000                  4.31250000000000000000                  0.05316087231040000916                  4.25933933258056640625
                410.82997131347656250000                  4.87500000000000000000                  0.64197117090225219727                  4.23302888870239257812
                426.82997131347656250000                  5.43750000000000000000                  1.18954682350158691406                  4.24795341491699218750
                442.82997131347656250000                  3.75000000000000000000                 -0.54375749826431274414                  4.29375743865966796875
                458.82997131347656250000                  4.93750000000000000000                  0.57825094461441040039                  4.35924911499023437500
                474.82997131347656250000                  4.18750000000000000000                 -0.24613921344280242920                  4.43363904953002929688
