1.45550039910162
1.47165619186067
1.48007230139433
1.48014761813027
1.47225669603834
1.45780308970421
1.43913463635233
1.41931662615053
1.40178105848435
1.38989203959963
1.38648485772925
1.3934457629574
1.41139849508262
1.43955139173126
1.47573675981688
1.51664534969204
1.5582279382419
1.59620854741149
1.62663467673482
1.64638274921432
1.65354330731616
1.64762945568943
1.62958041789125
1.60156491288743
1.56662062069821
1.52819084105838
1.48963341121444
1.45377795769887
1.42259592559819
1.39702612499058
1.37697100884572
1.3614506146741
1.34887696069156
1.33739552201707
1.32523436411775
1.31100575875949
1.29391799769634
1.27387362803283
1.25145075121476
