1.73226863142297
1.7568125777524
1.78391762438868
1.81226305749677
1.8402256032123
1.86598758504997
1.88768728900796
1.90359807144004
1.91231577978687
1.91292955199235
1.90515028126042
1.88937465273406
1.86667053416142
1.83868060784553
1.80745368836854
1.77522496175271
1.74417518241827
1.71620290630296
1.69274219694078
1.67465105568846
1.66218430274154
1.65505082006653
1.65254145199025
1.65370288751549
1.65752643977641
1.66311982391868
1.66983478070402
1.67733263684341
1.68558178217409
1.69479331896107
1.70531157830443
1.71748303554493
1.73152938517218
1.7474480568819
1.76495703757761
1.7834919454712
1.80225366838657
1.82029630383718
1.83663905459839
