-0.419768631422971
0.555687422247603
0.153582375611316
0.562736942503232
-0.465225603212304
0.134012414950028
-0.262687289007957
-0.153598071440042
0.212684220213126
0.274570448007647
-0.280150281260424
0.360625347265937
0.0083294658385773
-0.151180607845532
0.630046311631463
-0.400224961752714
-0.0566751824182734
-0.153702906302959
-0.317742196940783
-0.0496510556884553
6.52531569725847
7.15744917993347
0.0974585480097496
-0.153702887515495
-0.407526439776413
-0.100619823918682
0.580165219295978
-0.0523326368434076
0.501918217825911
-0.257293318961072
0.107188421695571
-0.154983035544931
0.330970614827821
-0.247448056881897
-0.202457037577612
0.1540080545288
0.322746331613427
0.617203696162817
-0.711639054598391
