               -133.17002868652343750000                  1.31250000000000000000                 -0.41976863145828247070                  1.73226857185363769531
               -117.17002868652343750000                  2.31250000000000000000                  0.55568742752075195312                  1.75681257247924804688
               -101.17002868652343750000                  1.93750000000000000000                  0.15358237922191619873                  1.78391766548156738281
                -85.17002868652343750000                  2.37500000000000000000                  0.56273692846298217773                  1.81226301193237304688
                -69.17002868652343750000                  1.37500000000000000000                 -0.46522560715675354004                  1.84022557735443115234
                -53.17002868652343750000                  2.00000000000000000000                  0.13401241600513458252                  1.86598753929138183594
                -37.17002868652343750000                  1.62500000000000000000                 -0.26268729567527770996                  1.88768732547760009766
                -21.17002868652343750000                  1.75000000000000000000                 -0.15359807014465332031                  1.90359807014465332031
                 -5.17002868652343750000                  2.12500000000000000000                  0.21268421411514282227                  1.91231572628021240234
                 10.82997131347656250000                  2.18750000000000000000                  0.27457043528556823730                  1.91292953491210937500
                 26.82997131347656250000                  1.62500000000000000000                 -0.28015029430389404297                  1.90515029430389404297
                 42.82997131347656250000                  2.25000000000000000000                  0.36062535643577575684                  1.88937461376190185547
                 58.82997131347656250000                  1.87500000000000000000                  0.00832946598529815674                  1.86667048931121826172
                 74.82997131347656250000                  1.68750000000000000000                 -0.15118061006069183350                  1.83868062496185302734
                 90.82997131347656250000                  2.43750000000000000000                  0.63004630804061889648                  1.80745363235473632812
                106.82997131347656250000                  1.37500000000000000000                 -0.40022495388984680176                  1.77522492408752441406
                122.82997131347656250000                  1.68750000000000000000                 -0.05667518079280853271                  1.74417519569396972656
                138.82997131347656250000                  1.56250000000000000000                 -0.15370289981365203857                  1.71620285511016845703
                154.82997131347656250000                  1.37500000000000000000                 -0.31774219870567321777                  1.69274222850799560547
                170.82997131347656250000                  1.62500000000000000000                 -0.04965105652809143066                  1.67465102672576904297
                186.82997131347656250000                  8.18750000000000000000                  6.52531576156616210938                  1.66218435764312744141
                202.82997131347656250000                  8.81250000000000000000                  7.15744924545288085938                  1.65505087375640869141
                218.82997131347656250000                  1.75000000000000000000                  0.09745854884386062622                  1.65254139900207519531
                234.82997131347656250000                  1.50000000000000000000                 -0.15370288491249084473                  1.65370285511016845703
                250.82997131347656250000                  1.25000000000000000000                 -0.40752643346786499023                  1.65752649307250976562
                266.82997131347656250000                  1.56250000000000000000                 -0.10061982274055480957                  1.66311979293823242188
                282.82997131347656250000                  2.25000000000000000000                  0.58016520738601684570                  1.66983473300933837891
                298.82997131347656250000                  1.62500000000000000000                 -0.05233263596892356873                  1.67733263969421386719
                314.82997131347656250000                  2.18750000000000000000                  0.50191819667816162109                  1.68558180332183837891
                330.82997131347656250000                  1.43750000000000000000                 -0.25729331374168395996                  1.69479334354400634766
                346.82997131347656250000                  1.81250000000000000000                  0.10718841850757598877                  1.70531153678894042969
                362.82997131347656250000                  1.56250000000000000000                 -0.15498302876949310303                  1.71748304367065429688
                378.82997131347656250000                  2.06250000000000000000                  0.33097061514854431152                  1.73152935504913330078
                394.82997131347656250000                  1.50000000000000000000                 -0.24744805693626403809                  1.74744808673858642578
                410.82997131347656250000                  1.56250000000000000000                 -0.20245704054832458496                  1.76495707035064697266
                426.82997131347656250000                  1.93750000000000000000                  0.15400806069374084473                  1.78349196910858154297
                442.82997131347656250000                  2.12500000000000000000                  0.32274633646011352539                  1.80225372314453125000
                458.82997131347656250000                  2.43750000000000000000                  0.61720371246337890625                  1.82029628753662109375
                474.82997131347656250000                  1.12500000000000000000                 -0.71163904666900634766                  1.83663904666900634766
