5.62929460397791
5.71231696447725
5.80232025868944
5.89523792282924
5.98714733176519
6.0746768449435
6.15535103970943
6.22782402983615
6.29196424744123
6.34877408073461
6.40015139011473
6.44852345944907
6.49640351790802
6.5459322838593
6.5984699006665
6.65429659703009
6.71246454211927
6.77082128801407
6.82620050427076
6.87475235341261
6.91236740899724
6.93507978638113
6.93979139037228
6.92406109069822
6.88692473269756
6.82871843017609
6.75110540101427
6.65691960200144
6.54991137721248
6.43443126832918
6.31509061854736
6.19643483653793
6.08265839444545
5.9773814401502
5.88349800677937
5.80309668171581
5.73744731509532
5.68704245838835
5.65167979140861
