-1.81679460397791
-0.024816964477254
-0.86482025868944
-0.082737922829236
-0.174647331765188
0.800323155056501
1.03214896029057
1.33467597016385
0.0830357525587697
0.213725919265394
0.162348609885268
-1.07352345944907
-0.183903517908016
-0.233432283859296
-0.348469900666502
-0.71679659703009
0.600035457880727
-0.0833212880140666
0.48629949572924
0.12524764658739
85.8376325910028
116.377420213619
9.81020860962772
0.575938909301785
-0.0119247326975636
0.233781569823914
-1.00110540101427
-0.969419602001439
0.512588622787516
-0.0594312683291793
-0.377590618547361
0.741065163462067
-0.0826583944454544
0.772618559849797
-0.320998006779366
0.384403318284193
-0.174947315095324
0.750457541611654
-0.714179791408607
