6.11670757476927
6.00742077524984
5.87805272325378
5.73416605156177
5.58517819753396
5.444418576363
5.32866909521254
5.25711532473584
5.24970997914944
5.32504247411031
5.49790571291581
5.77683753337439
6.16197175054651
6.64354681079504
7.2013786973289
7.80550748854782
8.41808274480668
8.99638055450714
9.49667099625256
9.87850850899333
10.1089263818432
10.1659995577587
10.0413042502897
9.74094127856378
9.28498181167378
8.70540873969608
8.0428292767285
7.34239212068171
6.64943143485778
6.00536865876013
5.44433458030611
4.99084409828906
4.65868980755806
4.45104703810838
4.3616297087107
4.376624359798
4.4770706656291
4.64135201321596
4.84750175431854
