5.482638216653
5.42914012996722
5.36187629544031
5.28301140555596
5.19559493872658
5.10344508159282
5.01096475179851
4.92289817469238
4.8440419719738
4.77892933397446
4.73150916954163
4.70484388398888
4.70084948379061
4.72010002081336
4.76171503357342
4.82334374943943
4.90125356812854
4.99052301056639
5.08533124500895
5.17932798686459
5.26605966018278
5.33935948063942
5.39409665051261
5.42595555194571
5.43236279455306
5.41237917142962
5.36682798373573
5.29822072730098
5.21054700522294
5.10894769258711
4.99930229604154
4.88777001303812
4.78032803891684
4.68234965935444
4.59825879145424
4.53128778369772
4.48335287934203
4.45504851470612
4.44574930365535
