-2.670138216653
0.00835987003277516
0.0131237045596855
-0.0330114055559623
-0.0705949387265843
0.0840549184071815
-1.19846475179851
0.577101825307623
0.030958028026201
0.096070666025537
-0.856509169541634
-0.142343883988884
-0.388349483790609
-0.157600020813364
0.300784966426576
0.239156250560574
0.0987464318714588
-0.490523010566387
-0.835331245008946
0.0706720131354146
57.2339403398172
77.0981405193606
2.54340334948739
0.0740444480542886
0.317637205446935
0.525120828570378
0.0706720162642718
0.701779272699017
-0.960547005222943
-0.73394769258711
-0.0618022960415372
-0.0127700130381179
-0.0303280389168412
-0.244849659354438
0.401741208545756
-0.34378778369772
-0.108352879342032
1.35745148529388
-0.070749303655349
