               -133.17002868652343750000                  2.81250000000000000000                 -2.67013812065124511719                  5.48263835906982421875
               -117.17002868652343750000                  5.43750000000000000000                  0.00835986994206905365                  5.42914009094238281250
               -101.17002868652343750000                  5.37500000000000000000                  0.01312370412051677704                  5.36187648773193359375
                -85.17002868652343750000                  5.25000000000000000000                 -0.03301140666007995605                  5.28301143646240234375
                -69.17002868652343750000                  5.12500000000000000000                 -0.07059493660926818848                  5.19559478759765625000
                -53.17002868652343750000                  5.18750000000000000000                  0.08405491709709167480                  5.10344505310058593750
                -37.17002868652343750000                  3.81250000000000000000                 -1.19846475124359130859                  5.01096487045288085938
                -21.17002868652343750000                  5.50000000000000000000                  0.57710182666778564453                  4.92289829254150390625
                 -5.17002868652343750000                  4.87500000000000000000                  0.03095802851021289825                  4.84404182434082031250
                 10.82997131347656250000                  4.87500000000000000000                  0.09607066959142684937                  4.77892923355102539062
                 26.82997131347656250000                  3.87500000000000000000                 -0.85650914907455444336                  4.73150920867919921875
                 42.82997131347656250000                  4.56250000000000000000                 -0.14234387874603271484                  4.70484399795532226562
                 58.82997131347656250000                  4.31250000000000000000                 -0.38834947347640991211                  4.70084953308105468750
                 74.82997131347656250000                  4.56250000000000000000                 -0.15760001540184020996                  4.72009992599487304688
                 90.82997131347656250000                  5.06250000000000000000                  0.30078497529029846191                  4.76171493530273437500
                106.82997131347656250000                  5.06250000000000000000                  0.23915624618530273438                  4.82334375381469726562
                122.82997131347656250000                  5.00000000000000000000                  0.09874643385410308838                  4.90125370025634765625
                138.82997131347656250000                  4.50000000000000000000                 -0.49052301049232482910                  4.99052286148071289062
                154.82997131347656250000                  4.25000000000000000000                 -0.83533126115798950195                  5.08533143997192382812
                170.82997131347656250000                  5.25000000000000000000                  0.07067201286554336548                  5.17932796478271484375
                186.82997131347656250000                 62.50000000000000000000                 57.23394012451171875000                  5.26605987548828125000
                202.82997131347656250000                 82.43750000000000000000                 77.09813690185546875000                  5.33935928344726562500
                218.82997131347656250000                  7.93750000000000000000                  2.54340338706970214844                  5.39409685134887695312
                234.82997131347656250000                  5.50000000000000000000                  0.07404445111751556396                  5.42595577239990234375
                250.82997131347656250000                  5.75000000000000000000                  0.31763720512390136719                  5.43236255645751953125
                266.82997131347656250000                  5.93750000000000000000                  0.52512085437774658203                  5.41237926483154296875
                282.82997131347656250000                  5.43750000000000000000                  0.07067201286554336548                  5.36682796478271484375
                298.82997131347656250000                  6.00000000000000000000                  0.70177924633026123047                  5.29822063446044921875
                314.82997131347656250000                  4.25000000000000000000                 -0.96054702997207641602                  5.21054697036743164062
                330.82997131347656250000                  4.37500000000000000000                 -0.73394769430160522461                  5.10894775390625000000
                346.82997131347656250000                  4.93750000000000000000                 -0.06180229783058166504                  4.99930238723754882812
                362.82997131347656250000                  4.87500000000000000000                 -0.01277001295238733292                  4.88777017593383789062
                378.82997131347656250000                  4.75000000000000000000                 -0.03032803907990455627                  4.78032827377319335938
                394.82997131347656250000                  4.43750000000000000000                 -0.24484965205192565918                  4.68234968185424804688
                410.82997131347656250000                  5.00000000000000000000                  0.40174120664596557617                  4.59825897216796875000
                426.82997131347656250000                  4.18750000000000000000                 -0.34378778934478759766                  4.53128767013549804688
                442.82997131347656250000                  4.37500000000000000000                 -0.10835287719964981079                  4.48335266113281250000
                458.82997131347656250000                  5.81250000000000000000                  1.35745143890380859375                  4.45504856109619140625
                474.82997131347656250000                  4.37500000000000000000                 -0.07074930518865585327                  4.44574928283691406250
