4.33898442018163
4.29302460309093
4.23969045780713
4.18013299206473
4.11740688211393
4.05670549933171
4.00534174466952
3.97241387476832
3.96813207905277
4.00282997365154
4.08573919714721
4.22365645021154
4.41967114550325
4.67213955993219
4.97408178971068
5.31313882674927
5.67216174113961
6.0304214481107
6.36533815166224
6.65454871891844
6.87807192271062
7.02030652470114
7.07161102670705
7.02926546013167
6.89769711252434
6.68795068142073
6.41648323011967
6.10344980679613
5.77070391028908
5.43976048615215
5.12995637250593
4.85699871387593
4.63202523771935
4.46122357457077
4.34598246981729
4.28348641122861
4.26762408420784
4.29006319157038
4.34134849229113
