-3.52867363995628
1.4508286102625
0.111370004128008
-0.486949587659391
-0.0966800117681794
-0.720403899726902
0.0769170911417536
0.168127814907817
2.17658639819719
-0.961123843753092
-0.11999804744481
-0.111452533827503
0.754269667750957
0.230609869269685
-0.677892869567012
-0.52829083356009
0.0604872458594166
-1.53022652619211
0.205749637939606
0.211524764927052
20.1167422969303
32.0498721880228
4.94991138296408
1.19244418989471
-0.786477687693482
0.19790661207173
1.14172083286825
0.0402954005074143
-0.111452599550855
-0.443642923681294
-0.461095133661228
0.331940923817552
0.931969806139659
-0.476155204508803
0.668277359883093
-0.323223909638968
0.11153508391093
0.972793823659824
-0.863810613607437
