               -133.17002868652343750000                  3.56250000000000000000                 -3.52867364883422851562                  7.09117364883422851562
               -117.17002868652343750000                  8.50000000000000000000                  1.45082855224609375000                  7.04917144775390625000
               -101.17002868652343750000                  7.12500000000000000000                  0.11137000471353530884                  7.01362991333007812500
                -85.17002868652343750000                  6.50000000000000000000                 -0.48694959282875061035                  6.98694944381713867188
                -69.17002868652343750000                  6.87500000000000000000                 -0.09668001532554626465                  6.97168016433715820312
                -53.17002868652343750000                  6.25000000000000000000                 -0.72040390968322753906                  6.97040367126464843750
                -37.17002868652343750000                  7.06250000000000000000                  0.07691708952188491821                  6.98558282852172851562
                -21.17002868652343750000                  7.18750000000000000000                  0.16812781989574432373                  7.01937198638916015625
                 -5.17002868652343750000                  9.25000000000000000000                  2.17658638954162597656                  7.07341337203979492188
                 10.82997131347656250000                  6.18750000000000000000                 -0.96112382411956787109                  7.14862394332885742188
                 26.82997131347656250000                  7.12500000000000000000                 -0.11999804526567459106                  7.24499797821044921875
                 42.82997131347656250000                  7.25000000000000000000                 -0.11145253479480743408                  7.36145257949829101562
                 58.82997131347656250000                  8.25000000000000000000                  0.75426965951919555664                  7.49573040008544921875
                 74.82997131347656250000                  7.87500000000000000000                  0.23060986399650573730                  7.64439010620117187500
                 90.82997131347656250000                  7.12500000000000000000                 -0.67789286375045776367                  7.80289268493652343750
                106.82997131347656250000                  7.43750000000000000000                 -0.52829080820083618164                  7.96579074859619140625
                122.82997131347656250000                  8.18750000000000000000                  0.06048724427819252014                  8.12701320648193359375
                138.82997131347656250000                  6.75000000000000000000                 -1.53022646903991699219                  8.28022670745849609375
                154.82997131347656250000                  8.62500000000000000000                  0.20574963092803955078                  8.41925048828125000000
                170.82997131347656250000                  8.75000000000000000000                  0.21152476966381072998                  8.53847503662109375000
                186.82997131347656250000                 28.75000000000000000000                 20.11674308776855468750                  8.63325786590576171875
                202.82997131347656250000                 40.75000000000000000000                 32.04987335205078125000                  8.70012760162353515625
                218.82997131347656250000                 13.68750000000000000000                  4.94991159439086914062                  8.73758888244628906250
                234.82997131347656250000                  9.93750000000000000000                  1.19244420528411865234                  8.74505615234375000000
                250.82997131347656250000                  7.93750000000000000000                 -0.78647768497467041016                  8.72397804260253906250
                266.82997131347656250000                  8.87500000000000000000                  0.19790661334991455078                  8.67709350585937500000
                282.82997131347656250000                  9.75000000000000000000                  1.14172089099884033203                  8.60827922821044921875
                298.82997131347656250000                  8.56250000000000000000                  0.04029539972543716431                  8.52220439910888671875
                314.82997131347656250000                  8.31250000000000000000                 -0.11145260185003280640                  8.42395305633544921875
                330.82997131347656250000                  7.87500000000000000000                 -0.44364291429519653320                  8.31864261627197265625
                346.82997131347656250000                  7.75000000000000000000                 -0.46109512448310852051                  8.21109485626220703125
                362.82997131347656250000                  8.43750000000000000000                  0.33194091916084289551                  8.10555934906005859375
                378.82997131347656250000                  8.93750000000000000000                  0.93196982145309448242                  8.00553035736083984375
                394.82997131347656250000                  7.43750000000000000000                 -0.47615519165992736816                  7.91365528106689453125
                410.82997131347656250000                  8.50000000000000000000                  0.66827738285064697266                  7.83172273635864257812
                426.82997131347656250000                  7.43750000000000000000                 -0.32322391867637634277                  7.76072406768798828125
                442.82997131347656250000                  7.81250000000000000000                  0.11153508722782135010                  7.70096492767333984375
                458.82997131347656250000                  8.62500000000000000000                  0.97279381752014160156                  7.65220594406127929688
                474.82997131347656250000                  6.75000000000000000000                 -0.86381059885025024414                  7.61381053924560546875
