7.00730713749985
6.99837998481442
6.98097713681975
6.95473129506346
6.92146826670418
6.88548310465306
6.85350972464088
6.83432910718921
6.83800673479106
6.87480524033123
6.95387569957328
7.08188114522941
7.26173894842687
7.49167643881725
7.76477159092313
8.069097674466
8.38851285279784
8.70404341532625
8.99571700867259
9.24462563428599
9.43495152766139
9.55568215051455
9.60177663994139
9.5746207934364
9.48170953253418
9.33560811401334
9.15234735580248
8.9494864388542
8.74411675934456
8.55107619961878
8.38159737318246
8.24253545762197
8.13622591593106
8.0609266447566
8.0117187013115
7.98168663378309
7.96317965579514
7.94896816015986
7.93315036968002
