7.15410085888083
7.16213474611328
7.17220717184771
7.18468123936196
7.19984549243352
7.21786548325969
7.23874034606619
7.26226988796519
7.28803649354179
7.31540425303009
7.34353553001352
7.37142311348741
7.39793454512077
7.4218644376769
7.44199066961019
7.45713110654229
7.46619864402923
7.46825348493115
7.46255228257117
7.4485938532248
7.4261605465058
7.39532710826348
7.35661663269984
7.31075058120581
7.25890284357014
7.20253944789952
7.14339057029964
7.08337250638142
7.02448942558435
6.96872165802081
6.91790969780547
6.87364444272822
6.83717413794501
6.80933700238984
6.79052579051235
6.78068698571819
6.77935347117359
6.78570594389325
6.79865552585127
