-3.77910085888083
-0.287134746113283
1.20279282815229
0.690318760638037
-0.32484549243352
-0.0928654832596898
0.636259653933806
-0.137269887965192
0.0244635064582059
-0.252904253030089
-0.0935355300135212
0.503576886512595
1.16456545487923
-0.921864437676899
1.80800933038981
-0.769631106542288
0.721301355970773
-0.0932534849311493
-0.275052282571173
0.676406146775204
12.8238394534942
18.7921728917365
1.83088336730016
0.626749418794189
-1.63390284357014
0.422460552100483
-0.643390570299641
-0.395872506381423
0.163010574415647
-0.0937216580208098
0.70709030219453
-0.311144442728221
0.162825862054992
-0.559337002389838
-0.353025790512354
-0.0931869857181908
0.595646528826405
0.151794056106749
-1.98615552585127
