               -133.17002868652343750000                  3.37500000000000000000                 -3.77910089492797851562                  7.15410089492797851562
               -117.17002868652343750000                  6.87500000000000000000                 -0.28713473677635192871                  7.16213464736938476562
               -101.17002868652343750000                  8.37500000000000000000                  1.20279288291931152344                  7.17220735549926757812
                -85.17002868652343750000                  7.87500000000000000000                  0.69031876325607299805                  7.18468141555786132812
                -69.17002868652343750000                  6.87500000000000000000                 -0.32484549283981323242                  7.19984531402587890625
                -53.17002868652343750000                  7.12500000000000000000                 -0.09286548197269439697                  7.21786546707153320312
                -37.17002868652343750000                  7.87500000000000000000                  0.63625967502593994141                  7.23874044418334960938
                -21.17002868652343750000                  7.12500000000000000000                 -0.13726988434791564941                  7.26226997375488281250
                 -5.17002868652343750000                  7.31250000000000000000                  0.02446350641548633575                  7.28803634643554687500
                 10.82997131347656250000                  7.06250000000000000000                 -0.25290426611900329590                  7.31540441513061523438
                 26.82997131347656250000                  7.25000000000000000000                 -0.09353552758693695068                  7.34353542327880859375
                 42.82997131347656250000                  7.87500000000000000000                  0.50357687473297119141                  7.37142324447631835938
                 58.82997131347656250000                  8.56250000000000000000                  1.16456544399261474609                  7.39793443679809570312
                 74.82997131347656250000                  6.50000000000000000000                 -0.92186444997787475586                  7.42186450958251953125
                 90.82997131347656250000                  9.25000000000000000000                  1.80800938606262207031                  7.44199085235595703125
                106.82997131347656250000                  6.68750000000000000000                 -0.76963108777999877930                  7.45713090896606445312
                122.82997131347656250000                  8.18750000000000000000                  0.72130137681961059570                  7.46619844436645507812
                138.82997131347656250000                  7.37500000000000000000                 -0.09325348585844039917                  7.46825361251831054688
                154.82997131347656250000                  7.18750000000000000000                 -0.27505227923393249512                  7.46255207061767578125
                170.82997131347656250000                  8.12500000000000000000                  0.67640614509582519531                  7.44859361648559570312
                186.82997131347656250000                 20.25000000000000000000                 12.82383918762207031250                  7.42616033554077148438
                202.82997131347656250000                 26.18750000000000000000                 18.79217338562011718750                  7.39532709121704101562
                218.82997131347656250000                  9.18750000000000000000                  1.83088338375091552734                  7.35661649703979492188
                234.82997131347656250000                  7.93750000000000000000                  0.62674939632415771484                  7.31075048446655273438
                250.82997131347656250000                  5.62500000000000000000                 -1.63390278816223144531                  7.25890302658081054688
                266.82997131347656250000                  7.62500000000000000000                  0.42246055603027343750                  7.20253944396972656250
                282.82997131347656250000                  6.50000000000000000000                 -0.64339059591293334961                  7.14339065551757812500
                298.82997131347656250000                  6.68750000000000000000                 -0.39587250351905822754                  7.08337259292602539062
                314.82997131347656250000                  7.18750000000000000000                  0.16301056742668151855                  7.02448940277099609375
                330.82997131347656250000                  6.87500000000000000000                 -0.09372165799140930176                  6.96872186660766601562
                346.82997131347656250000                  7.62500000000000000000                  0.70709031820297241211                  6.91790962219238281250
                362.82997131347656250000                  6.56250000000000000000                 -0.31114444136619567871                  6.87364435195922851562
                378.82997131347656250000                  7.00000000000000000000                  0.16282586753368377686                  6.83717393875122070312
                394.82997131347656250000                  6.25000000000000000000                 -0.55933701992034912109                  6.80933713912963867188
                410.82997131347656250000                  6.43750000000000000000                 -0.35302579402923583984                  6.79052591323852539062
                426.82997131347656250000                  6.68750000000000000000                 -0.09318698942661285400                  6.78068685531616210938
                442.82997131347656250000                  7.37500000000000000000                  0.59564650058746337891                  6.77935361862182617188
                458.82997131347656250000                  6.93750000000000000000                  0.15179406106472015381                  6.78570604324340820312
                474.82997131347656250000                  4.81250000000000000000                 -1.98615550994873046875                  6.79865550994873046875
