7.1701580358514
7.25582336659684
7.33104215232061
7.39297352811304
7.44031936643066
7.47349516506352
7.4945821344661
7.50705128639767
7.51528285900034
7.52393605493822
7.53724980718151
7.55837066583938
7.58880578044098
7.62808611647178
7.67369853330198
7.72130846319297
7.76525285837053
7.79924217993223
7.81717704920184
7.81396542706909
7.78622355156243
7.73275936365475
7.65476876188514
7.55571789406329
7.44093189292787
7.31695418552389
7.19077347728026
7.06903233726226
6.95732948866377
6.8597082787423
6.7783903396448
6.71377244104233
6.66466331430552
6.62870276475307
6.60288300219028
6.58408459607859
6.5695467249643
6.55721076056997
6.54590316153648
