2.25592066159481
2.26392174177848
2.27149797966917
2.27816119367545
2.28372814739197
2.28839219886255
2.29275150033342
2.29778349475989
2.30476144526073
2.31511619517459
2.33025443780078
2.35135239606489
2.37914978613464
2.41377213764359
2.45460909117476
2.50027175805567
2.54864376717316
2.59702905788542
2.64238624446633
2.68162636426859
2.71194009123472
2.73111393758936
2.73779394057874
2.73166038046623
2.71348776366148
2.68507922671106
2.64908149679189
2.60870298409015
2.56737090330346
2.52837142045065
2.49451843911544
2.46789158903104
2.4496731693746
2.4400990651245
2.43852242158416
2.44357370582744
2.45338898194509
2.4658713798686
2.47894953030671
