1.35741382061923
1.34575282382832
1.33217989389126
1.31741014825221
1.30238171828486
1.28820178733907
1.27607048304246
1.26718933255484
1.26266327785749
1.26340640902525
1.27006139256596
1.28294104333577
1.30199781927296
1.32682359590886
1.35667840770199
1.39054346712248
1.42719118145214
1.46526344624218
1.50334938585054
1.54005490848484
1.57405871328863
1.60415232710346
1.62926484584269
1.64847576743073
1.66102114634112
1.66629893357444
1.66387865987228
1.65351868823761
1.63519145695125
1.60911399564989
1.57577815936797
1.53597310115735
1.49079196115992
1.44161581155717
1.3900704825163
1.33795562254916
1.28714959795063
1.23949786669255
1.19669554733311
