3.87550019754418
3.89452834549178
3.89113994297317
3.86480126018781
3.81784157361617
3.75550025163319
3.68558737271477
3.61776000310311
3.56247445035234
3.52973002690716
3.52776257545976
3.56186785717957
3.63353030867053
3.7400001227417
3.87440429177384
4.02640287677609
4.18332150994229
4.33161788626366
4.45848612309885
4.55337797160693
4.60922892799325
4.6232195845018
4.59697159516302
4.53616221311314
4.44962753722922
4.34809819914951
4.24276037474623
4.14385232008497
4.05949041958255
3.99487314644875
3.95194539500803
3.92953138394895
3.92387445440283
3.92946764611707
3.94002746070515
3.94945766843732
3.95266865031729
3.94615493903889
3.92828118352409
