-1.68800019754418
-0.082028345491783
1.29636005702683
-0.614801260187805
0.369658426383827
0.619499748366808
-0.123087372714772
-0.367760003103114
-0.437474450352344
-0.279730026907163
0.0972374245402419
0.000632142820434556
0.366469691329475
0.134999877258303
-0.811904291773843
-0.901402876776094
-0.183321509942292
-0.0816178862636558
0.479013876901147
-0.365877971606934
13.5782710720068
16.9392804154982
2.71552840483698
0.15133778688686
-1.07462753722922
-0.848098199149514
-0.367760374746226
-0.0813523200849691
0.190509580417453
-0.119873146448747
0.235554604991967
-0.0545313839489525
0.888625545597165
-0.366967646117074
0.24747253929485
-0.0744576684373213
0.484831349682711
0.366345060961113
-1.42828118352409
