               -133.17002868652343750000                  2.18750000000000000000                 -1.68800020217895507812                  3.87550020217895507812
               -117.17002868652343750000                  3.81250000000000000000                 -0.08202834427356719971                  3.89452838897705078125
               -101.17002868652343750000                  5.18750000000000000000                  1.29636001586914062500                  3.89113998413085937500
                -85.17002868652343750000                  3.25000000000000000000                 -0.61480128765106201172                  3.86480116844177246094
                -69.17002868652343750000                  4.18750000000000000000                  0.36965844035148620605                  3.81784152984619140625
                -53.17002868652343750000                  4.37500000000000000000                  0.61949974298477172852                  3.75550031661987304688
                -37.17002868652343750000                  3.56250000000000000000                 -0.12308737635612487793                  3.68558740615844726562
                -21.17002868652343750000                  3.25000000000000000000                 -0.36776000261306762695                  3.61775994300842285156
                 -5.17002868652343750000                  3.12500000000000000000                 -0.43747445940971374512                  3.56247448921203613281
                 10.82997131347656250000                  3.25000000000000000000                 -0.27973002195358276367                  3.52973008155822753906
                 26.82997131347656250000                  3.62500000000000000000                  0.09723742306232452393                  3.52776265144348144531
                 42.82997131347656250000                  3.56250000000000000000                  0.00063214282272383571                  3.56186795234680175781
                 58.82997131347656250000                  4.00000000000000000000                  0.36646968126296997070                  3.63353037834167480469
                 74.82997131347656250000                  3.87500000000000000000                  0.13499987125396728516                  3.74000000953674316406
                 90.82997131347656250000                  3.06250000000000000000                 -0.81190431118011474609                  3.87440419197082519531
                106.82997131347656250000                  3.12500000000000000000                 -0.90140289068222045898                  4.02640295028686523438
                122.82997131347656250000                  4.00000000000000000000                 -0.18332150578498840332                  4.18332147598266601562
                138.82997131347656250000                  4.25000000000000000000                 -0.08161788433790206909                  4.33161783218383789062
                154.82997131347656250000                  4.93750000000000000000                  0.47901389002799987793                  4.45848608016967773438
                170.82997131347656250000                  4.18750000000000000000                 -0.36587798595428466797                  4.55337810516357421875
                186.82997131347656250000                 18.18750000000000000000                 13.57827091217041015625                  4.60922908782958984375
                202.82997131347656250000                 21.56250000000000000000                 16.93927955627441406250                  4.62321949005126953125
                218.82997131347656250000                  7.31250000000000000000                  2.71552848815917968750                  4.59697151184082031250
                234.82997131347656250000                  4.68750000000000000000                  0.15133778750896453857                  4.53616237640380859375
                250.82997131347656250000                  3.37500000000000000000                 -1.07462751865386962891                  4.44962739944458007812
                266.82997131347656250000                  3.50000000000000000000                 -0.84809821844100952148                  4.34809827804565429688
                282.82997131347656250000                  3.87500000000000000000                 -0.36776036024093627930                  4.24276018142700195312
                298.82997131347656250000                  4.06250000000000000000                 -0.08135232329368591309                  4.14385223388671875000
                314.82997131347656250000                  4.25000000000000000000                  0.19050958752632141113                  4.05949020385742187500
                330.82997131347656250000                  3.87500000000000000000                 -0.11987314373254776001                  3.99487304687500000000
                346.82997131347656250000                  4.18750000000000000000                  0.23555460572242736816                  3.95194530487060546875
                362.82997131347656250000                  3.87500000000000000000                 -0.05453138425946235657                  3.92953133583068847656
                378.82997131347656250000                  4.81250000000000000000                  0.88862556219100952148                  3.92387437820434570312
                394.82997131347656250000                  3.56250000000000000000                 -0.36696764826774597168                  3.92946767807006835938
                410.82997131347656250000                  4.18750000000000000000                  0.24747253954410552979                  3.94002747535705566406
                426.82997131347656250000                  3.87500000000000000000                 -0.07445766776800155640                  3.94945764541625976562
                442.82997131347656250000                  4.43750000000000000000                  0.48483136296272277832                  3.95266866683959960938
                458.82997131347656250000                  4.31250000000000000000                  0.36634504795074462891                  3.94615483283996582031
                474.82997131347656250000                  2.50000000000000000000                 -1.42828118801116943359                  3.92828106880187988281
