-2.1046387348106
-0.188002402733632
0.165854699253964
0.0825022425948791
0.187225743630933
1.66748247710879
-0.289601590175513
-0.247191766120163
-0.0186648331163486
0.0825022149584331
-0.319637284742693
-0.413364354884976
0.488330623613368
0.197848720164242
2.15304790525812
-0.0827341345411243
-1.07070249979712
-0.746670782568126
0.391336634103011
-1.02954402374867
69.8053419367701
94.6480464133732
5.06278593529981
0.426043831261333
0.238788496963913
1.00153626708792
-0.598177987963928
-0.498282392456034
-0.0746296710993812
0.671553379667326
-0.136278184055826
6.94312670574959e-05
-0.171414930624683
0.78460954674637
0.615896164562401
0.820178175778322
-0.0422545897236022
-0.410970193128644
-0.975303554660117
