               -133.17002868652343750000                  2.75000000000000000000                 -2.10463881492614746094                  4.85463857650756835938
               -117.17002868652343750000                  4.68750000000000000000                 -0.18800240755081176758                  4.87550258636474609375
               -101.17002868652343750000                  5.06250000000000000000                  0.16585469245910644531                  4.89664506912231445312
                -85.17002868652343750000                  5.00000000000000000000                  0.08250224590301513672                  4.91749763488769531250
                -69.17002868652343750000                  5.12500000000000000000                  0.18722574412822723389                  4.93777418136596679688
                -53.17002868652343750000                  6.62500000000000000000                  1.66748249530792236328                  4.95751762390136718750
                -37.17002868652343750000                  4.68750000000000000000                 -0.28960159420967102051                  4.97710180282592773438
                -21.17002868652343750000                  4.75000000000000000000                 -0.24719177186489105225                  4.99719190597534179688
                 -5.17002868652343750000                  5.00000000000000000000                 -0.01866483315825462341                  5.01866483688354492188
                 10.82997131347656250000                  5.12500000000000000000                  0.08250221610069274902                  5.04249763488769531250
                 26.82997131347656250000                  4.75000000000000000000                 -0.31963729858398437500                  5.06963729858398437500
                 42.82997131347656250000                  4.68750000000000000000                 -0.41336435079574584961                  5.10086441040039062500
                 58.82997131347656250000                  5.62500000000000000000                  0.48833063244819641113                  5.13666915893554687500
                 74.82997131347656250000                  5.37500000000000000000                  0.19784872233867645264                  5.17715120315551757812
                 90.82997131347656250000                  7.37500000000000000000                  2.15304780006408691406                  5.22195196151733398438
                106.82997131347656250000                  5.18750000000000000000                 -0.08273413777351379395                  5.27023410797119140625
                122.82997131347656250000                  4.25000000000000000000                 -1.07070255279541015625                  5.32070255279541015625
                138.82997131347656250000                  4.62500000000000000000                 -0.74667078256607055664                  5.37167072296142578125
                154.82997131347656250000                  5.81250000000000000000                  0.39133661985397338867                  5.42116355895996093750
                170.82997131347656250000                  4.43750000000000000000                 -1.02954399585723876953                  5.46704387664794921875
                186.82997131347656250000                 75.31250000000000000000                 69.80534362792968750000                  5.50715827941894531250
                202.82997131347656250000                100.18750000000000000000                 94.64804840087890625000                  5.53945350646972656250
                218.82997131347656250000                 10.62500000000000000000                  5.06278610229492187500                  5.56221389770507812500
                234.82997131347656250000                  6.00000000000000000000                  0.42604383826255798340                  5.57395601272583007812
                250.82997131347656250000                  5.81250000000000000000                  0.23878850042819976807                  5.57371139526367187500
                266.82997131347656250000                  6.56250000000000000000                  1.00153625011444091797                  5.56096363067626953125
                282.82997131347656250000                  4.93750000000000000000                 -0.59817796945571899414                  5.53567790985107421875
                298.82997131347656250000                  5.00000000000000000000                 -0.49828240275382995605                  5.49828243255615234375
                314.82997131347656250000                  5.37500000000000000000                 -0.07462967187166213989                  5.44962978363037109375
                330.82997131347656250000                  6.06250000000000000000                  0.67155337333679199219                  5.39094638824462890625
                346.82997131347656250000                  5.18750000000000000000                 -0.13627818226814270020                  5.32377815246582031250
                362.82997131347656250000                  5.25000000000000000000                  0.00006943126936675981                  5.24993038177490234375
                378.82997131347656250000                  5.00000000000000000000                 -0.17141492664813995361                  5.17141485214233398438
                394.82997131347656250000                  5.87500000000000000000                  0.78460955619812011719                  5.09039068222045898438
                410.82997131347656250000                  5.62500000000000000000                  0.61589616537094116211                  5.00910377502441406250
                426.82997131347656250000                  5.75000000000000000000                  0.82017815113067626953                  4.92982196807861328125
                442.82997131347656250000                  4.81250000000000000000                 -0.04225458949804306030                  4.85475444793701171875
                458.82997131347656250000                  4.37500000000000000000                 -0.41097018122673034668                  4.78597021102905273438
                474.82997131347656250000                  3.75000000000000000000                 -0.97530353069305419922                  4.72530364990234375000
