4.61008459731203
4.67081449679255
4.72093641876969
4.75415610620086
4.76645614848727
4.75719544880466
4.72992602655144
4.69274003038688
4.65799744782481
4.64135622504629
4.66012526903457
4.73107437239751
4.86794539526662
5.07899533551857
5.36494468905121
5.71768965805004
6.12005939615925
6.54676611806102
6.96652458233584
7.34513527311897
7.64916404371813
7.84973989751085
7.92595406946317
7.86738715662345
7.67541129324886
7.36309159177499
6.95371504885003
6.47817099817966
5.97156233076714
5.46951686721359
5.00468192228175
4.60382491435053
4.28584426191294
4.06084206703306
3.93025106570345
3.88786895522208
3.92155298028741
4.01527691113851
4.15125186891578
