-2.2628584961851
0.470089488197159
0.00609278734247631
0.282541496112213
-0.450058044435736
-0.00304871828573017
-0.0621545113031594
-0.125084572499615
2.12329422611705
0.0607302292776151
0.564828990043845
0.575294977548138
-0.781293120381097
0.495858762319661
0.969192707830117
0.512837529959727
-0.0622458167781472
-0.820526469435438
0.360898466356666
-0.144867861291421
71.2857888383224
96.0897231575384
7.57979398141269
0.694682204791498
0.124015549227989
-0.879453379669632
0.0623651785012527
0.0775286426550421
-0.206323131430849
0.0876776108470656
-0.289654692828099
0.286266747911586
0.438754095268433
0.039930364406576
0.648436885205046
-0.0527615926144369
-0.943508917707001
-1.27856726723039
-0.0622458607124869
