1.80995505616495
1.80532793138816
1.8075187696054
1.81700148903382
1.83390648488915
1.85801178239993
1.88876884169028
1.92536057025773
1.96678436531693
2.01194909377995
2.05977252678393
2.10926535847945
2.15958971072979
2.21008374745319
2.26024915078698
2.30970396087585
2.35810876250354
2.40507857357767
2.45009539568045
2.49243684891489
2.53113457740514
2.56497243175311
2.59252931484206
2.61226568790452
2.62264681770624
2.62229063092225
2.61012416646755
2.58553056920134
2.54846864109978
2.49954921971383
2.44005689870799
2.37191140228805
2.29756961627609
2.21987605184208
2.14187550716935
2.06660609861241
1.99689305004767
1.93516334847933
1.8832986446359
