-0.059955056164952
0.257172068611841
0.00498123039459708
-0.129501489033816
0.0410935151108456
-0.0455117823999343
-0.576268841690276
0.137139429742269
-0.15428436531693
0.488050906220051
-0.0597725267839291
0.328234641520553
-0.222089710729787
0.664916252546811
-0.0102491507869757
-0.0597039608758485
0.141891237496463
-0.59257857357767
-0.51259539568045
-0.30493684891489
2.03136542259486
1.12252756824689
0.0949706851579428
-0.174765687904523
0.252353182293757
-0.0597906309222518
-0.610124166467551
-0.585530569201335
0.139031358900219
0.250450780286165
0.0599431012920149
0.00308859771194792
0.202430383723909
-0.532376051842075
-0.266875507169355
-0.00410609861241396
-0.0593930500476731
0.877336651520667
-0.3832986446359
