               -133.17002868652343750000                  1.75000000000000000000                 -0.05995505675673484802                  1.80995500087738037109
               -117.17002868652343750000                  2.06250000000000000000                  0.25717207789421081543                  1.80532789230346679688
               -101.17002868652343750000                  1.81250000000000000000                  0.00498123047873377800                  1.80751872062683105469
                -85.17002868652343750000                  1.68750000000000000000                 -0.12950149178504943848                  1.81700146198272705078
                -69.17002868652343750000                  1.87500000000000000000                  0.04109351336956024170                  1.83390653133392333984
                -53.17002868652343750000                  1.81250000000000000000                 -0.04551178216934204102                  1.85801184177398681641
                -37.17002868652343750000                  1.31250000000000000000                 -0.57626885175704956055                  1.88876879215240478516
                -21.17002868652343750000                  2.06250000000000000000                  0.13713942468166351318                  1.92536056041717529297
                 -5.17002868652343750000                  1.81250000000000000000                 -0.15428435802459716797                  1.96678435802459716797
                 10.82997131347656250000                  2.50000000000000000000                  0.48805090785026550293                  2.01194906234741210938
                 26.82997131347656250000                  2.00000000000000000000                 -0.05977252498269081116                  2.05977249145507812500
                 42.82997131347656250000                  2.43750000000000000000                  0.32823464274406433105                  2.10926532745361328125
                 58.82997131347656250000                  1.93750000000000000000                 -0.22208970785140991211                  2.15958976745605468750
                 74.82997131347656250000                  2.87500000000000000000                  0.66491627693176269531                  2.21008372306823730469
                 90.82997131347656250000                  2.25000000000000000000                 -0.01024915091693401337                  2.26024913787841796875
                106.82997131347656250000                  2.25000000000000000000                 -0.05970396101474761963                  2.30970406532287597656
                122.82997131347656250000                  2.50000000000000000000                  0.14189124107360839844                  2.35810875892639160156
                138.82997131347656250000                  1.81250000000000000000                 -0.59257858991622924805                  2.40507864952087402344
                154.82997131347656250000                  1.93750000000000000000                 -0.51259541511535644531                  2.45009541511535644531
                170.82997131347656250000                  2.18750000000000000000                 -0.30493685603141784668                  2.49243688583374023438
                186.82997131347656250000                  4.56250000000000000000                  2.03136539459228515625                  2.53113460540771484375
                202.82997131347656250000                  3.68750000000000000000                  1.12252759933471679688                  2.56497240066528320312
                218.82997131347656250000                  2.68750000000000000000                  0.09497068822383880615                  2.59252929687500000000
                234.82997131347656250000                  2.43750000000000000000                 -0.17476569116115570068                  2.61226558685302734375
                250.82997131347656250000                  2.87500000000000000000                  0.25235319137573242188                  2.62264680862426757812
                266.82997131347656250000                  2.56250000000000000000                 -0.05979062989354133606                  2.62229061126708984375
                282.82997131347656250000                  2.00000000000000000000                 -0.61012417078018188477                  2.61012411117553710938
                298.82997131347656250000                  2.00000000000000000000                 -0.58553057909011840820                  2.58553051948547363281
                314.82997131347656250000                  2.68750000000000000000                  0.13903136551380157471                  2.54846858978271484375
                330.82997131347656250000                  2.75000000000000000000                  0.25045078992843627930                  2.49954915046691894531
                346.82997131347656250000                  2.50000000000000000000                  0.05994310230016708374                  2.44005680084228515625
                362.82997131347656250000                  2.37500000000000000000                  0.00308859767392277718                  2.37191128730773925781
                378.82997131347656250000                  2.50000000000000000000                  0.20243038237094879150                  2.29756951332092285156
                394.82997131347656250000                  1.68750000000000000000                 -0.53237605094909667969                  2.21987605094909667969
                410.82997131347656250000                  1.87500000000000000000                 -0.26687550544738769531                  2.14187550544738769531
                426.82997131347656250000                  2.06250000000000000000                 -0.00410609878599643707                  2.06660604476928710938
                442.82997131347656250000                  1.93750000000000000000                 -0.05939304828643798828                  1.99689304828643798828
                458.82997131347656250000                  2.81250000000000000000                  0.87733668088912963867                  1.93516337871551513672
                474.82997131347656250000                  1.50000000000000000000                 -0.38329863548278808594                  1.88329863548278808594
