1.84395936292058
1.84574456126973
1.8468999359643
1.84742427667778
1.84740425301539
1.8470192005087
1.84653827967944
1.84630975673669
1.84674266346538
1.84828150310026
1.8513749908226
1.85644010146031
1.86382300955844
1.87375890405901
1.8863331584953
1.90144689606717
1.91879050096719
1.93782893483238
1.9578026405304
1.97774719579136
1.9965336244406
2.01292878573306
2.0256777975593
2.03359076530076
2.03564790678616
2.03109251451735
2.01951450971172
2.0009105189023
1.97571291323134
1.94478249257336
1.90936328518999
1.87100218405231
1.8314402740894
1.79248612752019
1.75588354979799
1.72318691277748
1.69565621352636
1.67418149720495
1.65924265655739
