1.7672567525716
1.8010395518944
1.83244828222068
1.85994702050512
1.88256441504388
1.90003698402133
1.91286599078386
1.92227075961682
1.93003513828787
1.93825991069231
1.94904987255199
1.964177252068
1.98477060091323
2.01107830565465
2.04234773387803
2.07684542844027
2.11202285198532
2.14480929324589
2.17199262367764
2.19063345778891
2.19845184234444
2.19412926354359
2.17748202886154
2.14948263626534
2.11212988378537
2.06819184420181
2.02086431162675
1.97339785067799
1.92874770827984
1.88929299097168
1.85665673217159
1.83163997076331
1.8142643367116
1.80390214830166
1.79946297459344
1.79960201642063
1.80291819205956
1.80811707980128
1.81412382242253
