-0.342656454076572
-0.0244078556235077
-0.0197732957285974
0.29586476512561
0.297070085936602
-0.266609608191335
0.166909419215514
-0.465192156664427
0.0244251398523363
-0.051687092058728
-0.193229928477875
0.037851875814227
-0.107652376176369
-0.00377371371063595
-0.0244461359382633
0.0188909353086877
0.127182416045911
-0.0113464445809561
-0.0212738299282573
0.28496700678107
-0.0929238353844313
0.406918269637057
0.221093355645325
-0.0264609696345113
-0.0243486917109292
-0.0235909098923648
-0.0250130033782032
-0.0916568826275055
0.338771878842795
0.078917078780627
-0.120754580031356
-0.134514172711018
0.288543761536961
0.0244021666975398
0.261521380850822
0.313249357695987
-0.0697488167066738
-0.387036397306408
0.0490766475702014
