               -133.17002868652343750000                  0.68750000000000000000                 -0.34265646338462829590                  1.03015649318695068359
               -117.17002868652343750000                  1.00000000000000000000                 -0.02440785616636276245                  1.02440786361694335938
               -101.17002868652343750000                  1.00000000000000000000                 -0.01977329514920711517                  1.01977324485778808594
                -85.17002868652343750000                  1.31250000000000000000                  0.29586476087570190430                  1.01663517951965332031
                -69.17002868652343750000                  1.31250000000000000000                  0.29707008600234985352                  1.01542997360229492188
                -53.17002868652343750000                  0.75000000000000000000                 -0.26660960912704467773                  1.01660954952239990234
                -37.17002868652343750000                  1.18750000000000000000                  0.16690942645072937012                  1.02059054374694824219
                -21.17002868652343750000                  0.56250000000000000000                 -0.46519216895103454590                  1.02769219875335693359
                 -5.17002868652343750000                  1.06250000000000000000                  0.02442513965070247650                  1.03807485103607177734
                 10.82997131347656250000                  1.00000000000000000000                 -0.05168709158897399902                  1.05168712139129638672
                 26.82997131347656250000                  0.87500000000000000000                 -0.19322992861270904541                  1.06822991371154785156
                 42.82997131347656250000                  1.12500000000000000000                  0.03785187751054763794                  1.08714807033538818359
                 58.82997131347656250000                  1.00000000000000000000                 -0.10765237361192703247                  1.10765242576599121094
                 74.82997131347656250000                  1.12500000000000000000                 -0.00377371371723711491                  1.12877368927001953125
                 90.82997131347656250000                  1.12500000000000000000                 -0.02444613538682460785                  1.14944612979888916016
                106.82997131347656250000                  1.18750000000000000000                  0.01889093592762947083                  1.16860902309417724609
                122.82997131347656250000                  1.31250000000000000000                  0.12718240916728973389                  1.18531763553619384766
                138.82997131347656250000                  1.18750000000000000000                 -0.01134644448757171631                  1.19884645938873291016
                154.82997131347656250000                  1.18750000000000000000                 -0.02127382904291152954                  1.20877385139465332031
                170.82997131347656250000                  1.50000000000000000000                  0.28496700525283813477                  1.21503293514251708984
                186.82997131347656250000                  1.12500000000000000000                 -0.09292383491992950439                  1.21792387962341308594
                202.82997131347656250000                  1.62500000000000000000                  0.40691825747489929199                  1.21808171272277832031
                218.82997131347656250000                  1.43750000000000000000                  0.22109335660934448242                  1.21640670299530029297
                234.82997131347656250000                  1.18750000000000000000                 -0.02646096982061862946                  1.21396100521087646484
                250.82997131347656250000                  1.18750000000000000000                 -0.02434869110584259033                  1.21184873580932617188
                266.82997131347656250000                  1.18750000000000000000                 -0.02359090931713581085                  1.21109092235565185547
                282.82997131347656250000                  1.18750000000000000000                 -0.02501300349831581116                  1.21251296997070312500
                298.82997131347656250000                  1.12500000000000000000                 -0.09165688604116439819                  1.21665692329406738281
                314.82997131347656250000                  1.56250000000000000000                  0.33877187967300415039                  1.22372817993164062500
                330.82997131347656250000                  1.31250000000000000000                  0.07891707867383956909                  1.23358297348022460938
                346.82997131347656250000                  1.12500000000000000000                 -0.12075457721948623657                  1.24575459957122802734
                362.82997131347656250000                  1.12500000000000000000                 -0.13451416790485382080                  1.25951421260833740234
                378.82997131347656250000                  1.56250000000000000000                  0.28854376077651977539                  1.27395617961883544922
                394.82997131347656250000                  1.31250000000000000000                  0.02440216578543186188                  1.28809785842895507812
                410.82997131347656250000                  1.56250000000000000000                  0.26152136921882629395                  1.30097866058349609375
                426.82997131347656250000                  1.62500000000000000000                  0.31324934959411621094                  1.31175065040588378906
                442.82997131347656250000                  1.25000000000000000000                 -0.06974881887435913086                  1.31974875926971435547
                458.82997131347656250000                  0.93750000000000000000                 -0.38703638315200805664                  1.32453644275665283203
                474.82997131347656250000                  1.37500000000000000000                  0.04907664656639099121                  1.32592332363128662109
