1.03015645407657
1.02440785562351
1.0197732957286
1.01663523487439
1.0154299140634
1.01660960819134
1.02059058078449
1.02769215666443
1.03807486014766
1.05168709205873
1.06822992847788
1.08714812418577
1.10765237617637
1.12877371371064
1.14944613593826
1.16860906469131
1.18531758395409
1.19884644458096
1.20877382992826
1.21503299321893
1.21792383538443
1.21808173036294
1.21640664435468
1.21396096963451
1.21184869171093
1.21109090989236
1.2125130033782
1.21665688262751
1.2237281211572
1.23358292121937
1.24575458003136
1.25951417271102
1.27395623846304
1.28809783330246
1.30097861914918
1.31175064230401
1.31974881670667
1.32453639730641
1.3259233524298
