               -133.17002868652343750000                 10.31250000000000000000                 -7.18615818023681640625                 17.49865722656250000000
               -117.17002868652343750000                 16.81250000000000000000                 -0.75906491279602050781                 17.57156562805175781250
               -101.17002868652343750000                 17.87500000000000000000                  0.22954353690147399902                 17.64545631408691406250
                -85.17002868652343750000                 20.93750000000000000000                  3.21830701828002929688                 17.71919250488281250000
                -69.17002868652343750000                 18.93750000000000000000                  1.14479076862335205078                 17.79270935058593750000
                -53.17002868652343750000                 18.12500000000000000000                  0.25799769163131713867                 17.86700248718261718750
                -37.17002868652343750000                 17.43750000000000000000                 -0.50642859935760498047                 17.94392776489257812500
                -21.17002868652343750000                 16.31250000000000000000                 -1.71332669258117675781                 18.02582740783691406250
                 -5.17002868652343750000                 20.00000000000000000000                  1.88498079776763916016                 18.11501884460449218750
                 10.82997131347656250000                 18.31250000000000000000                  0.09923401474952697754                 18.21326637268066406250
                 26.82997131347656250000                 17.25000000000000000000                 -1.07125842571258544922                 18.32125854492187500000
                 42.82997131347656250000                 18.50000000000000000000                  0.06175848841667175293                 18.43824195861816406250
                 58.82997131347656250000                 17.00000000000000000000                 -1.56183230876922607422                 18.56183242797851562500
                 74.82997131347656250000                 19.87500000000000000000                  1.18692302703857421875                 18.68807601928710937500
                 90.82997131347656250000                 17.62500000000000000000                 -1.18674790859222412109                 18.81174850463867187500
                106.82997131347656250000                 19.37500000000000000000                  0.44815540313720703125                 18.92684555053710937500
                122.82997131347656250000                 18.87500000000000000000                 -0.15222647786140441895                 19.02722740173339843750
                138.82997131347656250000                 21.00000000000000000000                  1.89271473884582519531                 19.10728454589843750000
                154.82997131347656250000                 18.37500000000000000000                 -0.78755474090576171875                 19.16255378723144531250
                170.82997131347656250000                 19.06250000000000000000                 -0.12766766548156738281                 19.19016838073730468750
                186.82997131347656250000                 26.62500000000000000000                  7.43590545654296875000                 19.18909454345703125000
                202.82997131347656250000                 21.31250000000000000000                  2.15236592292785644531                 19.16013336181640625000
                218.82997131347656250000                 18.87500000000000000000                 -0.23066942393779754639                 19.10566902160644531250
                234.82997131347656250000                 19.12500000000000000000                  0.09576461464166641235                 19.02923583984375000000
                250.82997131347656250000                 18.81250000000000000000                 -0.12248002737760543823                 18.93498039245605468750
                266.82997131347656250000                 18.25000000000000000000                 -0.57710891962051391602                 18.82710838317871093750
                282.82997131347656250000                 16.56250000000000000000                 -2.14690446853637695312                 18.70940399169921875000
                298.82997131347656250000                 20.12500000000000000000                  1.54010629653930664062                 18.58489418029785156250
                314.82997131347656250000                 18.68750000000000000000                  0.23179557919502258301                 18.45570373535156250000
                330.82997131347656250000                 16.68750000000000000000                 -1.63562297821044921875                 18.32312202453613281250
                346.82997131347656250000                 16.37500000000000000000                 -1.81281960010528564453                 18.18782043457031250000
                362.82997131347656250000                 18.56250000000000000000                  0.51231050491333007812                 18.05018997192382812500
                378.82997131347656250000                 19.93750000000000000000                  2.02676653861999511719                 17.91073417663574218750
                394.82997131347656250000                 18.00000000000000000000                  0.22959779202938079834                 17.77040290832519531250
                410.82997131347656250000                 18.50000000000000000000                  0.86916154623031616211                 17.63083839416503906250
                426.82997131347656250000                 16.93750000000000000000                 -0.55697095394134521484                 17.49447059631347656250
                442.82997131347656250000                 16.56250000000000000000                 -0.80194538831710815430                 17.36444473266601562500
                458.82997131347656250000                 19.06250000000000000000                  1.81809580326080322266                 17.24440383911132812500
                474.82997131347656250000                 16.18750000000000000000                 -0.95065355300903320312                 17.13815307617187500000
