-0.488153421268083
-0.145322393513588
0.0716937550859298
-0.273058796717466
0.0717897517457886
0.232290827320307
-0.0409263096176304
0.377296333332051
-0.0758396866542981
0.161489488465281
0.150862744359748
-0.296218045585325
-0.368149812465596
0.184432780696403
-0.51372407440475
-0.274936285125936
0.213904213556878
-0.108753508636618
-0.491758266470277
0.441070591635097
1.56576424690042
0.633047304707899
0.0807265365528964
0.0961414182528371
-0.258818117700077
-0.172632366579772
0.040973744384861
-0.494319302222145
0.0327245762017516
-0.0664750699489529
-0.230226636767792
0.0409738217087783
0.559434332634125
0.0752178833858701
-0.0364340941871872
0.0373106286653841
-0.203207792466215
0.367293472306936
-0.125999759760644
