               -133.17002868652343750000                  0.50000000000000000000                 -0.48815342783927917480                  0.98815339803695678711
               -117.17002868652343750000                  0.87500000000000000000                 -0.14532239735126495361                  1.02032244205474853516
               -101.17002868652343750000                  1.12500000000000000000                  0.07169375568628311157                  1.05330622196197509766
                -85.17002868652343750000                  0.81250000000000000000                 -0.27305880188941955566                  1.08555877208709716797
                -69.17002868652343750000                  1.18750000000000000000                  0.07178974896669387817                  1.11571025848388671875
                -53.17002868652343750000                  1.37500000000000000000                  0.23229083418846130371                  1.14270913600921630859
                -37.17002868652343750000                  1.12500000000000000000                 -0.04092631116509437561                  1.16592633724212646484
                -21.17002868652343750000                  1.56250000000000000000                  0.37729632854461669922                  1.18520367145538330078
                 -5.17002868652343750000                  1.12500000000000000000                 -0.07583968341350555420                  1.20083963871002197266
                 10.82997131347656250000                  1.37500000000000000000                  0.16148948669433593750                  1.21351051330566406250
                 26.82997131347656250000                  1.37500000000000000000                  0.15086273849010467529                  1.22413730621337890625
                 42.82997131347656250000                  0.93750000000000000000                 -0.29621803760528564453                  1.23371803760528564453
                 58.82997131347656250000                  0.87500000000000000000                 -0.36814981698989868164                  1.24314975738525390625
                 74.82997131347656250000                  1.43750000000000000000                  0.18443277478218078613                  1.25306725502014160156
                 90.82997131347656250000                  0.75000000000000000000                 -0.51372408866882324219                  1.26372408866882324219
                106.82997131347656250000                  1.00000000000000000000                 -0.27493628859519958496                  1.27493631839752197266
                122.82997131347656250000                  1.50000000000000000000                  0.21390421688556671143                  1.28609573841094970703
                138.82997131347656250000                  1.18750000000000000000                 -0.10875350981950759888                  1.29625356197357177734
                154.82997131347656250000                  0.81250000000000000000                 -0.49175825715065002441                  1.30425822734832763672
                170.82997131347656250000                  1.75000000000000000000                  0.44107058644294738770                  1.30892944335937500000
                186.82997131347656250000                  2.87500000000000000000                  1.56576418876647949219                  1.30923581123352050781
                202.82997131347656250000                  1.93750000000000000000                  0.63304728269577026367                  1.30445265769958496094
                218.82997131347656250000                  1.37500000000000000000                  0.08072653412818908691                  1.29427349567413330078
                234.82997131347656250000                  1.37500000000000000000                  0.09614142030477523804                  1.27885854244232177734
                250.82997131347656250000                  1.00000000000000000000                 -0.25881811976432800293                  1.25881814956665039062
                266.82997131347656250000                  1.06250000000000000000                 -0.17263236641883850098                  1.23513233661651611328
                282.82997131347656250000                  1.25000000000000000000                  0.04097374528646469116                  1.20902621746063232422
                298.82997131347656250000                  0.68750000000000000000                 -0.49431928992271423340                  1.18181931972503662109
                314.82997131347656250000                  1.18750000000000000000                  0.03272457793354988098                  1.15477538108825683594
                330.82997131347656250000                  1.06250000000000000000                 -0.06647507101297378540                  1.12897503376007080078
                346.82997131347656250000                  0.87500000000000000000                 -0.23022663593292236328                  1.10522663593292236328
                362.82997131347656250000                  1.12500000000000000000                  0.04097382351756095886                  1.08402621746063232422
                378.82997131347656250000                  1.62500000000000000000                  0.55943435430526733398                  1.06556570529937744141
                394.82997131347656250000                  1.12500000000000000000                  0.07521788030862808228                  1.04978215694427490234
                410.82997131347656250000                  1.00000000000000000000                 -0.03643409535288810730                  1.03643405437469482422
                426.82997131347656250000                  1.06250000000000000000                  0.03731063008308410645                  1.02518939971923828125
                442.82997131347656250000                  0.81250000000000000000                 -0.20320779085159301758                  1.01570785045623779297
                458.82997131347656250000                  1.37500000000000000000                  0.36729347705841064453                  1.00770652294158935547
                474.82997131347656250000                  0.87500000000000000000                 -0.12599976360797882080                  1.00099980831146240234
