0.988153421268083
1.02032239351359
1.05330624491407
1.08555879671747
1.11571024825421
1.14270917267969
1.16592630961763
1.18520366666795
1.2008396866543
1.21351051153472
1.22413725564025
1.23371804558533
1.2431498124656
1.2530672193036
1.26372407440475
1.27493628512594
1.28609578644312
1.29625350863662
1.30425826647028
1.3089294083649
1.30923575309958
1.3044526952921
1.2942734634471
1.27885858174716
1.25881811770008
1.23513236657977
1.20902625561514
1.18181930222214
1.15477542379825
1.12897506994895
1.10522663676779
1.08402617829122
1.06556566736587
1.04978211661413
1.03643409418719
1.02518937133462
1.01570779246622
1.00770652769306
1.00099975976064
