26.1657185131388
26.2282990689007
26.2856704140697
26.3356222242814
26.3765211814914
26.4075969472113
26.4291739846829
26.4428117711618
26.4513228874537
26.4586501498735
26.4695989527612
26.4894373686057
26.5233921659456
26.576081797481
26.6509361358758
26.7496565452171
26.8717687435128
27.0143153825056
27.1717262134285
27.3358920311704
27.4964550334278
27.6413358870257
27.7573209742307
27.8311494285447
27.8502572153343
27.8039021500128
27.6841156930732
27.4865531113013
27.2111332790913
26.862391830318
26.4494912297231
25.9858603743005
25.4884720258651
24.9768046714336
24.4715712932844
23.9933258306951
23.5610744174057
23.1910199706575
22.8955547500692
