-11.1032185131388
-3.16579906890066
-0.410670414069745
2.16437777571858
-2.1265211814914
1.02990305278867
0.258326015317056
-0.317811771161789
4.17367711254633
-0.771150149873538
0.780401047238836
-1.05193736860572
0.226607834054448
1.36141820251898
-1.65093613587585
-0.68715654521715
-1.43426874351281
0.298184617494357
3.70327378657147
0.226607968829622
60.2535449665722
98.2336641129743
18.3676790257693
0.918850571455277
-0.725257215334313
-1.24140215001277
-3.18411569307319
1.95094688869874
0.726366720908697
0.762608169682043
1.98800877027688
-0.235860374300515
0.636527974134861
-0.226804671433648
1.40342870671561
-1.05582583069514
-0.561074417405724
0.121480029342507
-2.70805475006922
