               -133.17002868652343750000                 15.06250000000000000000                -11.10321807861328125000                 26.16571807861328125000
               -117.17002868652343750000                 23.06250000000000000000                 -3.16579914093017578125                 26.22829818725585937500
               -101.17002868652343750000                 25.87500000000000000000                 -0.41067039966583251953                 26.28567123413085937500
                -85.17002868652343750000                 28.50000000000000000000                  2.16437768936157226562                 26.33562278747558593750
                -69.17002868652343750000                 24.25000000000000000000                 -2.12652111053466796875                 26.37652206420898437500
                -53.17002868652343750000                 27.43750000000000000000                  1.02990305423736572266                 26.40759658813476562500
                -37.17002868652343750000                 26.68750000000000000000                  0.25832602381706237793                 26.42917442321777343750
                -21.17002868652343750000                 26.12500000000000000000                 -0.31781175732612609863                 26.44281196594238281250
                 -5.17002868652343750000                 30.62500000000000000000                  4.17367696762084960938                 26.45132255554199218750
                 10.82997131347656250000                 25.68750000000000000000                 -0.77115017175674438477                 26.45865058898925781250
                 26.82997131347656250000                 27.25000000000000000000                  0.78040105104446411133                 26.46959877014160156250
                 42.82997131347656250000                 25.43750000000000000000                 -1.05193734169006347656                 26.48943710327148437500
                 58.82997131347656250000                 26.75000000000000000000                  0.22660782933235168457                 26.52339172363281250000
                 74.82997131347656250000                 27.93750000000000000000                  1.36141824722290039062                 26.57608222961425781250
                 90.82997131347656250000                 25.00000000000000000000                 -1.65093612670898437500                 26.65093612670898437500
                106.82997131347656250000                 26.06250000000000000000                 -0.68715655803680419922                 26.74965667724609375000
                122.82997131347656250000                 25.43750000000000000000                 -1.43426871299743652344                 26.87176895141601562500
                138.82997131347656250000                 27.31250000000000000000                  0.29818460345268249512                 27.01431465148925781250
                154.82997131347656250000                 30.87500000000000000000                  3.70327377319335937500                 27.17172622680664062500
                170.82997131347656250000                 27.56250000000000000000                  0.22660796344280242920                 27.33589172363281250000
                186.82997131347656250000                 87.75000000000000000000                 60.25354385375976562500                 27.49645423889160156250
                202.82997131347656250000                125.87500000000000000000                 98.23366546630859375000                 27.64133644104003906250
                218.82997131347656250000                 46.12500000000000000000                 18.36767959594726562500                 27.75732040405273437500
                234.82997131347656250000                 28.75000000000000000000                  0.91885060071945190430                 27.83115005493164062500
                250.82997131347656250000                 27.12500000000000000000                 -0.72525721788406372070                 27.85025787353515625000
                266.82997131347656250000                 26.56250000000000000000                 -1.24140214920043945312                 27.80390167236328125000
                282.82997131347656250000                 24.50000000000000000000                 -3.18411564826965332031                 27.68411636352539062500
                298.82997131347656250000                 29.43750000000000000000                  1.95094692707061767578                 27.48655319213867187500
                314.82997131347656250000                 27.93750000000000000000                  0.72636669874191284180                 27.21113395690917968750
                330.82997131347656250000                 27.62500000000000000000                  0.76260817050933837891                 26.86239242553710937500
                346.82997131347656250000                 28.43750000000000000000                  1.98800873756408691406                 26.44949150085449218750
                362.82997131347656250000                 25.75000000000000000000                 -0.23586037755012512207                 25.98586082458496093750
                378.82997131347656250000                 26.12500000000000000000                  0.63652795553207397461                 25.48847198486328125000
                394.82997131347656250000                 24.75000000000000000000                 -0.22680467367172241211                 24.97680473327636718750
                410.82997131347656250000                 25.87500000000000000000                  1.40342867374420166016                 24.47157096862792968750
                426.82997131347656250000                 22.93750000000000000000                 -1.05582582950592041016                 23.99332618713378906250
                442.82997131347656250000                 23.00000000000000000000                 -0.56107443571090698242                 23.56107521057128906250
                458.82997131347656250000                 23.31250000000000000000                  0.12148003280162811279                 23.19101905822753906250
                474.82997131347656250000                 20.18750000000000000000                 -2.70805478096008300781                 22.89555549621582031250
