-0.723434432746417
0.0839259751569639
0.455726250400996
-0.295112213553159
0.143851369377124
-0.227999788763833
0.0256559828277285
0.0906605113712207
-0.0349559473809788
0.0842673417583404
-0.303488910361339
-0.0745243899342045
0.458147078373359
-0.267512832543656
-0.187489866564005
0.0132252593936095
-0.224558884865631
-0.0845514340507831
0.0621185394299149
0.156464968395974
3.45123047424203
3.07305082723829
0.0847440880369754
0.110253160987489
-0.165250946952446
-0.0576200888779383
-0.258368557665415
-0.0842494377792595
-0.539322063485828
0.122936995557212
-0.100063841793984
0.227655447947222
-0.0817942107259375
0.159766253736631
-0.358581067290667
-0.13458879945824
0.0843800465824658
0.176072950623753
-0.0444047409163404
