               -133.17002868652343750000                  0.50000000000000000000                 -0.72343444824218750000                  1.22343444824218750000
               -117.17002868652343750000                  1.31250000000000000000                  0.08392597734928131104                  1.22857403755187988281
               -101.17002868652343750000                  1.68750000000000000000                  0.45572623610496520996                  1.23177373409271240234
                -85.17002868652343750000                  0.93750000000000000000                 -0.29511222243309020996                  1.23261225223541259766
                -69.17002868652343750000                  1.37500000000000000000                  0.14385136961936950684                  1.23114860057830810547
                -53.17002868652343750000                  1.00000000000000000000                 -0.22799979150295257568                  1.22799980640411376953
                -37.17002868652343750000                  1.25000000000000000000                  0.02565598301589488983                  1.22434401512145996094
                -21.17002868652343750000                  1.31250000000000000000                  0.09066051244735717773                  1.22183954715728759766
                 -5.17002868652343750000                  1.18750000000000000000                 -0.03495594859123229980                  1.22245597839355468750
                 10.82997131347656250000                  1.31250000000000000000                  0.08426734060049057007                  1.22823262214660644531
                 26.82997131347656250000                  0.93750000000000000000                 -0.30348891019821166992                  1.24098896980285644531
                 42.82997131347656250000                  1.18750000000000000000                 -0.07452438771724700928                  1.26202440261840820312
                 58.82997131347656250000                  1.75000000000000000000                  0.45814707875251770020                  1.29185295104980468750
                 74.82997131347656250000                  1.06250000000000000000                 -0.26751282811164855957                  1.33001279830932617188
                 90.82997131347656250000                  1.18750000000000000000                 -0.18748986721038818359                  1.37498986721038818359
                106.82997131347656250000                  1.43750000000000000000                  0.01322525925934314728                  1.42427468299865722656
                122.82997131347656250000                  1.25000000000000000000                 -0.22455888986587524414                  1.47455883026123046875
                138.82997131347656250000                  1.43750000000000000000                 -0.08455143123865127563                  1.52205145359039306641
                154.82997131347656250000                  1.62500000000000000000                  0.06211853772401809692                  1.56288146972656250000
                170.82997131347656250000                  1.75000000000000000000                  0.15646496415138244629                  1.59353506565093994141
                186.82997131347656250000                  5.06250000000000000000                  3.45123052597045898438                  1.61126947402954101562
                202.82997131347656250000                  4.68750000000000000000                  3.07305073738098144531                  1.61444914340972900391
                218.82997131347656250000                  1.68750000000000000000                  0.08474408835172653198                  1.60275590419769287109
                234.82997131347656250000                  1.68750000000000000000                  0.11025316268205642700                  1.57724678516387939453
                250.82997131347656250000                  1.37500000000000000000                 -0.16525094211101531982                  1.54025089740753173828
                266.82997131347656250000                  1.43750000000000000000                 -0.05762008950114250183                  1.49512004852294921875
                282.82997131347656250000                  1.18750000000000000000                 -0.25836855173110961914                  1.44586861133575439453
                298.82997131347656250000                  1.31250000000000000000                 -0.08424943685531616211                  1.39674949645996093750
                314.82997131347656250000                  0.81250000000000000000                 -0.53932207822799682617                  1.35182201862335205078
                330.82997131347656250000                  1.43750000000000000000                  0.12293699383735656738                  1.31456303596496582031
                346.82997131347656250000                  1.18750000000000000000                 -0.10006384551525115967                  1.28756380081176757812
                362.82997131347656250000                  1.50000000000000000000                  0.22765544056892395020                  1.27234458923339843750
                378.82997131347656250000                  1.18750000000000000000                 -0.08179420977830886841                  1.26929426193237304688
                394.82997131347656250000                  1.43750000000000000000                  0.15976625680923461914                  1.27773380279541015625
                410.82997131347656250000                  0.93750000000000000000                 -0.35858106613159179688                  1.29608106613159179688
                426.82997131347656250000                  1.18750000000000000000                 -0.13458879292011260986                  1.32208883762359619141
                442.82997131347656250000                  1.43750000000000000000                  0.08438004553318023682                  1.35311996936798095703
                458.82997131347656250000                  1.56250000000000000000                  0.17607295513153076172                  1.38642704486846923828
                474.82997131347656250000                  1.37500000000000000000                 -0.04440474137663841248                  1.41940474510192871094
