1.22343443274642
1.22857402484304
1.231773749599
1.23261221355316
1.23114863062288
1.22799978876383
1.22434401717227
1.22183948862878
1.22245594738098
1.22823265824166
1.24098891036134
1.2620243899342
1.29185292162664
1.33001283254366
1.37498986656401
1.42427474060639
1.47455888486563
1.52205143405078
1.56288146057009
1.59353503160403
1.61126952575797
1.61444917276171
1.60275591196302
1.57724683901251
1.54025094695245
1.49512008887794
1.44586855766541
1.39674943777926
1.35182206348583
1.31456300444279
1.28756384179398
1.27234455205278
1.26929421072594
1.27773374626337
1.29608106729067
1.32208879945824
1.35311995341753
1.38642704937625
1.41940474091634
