               -133.17002868652343750000                  4.06250000000000000000                 -1.82598876953125000000                  5.88848876953125000000
               -117.17002868652343750000                  6.87500000000000000000                  0.97509992122650146484                  5.89989995956420898438
               -101.17002868652343750000                  6.12500000000000000000                  0.21020044386386871338                  5.91479969024658203125
                -85.17002868652343750000                  6.00000000000000000000                  0.06560654938220977783                  5.93439340591430664062
                -69.17002868652343750000                  7.18750000000000000000                  1.22730600833892822266                  5.96019411087036132812
                -53.17002868652343750000                  5.50000000000000000000                 -0.49389830231666564941                  5.99389839172363281250
                -37.17002868652343750000                  5.75000000000000000000                 -0.28720808029174804688                  6.03720808029174804688
                -21.17002868652343750000                  5.81250000000000000000                 -0.27910533547401428223                  6.09160518646240234375
                 -5.17002868652343750000                  6.81250000000000000000                  0.65439379215240478516                  6.15810632705688476562
                 10.82997131347656250000                  5.81250000000000000000                 -0.42452305555343627930                  6.23702287673950195312
                 26.82997131347656250000                  6.25000000000000000000                 -0.07776647806167602539                  6.32776641845703125000
                 42.82997131347656250000                  7.43750000000000000000                  1.00878059864044189453                  6.42871952056884765625
                 58.82997131347656250000                  6.25000000000000000000                 -0.28720787167549133301                  6.53720808029174804688
                 74.82997131347656250000                  6.43750000000000000000                 -0.21208339929580688477                  6.64958333969116210938
                 90.82997131347656250000                  7.12500000000000000000                  0.36358022689819335938                  6.76141977310180664062
                106.82997131347656250000                  6.00000000000000000000                 -0.86780899763107299805                  6.86780881881713867188
                122.82997131347656250000                  7.25000000000000000000                  0.28627112507820129395                  6.96372890472412109375
                138.82997131347656250000                  7.25000000000000000000                  0.20555835962295532227                  7.04444169998168945312
                154.82997131347656250000                  6.87500000000000000000                 -0.23087628185749053955                  7.10587644577026367188
                170.82997131347656250000                  5.25000000000000000000                 -1.89494764804840087891                  7.14494752883911132812
                186.82997131347656250000                 17.18750000000000000000                 10.02772808074951171875                  7.15977191925048828125
                202.82997131347656250000                 19.81250000000000000000                 12.66274547576904296875                  7.14975404739379882812
                218.82997131347656250000                  7.93750000000000000000                  0.82196348905563354492                  7.11553668975830078125
                234.82997131347656250000                  5.00000000000000000000                 -2.05882668495178222656                  7.05882644653320312500
                250.82997131347656250000                  7.06250000000000000000                  0.08036801964044570923                  6.98213195800781250000
                266.82997131347656250000                  5.68750000000000000000                 -1.20094859600067138672                  6.88844871520996093750
                282.82997131347656250000                  7.12500000000000000000                  0.34404632449150085449                  6.78095388412475585938
                298.82997131347656250000                  6.37500000000000000000                 -0.28774860501289367676                  6.66274881362915039062
                314.82997131347656250000                  6.18750000000000000000                 -0.34918811917304992676                  6.53668832778930664062
                330.82997131347656250000                  6.87500000000000000000                  0.46968832612037658691                  6.40531158447265625000
                346.82997131347656250000                  5.81250000000000000000                 -0.45837336778640747070                  6.27087354660034179688
                362.82997131347656250000                  7.43750000000000000000                  1.30205261707305908203                  6.13544750213623046875
                378.82997131347656250000                  6.37500000000000000000                  0.37392818927764892578                  6.00107192993164062500
                394.82997131347656250000                  5.43750000000000000000                 -0.43238770961761474609                  5.86988782882690429688
                410.82997131347656250000                  6.43750000000000000000                  0.69326621294021606445                  5.74423360824584960938
                426.82997131347656250000                  5.68750000000000000000                  0.06083355844020843506                  5.62666654586791992188
                442.82997131347656250000                  5.00000000000000000000                 -0.51989322900772094727                  5.51989316940307617188
                458.82997131347656250000                  5.56250000000000000000                  0.13587579131126403809                  5.42662429809570312500
                474.82997131347656250000                  5.06250000000000000000                 -0.28686383366584777832                  5.34936380386352539062
