5.88848871739965
5.89990008305049
5.91479956277619
5.93439345240769
5.96019401351841
5.99389829698389
6.03720808016234
6.09160533703081
6.15810623382225
6.23702305335841
6.32776648021195
6.42871944530507
6.53720786537941
6.64958340040403
6.76141978202107
6.86780900384176
6.96372888727152
7.04444164428626
7.10587627937802
7.14494762401575
7.15977208677882
7.14975417274565
7.11553652181855
7.05882662885555
6.98213197893645
6.88844862683437
6.78095368384822
6.66274859615437
6.53668810486721
6.40531166062332
6.27087337550525
6.13544741514627
6.0010718187281
5.86988771694408
5.74423376403789
5.62666643981202
5.51989324292821
5.42662420166748
5.34936384530357
