36.3629350101466
36.6197291108702
36.8510045534402
37.0418078761031
37.1796716220494
37.2560502943777
37.2674489115997
37.2160785844214
37.1099212382814
36.9621539400446
36.7899635169301
36.6128630315765
36.4506911763119
36.3215229523516
36.2397373459281
36.2144717972044
36.2486458889318
36.3386645772852
36.4748250131282
36.6423632428118
36.8230005403604
36.9967944499738
37.1440736871202
37.2472409630469
37.2922607497189
37.2697029906537
37.1752790404906
37.0098720406728
36.779120870376
36.4926576836258
36.1631203205931
35.8050627630557
35.4338726911088
35.0647805966261
34.7120160594324
34.3881393404656
34.1035544356909
33.8661950986881
33.6813679398114
