6.55402628374464
6.55889037775651
6.56145967410398
6.56131483210891
6.5582425273899
6.5523000869333
6.54385965370323
6.53362122605712
6.52258618071018
6.511987019104
6.50317476462018
6.49747201584375
6.49600616873638
6.49954263728579
6.50834093542169
6.52205638093977
6.53970652841135
6.55971438563501
6.58003077890214
6.59832720314705
6.61223977355802
6.61959087362819
6.61887278850597
6.60900732731559
6.58993942081737
6.56245708887854
6.52818182753837
6.48941721848656
6.44891928972495
6.40961716041007
6.37431871906051
6.34543727927501
6.32477126525253
6.31336074810606
6.31143349416412
6.31844091016911
6.33317276738042
6.35393050351088
6.37873338162742
