-3.05402628374464
0.566109622243495
0.0635403258960192
0.626185167891094
-0.3082425273899
-0.552300086933298
-1.16885965370323
0.341378773942883
1.22741381928982
0.238012980895996
-0.128174764620185
0.377527984156251
-0.496006168736378
0.0629573627142115
0.0541590645783065
-0.772056380939775
-0.914706528411347
0.565285614364988
0.357469221097862
-0.473327203147048
79.887760226442
115.067909126372
11.193627211494
0.390992672684411
0.660060579182628
-0.124957088878544
0.159318172461633
-0.551917218486562
0.988580710275053
-0.597117160410069
0.063181280939494
-1.03293727927501
-0.262271265252529
-0.0633607481060645
-0.24893349416412
0.244059089830887
0.229327232619579
0.646069496489122
-0.253733381627423
