               -133.17002868652343750000                  3.50000000000000000000                 -3.05402636528015136719                  6.55402612686157226562
               -117.17002868652343750000                  7.12500000000000000000                  0.56610959768295288086                  6.55889034271240234375
               -101.17002868652343750000                  6.62500000000000000000                  0.06354032456874847412                  6.56145954132080078125
                -85.17002868652343750000                  7.18750000000000000000                  0.62618517875671386719                  6.56131505966186523438
                -69.17002868652343750000                  6.25000000000000000000                 -0.30824252963066101074                  6.55824232101440429688
                -53.17002868652343750000                  6.00000000000000000000                 -0.55230009555816650391                  6.55229997634887695312
                -37.17002868652343750000                  5.37500000000000000000                 -1.16885960102081298828                  6.54385948181152343750
                -21.17002868652343750000                  6.87500000000000000000                  0.34137877821922302246                  6.53362131118774414062
                 -5.17002868652343750000                  7.75000000000000000000                  1.22741377353668212891                  6.52258634567260742188
                 10.82997131347656250000                  6.75000000000000000000                  0.23801298439502716064                  6.51198720932006835938
                 26.82997131347656250000                  6.37500000000000000000                 -0.12817476689815521240                  6.50317478179931640625
                 42.82997131347656250000                  6.87500000000000000000                  0.37752798199653625488                  6.49747180938720703125
                 58.82997131347656250000                  6.00000000000000000000                 -0.49600616097450256348                  6.49600601196289062500
                 74.82997131347656250000                  6.56250000000000000000                  0.06295736134052276611                  6.49954271316528320312
                 90.82997131347656250000                  6.56250000000000000000                  0.05415906384587287903                  6.50834083557128906250
                106.82997131347656250000                  5.75000000000000000000                 -0.77205640077590942383                  6.52205657958984375000
                122.82997131347656250000                  5.62500000000000000000                 -0.91470652818679809570                  6.53970670700073242188
                138.82997131347656250000                  7.12500000000000000000                  0.56528562307357788086                  6.55971431732177734375
                154.82997131347656250000                  6.93750000000000000000                  0.35746923089027404785                  6.58003091812133789062
                170.82997131347656250000                  6.12500000000000000000                 -0.47332718968391418457                  6.59832715988159179688
                186.82997131347656250000                 86.50000000000000000000                 79.88776397705078125000                  6.61223983764648437500
                202.82997131347656250000                121.68750000000000000000                115.06790924072265625000                  6.61959075927734375000
                218.82997131347656250000                 17.81250000000000000000                 11.19362735748291015625                  6.61887264251708984375
                234.82997131347656250000                  7.00000000000000000000                  0.39099267125129699707                  6.60900735855102539062
                250.82997131347656250000                  7.25000000000000000000                  0.66006058454513549805                  6.58993959426879882812
                266.82997131347656250000                  6.43750000000000000000                 -0.12495709210634231567                  6.56245708465576171875
                282.82997131347656250000                  6.68750000000000000000                  0.15931817889213562012                  6.52818202972412109375
                298.82997131347656250000                  5.93750000000000000000                 -0.55191719532012939453                  6.48941707611083984375
                314.82997131347656250000                  7.43750000000000000000                  0.98858070373535156250                  6.44891929626464843750
                330.82997131347656250000                  5.81250000000000000000                 -0.59711718559265136719                  6.40961694717407226562
                346.82997131347656250000                  6.43750000000000000000                  0.06318128108978271484                  6.37431859970092773438
                362.82997131347656250000                  5.31250000000000000000                 -1.03293728828430175781                  6.34543704986572265625
                378.82997131347656250000                  6.06250000000000000000                 -0.26227125525474548340                  6.32477140426635742188
                394.82997131347656250000                  6.25000000000000000000                 -0.06336075067520141602                  6.31336069107055664062
                410.82997131347656250000                  6.06250000000000000000                 -0.24893349409103393555                  6.31143331527709960938
                426.82997131347656250000                  6.56250000000000000000                  0.24405908584594726562                  6.31844091415405273438
                442.82997131347656250000                  6.56250000000000000000                  0.22932723164558410645                  6.33317279815673828125
                458.82997131347656250000                  7.00000000000000000000                  0.64606946706771850586                  6.35393047332763671875
                474.82997131347656250000                  6.12500000000000000000                 -0.25373336672782897949                  6.37873315811157226562
