5.72940356618877
5.73319512743065
5.72235095145653
5.69536971600183
5.65405353947298
5.60413858660551
5.55546138522428
5.5215338189469
5.51847098482675
5.56331054371043
5.67186697377504
5.85636214396329
6.12314621452196
6.47085339877347
6.88931455648055
7.35947048038101
7.85440372415654
8.34145021204066
8.78518915135973
9.15096838218617
9.40852749289759
9.53525084119314
9.51862407789565
9.35757522970557
9.06253740456935
8.65424875294658
8.16147691308867
7.61799231833271
7.05919709044015
6.51883396375584
6.02615466175846
5.60383176117274
5.26677205948649
5.02185560852037
4.86850433417221
4.79989397166832
4.80457211377776
4.86823491592348
4.97544004664118
