1.40722079797251
1.40064638960092
1.39039691895418
1.37689574409146
1.36091322116193
1.34353938788957
1.32611894537724
1.31015120540208
1.29716230557017
1.28856119177944
1.28549399101122
1.28871290586494
1.29847530284662
1.3144861492207
1.33589258700332
1.36133371339781
1.38904228654572
1.41698893827099
1.44305438939242
1.46521182758536
1.4817004729251
1.49117255415012
1.49279924799483
1.48632610022674
1.47207434899518
1.45089061505632
1.42405284410835
1.39314455337268
1.35991192809719
1.32611896265975
1.29341472123088
1.26322419286455
1.23667057855867
1.21453270099505
1.19723711111448
1.18488086454749
1.17727823121388
1.17402301239927
1.1745577364097
