-0.907220797972509
0.224353610399084
0.359603081045825
-0.189395744091456
0.0765867788380712
-0.218539387889566
-0.0761189453772391
0.189848794597925
0.265337694429828
-0.101061191779441
-0.0979939910112246
0.211287094135058
0.0765246971533762
-0.501986149220696
-0.085892587003318
0.388666286602191
-0.0765422865457217
0.0830110617290147
-0.00555438939241726
-0.402711827585355
3.0807995270749
2.75882744584988
-0.180299247994827
0.0761738997732608
-0.472074348995179
0.0491093849436828
0.0759471558916538
-0.455644553372682
0.452588071902811
-0.0761189626597474
0.706585278769121
0.0492758071354475
-0.174170578558672
-0.40203270099505
-0.0722371111144804
0.87761913545251
0.0102217687861161
0.0759769876007288
-0.299557736409705
