27.808390384989
27.878097478078
27.9764571387718
28.106432859058
28.2670849105252
28.452969374856
28.6540107786397
28.8559237693919
29.0411930522594
29.190546701708
29.2847863279245
29.3067792002007
29.243381811822
29.0870581341574
28.8369814881635
28.499464423292
28.0876395782584
27.6204059098552
27.1207464744419
26.6136034079229
26.123551794124
25.672858593755
25.2779462962057
24.9511877246616
24.6969909733089
24.5134205752904
24.3926117235239
24.3220998034327
24.286564581883
24.2697675404566
24.2564498566285
24.2339768554625
24.1935583316238
24.1309358599101
24.0464990411351
23.9448629601058
23.834000097424
23.7240645428281
23.6260702824152
