-11.683390384989
0.559402521921957
-0.351457138771774
-3.60643285905798
-2.51708491052516
-0.202969374856028
-0.154010778639698
-0.480923769391911
4.52130694774057
0.809453298291956
-0.40978632792449
0.505720799799324
-0.430881811822019
0.350441865842647
1.7255185118365
1.18803557670802
0.349860421741582
0.942094090144789
-0.0582464744419404
-1.11360340792291
61.376448205876
88.139641406245
10.9095537037943
-0.326187724661562
-1.38449097330886
2.04907942470961
1.29488827647607
0.24040019656729
-0.349064581882953
-0.769767540456559
3.43105014337155
-0.0464768554624655
0.681441668376198
-0.880935859910103
4.32850095886486
0.617637039894227
-1.52150009742396
-0.34906454282806
-3.81357028241523
