               -133.17002868652343750000                 16.12500000000000000000                -11.68339061737060546875                 27.80838966369628906250
               -117.17002868652343750000                 28.43750000000000000000                  0.55940252542495727539                 27.87809753417968750000
               -101.17002868652343750000                 27.62500000000000000000                 -0.35145714879035949707                 27.97645759582519531250
                -85.17002868652343750000                 24.50000000000000000000                 -3.60643291473388671875                 28.10643196105957031250
                -69.17002868652343750000                 25.75000000000000000000                 -2.51708483695983886719                 28.26708412170410156250
                -53.17002868652343750000                 28.25000000000000000000                 -0.20296937227249145508                 28.45296859741210937500
                -37.17002868652343750000                 28.50000000000000000000                 -0.15401077270507812500                 28.65401077270507812500
                -21.17002868652343750000                 28.37500000000000000000                 -0.48092377185821533203                 28.85592460632324218750
                 -5.17002868652343750000                 33.56250000000000000000                  4.52130699157714843750                 29.04119300842285156250
                 10.82997131347656250000                 30.00000000000000000000                  0.80945330858230590820                 29.19054603576660156250
                 26.82997131347656250000                 28.87500000000000000000                 -0.40978631377220153809                 29.28478622436523437500
                 42.82997131347656250000                 29.81250000000000000000                  0.50572079420089721680                 29.30677986145019531250
                 58.82997131347656250000                 28.81250000000000000000                 -0.43088179826736450195                 29.24338150024414062500
                 74.82997131347656250000                 29.43750000000000000000                  0.35044187307357788086                 29.08705902099609375000
                 90.82997131347656250000                 30.56250000000000000000                  1.72551846504211425781                 28.83698081970214843750
                106.82997131347656250000                 29.68750000000000000000                  1.18803560733795166016                 28.49946403503417968750
                122.82997131347656250000                 28.43750000000000000000                  0.34986042976379394531                 28.08763885498046875000
                138.82997131347656250000                 28.56250000000000000000                  0.94209408760070800781                 27.62040519714355468750
                154.82997131347656250000                 27.06250000000000000000                 -0.05824647471308708191                 27.12074661254882812500
                170.82997131347656250000                 25.50000000000000000000                 -1.11360335350036621094                 26.61360359191894531250
                186.82997131347656250000                 87.50000000000000000000                 61.37644958496093750000                 26.12355232238769531250
                202.82997131347656250000                113.81250000000000000000                 88.13964080810546875000                 25.67285919189453125000
                218.82997131347656250000                 36.18750000000000000000                 10.90955352783203125000                 25.27794647216796875000
                234.82997131347656250000                 24.62500000000000000000                 -0.32618772983551025391                 24.95118713378906250000
                250.82997131347656250000                 23.31250000000000000000                 -1.38449096679687500000                 24.69699096679687500000
                266.82997131347656250000                 26.56250000000000000000                  2.04907941818237304688                 24.51342010498046875000
                282.82997131347656250000                 25.68750000000000000000                  1.29488825798034667969                 24.39261245727539062500
                298.82997131347656250000                 24.56250000000000000000                  0.24040019512176513672                 24.32209968566894531250
                314.82997131347656250000                 23.93750000000000000000                 -0.34906458854675292969                 24.28656387329101562500
                330.82997131347656250000                 23.50000000000000000000                 -0.76976752281188964844                 24.26976776123046875000
                346.82997131347656250000                 27.68750000000000000000                  3.43105006217956542969                 24.25645065307617187500
                362.82997131347656250000                 24.18750000000000000000                 -0.04647685587406158447                 24.23397636413574218750
                378.82997131347656250000                 24.87500000000000000000                  0.68144166469573974609                 24.19355773925781250000
                394.82997131347656250000                 23.25000000000000000000                 -0.88093584775924682617                 24.13093566894531250000
                410.82997131347656250000                 28.37500000000000000000                  4.32850074768066406250                 24.04649925231933593750
                426.82997131347656250000                 24.56250000000000000000                  0.61763703823089599609                 23.94486236572265625000
                442.82997131347656250000                 22.31250000000000000000                 -1.52150011062622070312                 23.83399963378906250000
                458.82997131347656250000                 23.37500000000000000000                 -0.34906452894210815430                 23.72406387329101562500
                474.82997131347656250000                 19.81250000000000000000                 -3.81357026100158691406                 23.62607002258300781250
