24.4966534403445
25.1723233058661
25.895636462195
26.64069434689
27.3799803472499
28.0862433736997
28.7342972667458
29.3025382907918
29.7740290844169
30.1370688643816
30.3852536349913
30.5171104290294
30.5354498330153
30.4466083358732
30.2597401594705
29.9862695478837
29.6395400405525
29.2346147502802
28.7881117799764
28.3179205294916
27.8426502072655
27.3807139119482
26.9490415079624
26.5615235657225
26.2273920396679
25.9498154993233
25.7250071296304
25.5421020616247
25.3839596521861
25.2289020053399
25.0532384394452
24.8342778155127
24.5534261702393
24.198927685788
23.7678420504312
23.266955775874
22.7124808620713
22.128573745345
21.5448793612335
