               -133.17002868652343750000                  1.50000000000000000000                 -0.53618633747100830078                  2.03618645668029785156
               -117.17002868652343750000                  1.68750000000000000000                 -0.42334270477294921875                  2.11084270477294921875
               -101.17002868652343750000                  2.68750000000000000000                  0.50934731960296630859                  2.17815279960632324219
                -85.17002868652343750000                  2.68750000000000000000                  0.45360562205314636230                  2.23389434814453125000
                -69.17002868652343750000                  2.12500000000000000000                 -0.14998003840446472168                  2.27498006820678710938
                -53.17002868652343750000                  2.25000000000000000000                 -0.04984356090426445007                  2.29984354972839355469
                -37.17002868652343750000                  2.56250000000000000000                  0.25384205579757690430                  2.30865788459777832031
                -21.17002868652343750000                  3.12500000000000000000                  0.82165879011154174805                  2.30334115028381347656
                 -5.17002868652343750000                  2.43750000000000000000                  0.15016387403011322021                  2.28733611106872558594
                 10.82997131347656250000                  2.00000000000000000000                 -0.26518213748931884766                  2.26518225669860839844
                 26.82997131347656250000                  2.56250000000000000000                  0.32057049870491027832                  2.24192953109741210938
                 42.82997131347656250000                  1.81250000000000000000                 -0.40997177362442016602                  2.22247171401977539062
                 58.82997131347656250000                  2.12500000000000000000                 -0.08588900417089462280                  2.21088910102844238281
                 74.82997131347656250000                  2.18750000000000000000                 -0.02239502593874931335                  2.20989513397216796875
                 90.82997131347656250000                  1.43750000000000000000                 -0.78297030925750732422                  2.22047042846679687500
                106.82997131347656250000                  2.18750000000000000000                 -0.05423594266176223755                  2.24173593521118164062
                122.82997131347656250000                  2.31250000000000000000                  0.04141114652156829834                  2.27108883857727050781
                138.82997131347656250000                  1.62500000000000000000                 -0.67957991361618041992                  2.30457997322082519531
                154.82997131347656250000                  2.18750000000000000000                 -0.14997999370098114014                  2.33748006820678710938
                170.82997131347656250000                  2.68750000000000000000                  0.32254946231842041016                  2.36495041847229003906
                186.82997131347656250000                  8.06250000000000000000                  5.67977857589721679688                  2.38272142410278320312
                202.82997131347656250000                  9.25000000000000000000                  6.86232137680053710938                  2.38767838478088378906
                218.82997131347656250000                  2.37500000000000000000                 -0.00327670248225331306                  2.37827658653259277344
                234.82997131347656250000                  2.50000000000000000000                  0.14527107775211334229                  2.35472893714904785156
                250.82997131347656250000                  2.43750000000000000000                  0.11855359375476837158                  2.31894636154174804688
                266.82997131347656250000                  1.62500000000000000000                 -0.64925271272659301758                  2.27425265312194824219
                282.82997131347656250000                  2.37500000000000000000                  0.15007978677749633789                  2.22492027282714843750
                298.82997131347656250000                  2.00000000000000000000                 -0.17560280859470367432                  2.17560291290283203125
                314.82997131347656250000                  2.25000000000000000000                  0.11924976110458374023                  2.13075017929077148438
                330.82997131347656250000                  2.12500000000000000000                  0.03091508150100708008                  2.09408497810363769531
                346.82997131347656250000                  2.06250000000000000000                 -0.00570828700438141823                  2.06820821762084960938
                362.82997131347656250000                  2.12500000000000000000                  0.07062021642923355103                  2.05437970161437988281
                378.82997131347656250000                  2.06250000000000000000                  0.01001694519072771072                  2.05248308181762695312
                394.82997131347656250000                  1.81250000000000000000                 -0.24866645038127899170                  2.06116652488708496094
                410.82997131347656250000                  2.25000000000000000000                  0.17187835276126861572                  2.07812166213989257812
                426.82997131347656250000                  2.25000000000000000000                  0.14955107867717742920                  2.10044884681701660156
                442.82997131347656250000                  2.18750000000000000000                  0.06244868040084838867                  2.12505125999450683594
                458.82997131347656250000                  2.43750000000000000000                  0.28849664330482482910                  2.14900326728820800781
                474.82997131347656250000                  1.56250000000000000000                 -0.60735011100769042969                  2.16985011100769042969
