32.2442011574595
32.3883374605559
32.5122818295335
32.6134114603377
32.6904919431797
32.7437224870488
32.7746299150367
32.7858205800341
32.780618103457
32.7626298768113
32.7352940565092
32.7014598562411
32.6630472247597
32.6208188704959
32.5742806384921
32.5217087142714
32.4602872600796
32.3863303956111
32.2955591577934
32.183406915872
32.0453339452399
31.8770726547685
31.6752772811209
31.4371487595607
31.1614173464651
30.8482919631512
30.4997886020269
30.1199327801108
29.7148681071268
29.2928331885923
28.8639752145136
28.4399828547549
28.0335419225977
27.6576415225401
27.3247819314303
27.0461539877506
26.8308697139758
26.6853231380718
26.612748531466
