               -133.17002868652343750000                 20.50000000000000000000                -11.74420070648193359375                 32.24420166015625000000
               -117.17002868652343750000                 33.81250000000000000000                  1.42416250705718994141                 32.38833618164062500000
               -101.17002868652343750000                 32.81250000000000000000                  0.30021816492080688477                 32.51228332519531250000
                -85.17002868652343750000                 32.62500000000000000000                  0.01158853992819786072                 32.61341094970703125000
                -69.17002868652343750000                 34.06250000000000000000                  1.37200808525085449219                 32.69049072265625000000
                -53.17002868652343750000                 31.81250000000000000000                 -0.93122249841690063477                 32.74372100830078125000
                -37.17002868652343750000                 30.37500000000000000000                 -2.39962983131408691406                 32.77463150024414062500
                -21.17002868652343750000                 34.81250000000000000000                  2.02667951583862304688                 32.78582000732421875000
                 -5.17002868652343750000                 37.12500000000000000000                  4.34438180923461914062                 32.78061676025390625000
                 10.82997131347656250000                 33.75000000000000000000                  0.98737013339996337891                 32.76263046264648437500
                 26.82997131347656250000                 31.18750000000000000000                 -1.54779410362243652344                 32.73529434204101562500
                 42.82997131347656250000                 31.93750000000000000000                 -0.76395988464355468750                 32.70145797729492187500
                 58.82997131347656250000                 32.93750000000000000000                  0.27445277571678161621                 32.66304779052734375000
                 74.82997131347656250000                 32.06250000000000000000                 -0.55831885337829589844                 32.62081909179687500000
                 90.82997131347656250000                 32.87500000000000000000                  0.30071935057640075684                 32.57427978515625000000
                106.82997131347656250000                 32.81250000000000000000                  0.29079127311706542969                 32.52170944213867187500
                122.82997131347656250000                 33.25000000000000000000                  0.78971272706985473633                 32.46028900146484375000
                138.82997131347656250000                 32.68750000000000000000                  0.30116960406303405762                 32.38632965087890625000
                154.82997131347656250000                 31.12500000000000000000                 -1.17055916786193847656                 32.29555892944335937500
                170.82997131347656250000                 33.43750000000000000000                  1.25409305095672607422                 32.18340682983398437500
                186.82997131347656250000                 69.56250000000000000000                 37.51716613769531250000                 32.04533386230468750000
                202.82997131347656250000                 93.75000000000000000000                 61.87292861938476562500                 31.87707328796386718750
                218.82997131347656250000                 39.87500000000000000000                  8.19972229003906250000                 31.67527770996093750000
                234.82997131347656250000                 30.93750000000000000000                 -0.49964874982833862305                 31.43714904785156250000
                250.82997131347656250000                 33.31250000000000000000                  2.15108275413513183594                 31.16141700744628906250
                266.82997131347656250000                 29.37500000000000000000                 -1.47329199314117431641                 30.84829139709472656250
                282.82997131347656250000                 28.62500000000000000000                 -1.87478864192962646484                 30.49978828430175781250
                298.82997131347656250000                 32.62500000000000000000                  2.50506711006164550781                 30.11993217468261718750
                314.82997131347656250000                 30.00000000000000000000                  0.28513190150260925293                 29.71486854553222656250
                330.82997131347656250000                 30.25000000000000000000                  0.95716679096221923828                 29.29283332824707031250
                346.82997131347656250000                 31.00000000000000000000                  2.13602471351623535156                 28.86397552490234375000
                362.82997131347656250000                 27.87500000000000000000                 -0.56498283147811889648                 28.43998336791992187500
                378.82997131347656250000                 27.25000000000000000000                 -0.78354191780090332031                 28.03354263305664062500
                394.82997131347656250000                 30.25000000000000000000                  2.59235858917236328125                 27.65764236450195312500
                410.82997131347656250000                 27.62500000000000000000                  0.30021807551383972168                 27.32478141784667968750
                426.82997131347656250000                 25.93750000000000000000                 -1.10865402221679687500                 27.04615402221679687500
                442.82997131347656250000                 23.62500000000000000000                 -3.20586967468261718750                 26.83086967468261718750
                458.82997131347656250000                 27.06250000000000000000                  0.37717685103416442871                 26.68532371520996093750
                474.82997131347656250000                 22.75000000000000000000                 -3.86274862289428710938                 26.61274909973144531250
