31.7476658826555
32.0779892361276
32.3776625228693
32.6352162798799
32.8428549016338
32.9973162988884
33.1002224625424
33.1578386916956
33.1802391555553
33.1799634927046
33.1703292030051
33.1636234516063
33.1694239873801
33.193285679688
33.2359769916127
33.2933670920883
33.3569630986916
33.414995884702
33.4538702912064
33.4597466630634
33.420014264113
33.3244538837547
33.1659587665715
32.9407747683417
32.6483133421485
32.2906657014318
31.8719886016797
31.3979342703278
30.8752605609189
30.3116922066073
29.7160258667205
29.0983985923917
28.4705877333133
27.8461912243505
27.2405541597358
26.6703561306535
26.1528428638856
25.7047602232574
25.3411130854066
