-1.1502091988195
0.203366877241923
0.509379226497262
-0.047518806798176
0.0913316021670281
0.0463869497961711
-0.187222513498607
-0.364272047015
-0.176523155895576
0.0601472428588123
0.0310277025842642
-0.202267385928472
0.360726416629054
-0.278287211278148
0.633406263315566
-0.525782630845019
0.0603916516482876
0.333146678057553
-0.204150949881512
-0.361234020498322
8.17641427069592
9.22251528391552
-0.784950378355915
0.341391965394143
0.163496542779842
-1.06940148644289
0.141896821085549
-0.203310363305891
-0.168056528217485
0.497289684145008
0.167455348798376
-0.157852913898831
-0.229085490331782
0.203023168584388
0.44986477012623
-0.240074423566084
0.568823503369816
0.124412519342537
-0.513058437797502
