               -133.17002868652343750000                  1.25000000000000000000                 -1.15020918846130371094                  2.40020918846130371094
               -117.17002868652343750000                  2.56250000000000000000                  0.20336687564849853516                  2.35913300514221191406
               -101.17002868652343750000                  2.81250000000000000000                  0.50937920808792114258                  2.30312085151672363281
                -85.17002868652343750000                  2.18750000000000000000                 -0.04751880839467048645                  2.23501873016357421875
                -69.17002868652343750000                  2.25000000000000000000                  0.09133160114288330078                  2.15866827964782714844
                -53.17002868652343750000                  2.12500000000000000000                  0.04638694971799850464                  2.07861304283142089844
                -37.17002868652343750000                  1.81250000000000000000                 -0.18722251057624816895                  1.99972248077392578125
                -21.17002868652343750000                  1.56250000000000000000                 -0.36427205801010131836                  1.92677199840545654297
                 -5.17002868652343750000                  1.68750000000000000000                 -0.17652314901351928711                  1.86402320861816406250
                 10.82997131347656250000                  1.87500000000000000000                  0.06014724448323249817                  1.81485271453857421875
                 26.82997131347656250000                  1.81250000000000000000                  0.03102770261466503143                  1.78147232532501220703
                 42.82997131347656250000                  1.56250000000000000000                 -0.20226737856864929199                  1.76476740837097167969
                 58.82997131347656250000                  2.12500000000000000000                  0.36072641611099243164                  1.76427352428436279297
                 74.82997131347656250000                  1.50000000000000000000                 -0.27828720211982727051                  1.77828717231750488281
                 90.82997131347656250000                  2.43750000000000000000                  0.63340628147125244141                  1.80409371852874755859
                106.82997131347656250000                  1.31250000000000000000                 -0.52578264474868774414                  1.83828258514404296875
                122.82997131347656250000                  1.93750000000000000000                  0.06039165332913398743                  1.87710833549499511719
                138.82997131347656250000                  2.25000000000000000000                  0.33314669132232666016                  1.91685330867767333984
                154.82997131347656250000                  1.75000000000000000000                 -0.20415094494819641113                  1.95415091514587402344
                170.82997131347656250000                  1.62500000000000000000                 -0.36123400926589965820                  1.98623406887054443359
                186.82997131347656250000                 10.18750000000000000000                  8.17641448974609375000                  2.01108574867248535156
                202.82997131347656250000                 11.25000000000000000000                  9.22251510620117187500                  2.02748465538024902344
                218.82997131347656250000                  1.25000000000000000000                 -0.78495037555694580078                  2.03495049476623535156
                234.82997131347656250000                  2.37500000000000000000                  0.34139195084571838379                  2.03360795974731445312
                250.82997131347656250000                  2.18750000000000000000                  0.16349653899669647217                  2.02400350570678710938
                266.82997131347656250000                  0.93750000000000000000                 -1.06940150260925292969                  2.00690150260925292969
                282.82997131347656250000                  2.12500000000000000000                  0.14189681410789489746                  1.98310315608978271484
                298.82997131347656250000                  1.75000000000000000000                 -0.20331037044525146484                  1.95331037044525146484
                314.82997131347656250000                  1.75000000000000000000                 -0.16805653274059295654                  1.91805648803710937500
                330.82997131347656250000                  2.37500000000000000000                  0.49728968739509582520                  1.87771034240722656250
                346.82997131347656250000                  2.00000000000000000000                  0.16745534539222717285                  1.83254468441009521484
                362.82997131347656250000                  1.62500000000000000000                 -0.15785291790962219238                  1.78285288810729980469
                378.82997131347656250000                  1.50000000000000000000                 -0.22908549010753631592                  1.72908544540405273438
                394.82997131347656250000                  1.87500000000000000000                  0.20302316546440124512                  1.67197680473327636719
                410.82997131347656250000                  2.06250000000000000000                  0.44986477494239807129                  1.61263525485992431641
                426.82997131347656250000                  1.31250000000000000000                 -0.24007442593574523926                  1.55257439613342285156
                442.82997131347656250000                  2.06250000000000000000                  0.56882351636886596680                  1.49367654323577880859
                458.82997131347656250000                  1.56250000000000000000                  0.12441252171993255615                  1.43808746337890625000
                474.82997131347656250000                  0.87500000000000000000                 -0.51305842399597167969                  1.38805842399597167969
