32.0369709232618
32.1735465074489
32.308881836684
32.4381668662901
32.5581868562576
32.6677328928553
32.7677522474334
32.8611951025786
32.952554559454
33.0471417495423
33.1501808981882
33.2658434934015
33.3963600596003
33.5413478376889
33.6974709661654
33.8585078820887
34.0158434812915
34.1593391125546
34.278471881472
34.3635867013023
34.4070793563699
34.4043325308026
34.3542604802179
34.2593774678943
34.1253808245241
33.960318489733
33.7734789009985
33.5741854471261
33.3706899545147
33.1693374467232
32.9741220074383
32.7866811448084
32.6066975517329
32.4326074355048
32.2624663597625
32.0948048413799
31.9293186950672
31.767279030474
31.6116046109797
