               -133.17002868652343750000                 18.25000000000000000000
               -117.17002868652343750000                 32.68750000000000000000
               -101.17002868652343750000                 32.68750000000000000000
                -85.17002868652343750000                 33.56250000000000000000
                -69.17002868652343750000                 32.06250000000000000000
                -53.17002868652343750000                 34.56250000000000000000
                -37.17002868652343750000                 31.75000000000000000000
                -21.17002868652343750000                 32.12500000000000000000
                 -5.17002868652343750000                 34.06250000000000000000
                 10.82997131347656250000                 33.25000000000000000000
                 26.82997131347656250000                 33.25000000000000000000
                 42.82997131347656250000                 32.75000000000000000000
                 58.82997131347656250000                 36.25000000000000000000
                 74.82997131347656250000                 32.56250000000000000000
                 90.82997131347656250000                 33.62500000000000000000
                106.82997131347656250000                 35.87500000000000000000
                122.82997131347656250000                 33.50000000000000000000
                138.82997131347656250000                 34.06250000000000000000
                154.82997131347656250000                 32.31250000000000000000
                170.82997131347656250000                 32.06250000000000000000
                186.82997131347656250000                 54.93750000000000000000
                202.82997131347656250000                 47.93750000000000000000
                218.82997131347656250000                 35.18750000000000000000
                234.82997131347656250000                 33.81250000000000000000
                250.82997131347656250000                 35.25000000000000000000
                266.82997131347656250000                 34.43750000000000000000
                282.82997131347656250000                 33.18750000000000000000
                298.82997131347656250000                 32.31250000000000000000
                314.82997131347656250000                 32.68750000000000000000
                330.82997131347656250000                 33.68750000000000000000
                346.82997131347656250000                 31.25000000000000000000
                362.82997131347656250000                 34.37500000000000000000
                378.82997131347656250000                 32.37500000000000000000
                394.82997131347656250000                 32.62500000000000000000
                410.82997131347656250000                 35.00000000000000000000
                426.82997131347656250000                 32.56250000000000000000
                442.82997131347656250000                 32.56250000000000000000
                458.82997131347656250000                 31.25000000000000000000
                474.82997131347656250000                 25.68750000000000000000
