-13.7869709232618
0.513953492551131
0.37861816331602
1.12433313370989
-0.495686856257642
1.89476710714474
-1.01775224743335
-0.73619510257857
1.10994544054596
0.20285825045768
0.0998191018118462
-0.515843493401476
2.85363994039972
-0.978847837688903
-0.0724709661653904
2.01649211791133
-0.515843481291512
-0.0968391125546049
-1.96597188147197
-2.30108670130234
20.5304206436301
13.5331674691974
0.833239519782097
-0.446877467894303
1.12461917547592
0.477181510267002
-0.585978900998462
-1.26168544712614
-0.683189954514724
0.518162553276788
-1.7241220074383
1.58831885519163
-0.231697551732914
0.192392564495229
2.73753364023749
0.467695158620117
0.633181304932808
-0.517279030474032
-5.92410461097974
