               -133.17002868652343750000                 18.25000000000000000000                -13.78697109222412109375                 32.03697204589843750000
               -117.17002868652343750000                 32.68750000000000000000                  0.51395350694656372070                 32.17354583740234375000
               -101.17002868652343750000                 32.68750000000000000000                  0.37861815094947814941                 32.30888366699218750000
                -85.17002868652343750000                 33.56250000000000000000                  1.12433314323425292969                 32.43816757202148437500
                -69.17002868652343750000                 32.06250000000000000000                 -0.49568685889244079590                 32.55818557739257812500
                -53.17002868652343750000                 34.56250000000000000000                  1.89476716518402099609                 32.66773223876953125000
                -37.17002868652343750000                 31.75000000000000000000                 -1.01775228977203369141                 32.76775360107421875000
                -21.17002868652343750000                 32.12500000000000000000                 -0.73619508743286132812                 32.86119461059570312500
                 -5.17002868652343750000                 34.06250000000000000000                  1.10994541645050048828                 32.95255279541015625000
                 10.82997131347656250000                 33.25000000000000000000                  0.20285825431346893311                 33.04714202880859375000
                 26.82997131347656250000                 33.25000000000000000000                  0.09981910139322280884                 33.15018081665039062500
                 42.82997131347656250000                 32.75000000000000000000                 -0.51584351062774658203                 33.26584243774414062500
                 58.82997131347656250000                 36.25000000000000000000                  2.85363984107971191406                 33.39635848999023437500
                 74.82997131347656250000                 32.56250000000000000000                 -0.97884786128997802734                 33.54134750366210937500
                 90.82997131347656250000                 33.62500000000000000000                 -0.07247096300125122070                 33.69747161865234375000
                106.82997131347656250000                 35.87500000000000000000                  2.01649212837219238281                 33.85850906372070312500
                122.82997131347656250000                 33.50000000000000000000                 -0.51584351062774658203                 34.01584243774414062500
                138.82997131347656250000                 34.06250000000000000000                 -0.09683911502361297607                 34.15933990478515625000
                154.82997131347656250000                 32.31250000000000000000                 -1.96597182750701904297                 34.27847290039062500000
                170.82997131347656250000                 32.06250000000000000000                 -2.30108666419982910156                 34.36358642578125000000
                186.82997131347656250000                 54.93750000000000000000                 20.53042030334472656250                 34.40707778930664062500
                202.82997131347656250000                 47.93750000000000000000                 13.53316783905029296875                 34.40433120727539062500
                218.82997131347656250000                 35.18750000000000000000                  0.83323949575424194336                 34.35425949096679687500
                234.82997131347656250000                 33.81250000000000000000                 -0.44687747955322265625                 34.25937652587890625000
                250.82997131347656250000                 35.25000000000000000000                  1.12461912631988525391                 34.12538146972656250000
                266.82997131347656250000                 34.43750000000000000000                  0.47718152403831481934                 33.96031951904296875000
                282.82997131347656250000                 33.18750000000000000000                 -0.58597892522811889648                 33.77347946166992187500
                298.82997131347656250000                 32.31250000000000000000                 -1.26168549060821533203                 33.57418441772460937500
                314.82997131347656250000                 32.68750000000000000000                 -0.68318992853164672852                 33.37068939208984375000
                330.82997131347656250000                 33.68750000000000000000                  0.51816254854202270508                 33.16933822631835937500
                346.82997131347656250000                 31.25000000000000000000                 -1.72412204742431640625                 32.97412109375000000000
                362.82997131347656250000                 34.37500000000000000000                  1.58831882476806640625                 32.78668212890625000000
                378.82997131347656250000                 32.37500000000000000000                 -0.23169754445552825928                 32.60669708251953125000
                394.82997131347656250000                 32.62500000000000000000                  0.19239255785942077637                 32.43260574340820312500
                410.82997131347656250000                 35.00000000000000000000                  2.73753356933593750000                 32.26246643066406250000
                426.82997131347656250000                 32.56250000000000000000                  0.46769514679908752441                 32.09480667114257812500
                442.82997131347656250000                 32.56250000000000000000                  0.63318133354187011719                 31.92931938171386718750
                458.82997131347656250000                 31.25000000000000000000                 -0.51727902889251708984                 31.76727867126464843750
                474.82997131347656250000                 25.68750000000000000000                 -5.92410469055175781250                 31.61160469055175781250
