               -133.17002868652343750000                 18.81250000000000000000                -13.41360759735107421875                 32.22610855102539062500
               -117.17002868652343750000                 33.62500000000000000000                  1.29033553600311279297                 32.33466339111328125000
               -101.17002868652343750000                 33.37500000000000000000                  0.99454379081726074219                 32.38045501708984375000
                -85.17002868652343750000                 34.25000000000000000000                  1.88982832431793212891                 32.36017227172851562500
                -69.17002868652343750000                 33.18750000000000000000                  0.90983957052230834961                 32.27766036987304687500
                -53.17002868652343750000                 31.87500000000000000000                 -0.26911211013793945312                 32.14411163330078125000
                -37.17002868652343750000                 30.68750000000000000000                 -1.28980696201324462891                 31.97730636596679687500
                -21.17002868652343750000                 32.00000000000000000000                  0.20005124807357788086                 31.79994964599609375000
                 -5.17002868652343750000                 30.87500000000000000000                 -0.76223033666610717773                 31.63722991943359375000
                 10.82997131347656250000                 32.81250000000000000000                  1.29859197139739990234                 31.51390838623046875000
                 26.82997131347656250000                 30.31250000000000000000                 -1.13876032829284667969                 31.45125961303710937500
                 42.82997131347656250000                 32.93750000000000000000                  1.47315299510955810547                 31.46434783935546875000
                 58.82997131347656250000                 30.25000000000000000000                 -1.30997204780578613281                 31.55997276306152343750
                 74.82997131347656250000                 30.43750000000000000000                 -1.29816401004791259766                 31.73566436767578125000
                 90.82997131347656250000                 31.25000000000000000000                 -0.72985339164733886719                 31.97985267639160156250
                106.82997131347656250000                 31.81250000000000000000                 -0.46074908971786499023                 32.27325057983398437500
                122.82997131347656250000                 33.06250000000000000000                  0.47126767039299011230                 32.59123229980468750000
                138.82997131347656250000                 33.56250000000000000000                  0.65557187795639038086                 32.90692901611328125000
                154.82997131347656250000                 34.12500000000000000000                  0.93049705028533935547                 33.19450378417968750000
                170.82997131347656250000                 33.93750000000000000000                  0.50529760122299194336                 33.43220138549804687500
                186.82997131347656250000                 88.56250000000000000000                 54.95781707763671875000                 33.60468292236328125000
                202.82997131347656250000                 88.12500000000000000000                 54.42068481445312500000                 33.70431518554687500000
                218.82997131347656250000                 32.43750000000000000000                 -1.29378509521484375000                 33.73128509521484375000
                234.82997131347656250000                 32.68750000000000000000                 -1.00508069992065429688                 33.69258117675781250000
                250.82997131347656250000                 30.62500000000000000000                 -2.97502231597900390625                 33.60002136230468750000
                266.82997131347656250000                 33.25000000000000000000                 -0.21777383983135223389                 33.46777343750000000000
                282.82997131347656250000                 32.75000000000000000000                 -0.55974239110946655273                 33.30974197387695312500
                298.82997131347656250000                 31.81250000000000000000                 -1.32482171058654785156                 33.13732147216796875000
                314.82997131347656250000                 31.75000000000000000000                 -1.20783662796020507812                 32.95783615112304687500
                330.82997131347656250000                 34.06250000000000000000                  1.28859221935272216797                 32.77390670776367187500
                346.82997131347656250000                 32.12500000000000000000                 -0.45878288149833679199                 32.58378219604492187500
                362.82997131347656250000                 31.37500000000000000000                 -1.00750803947448730469                 32.38250732421875000000
                378.82997131347656250000                 31.12500000000000000000                 -1.03867542743682861328                 32.16367721557617187500
                394.82997131347656250000                 33.56250000000000000000                  1.64110386371612548828                 31.92139625549316406250
                410.82997131347656250000                 30.81250000000000000000                 -0.83963251113891601562                 31.65213203430175781250
                426.82997131347656250000                 31.25000000000000000000                 -0.10607234388589859009                 31.35607147216796875000
                442.82997131347656250000                 29.75000000000000000000                 -1.28782439231872558594                 31.03782463073730468750
                458.82997131347656250000                 33.56250000000000000000                  2.85615086555480957031                 30.70634841918945312500
                474.82997131347656250000                 26.81250000000000000000                 -3.56167078018188476562                 30.37417030334472656250
