2.78915002823038
2.78969449773448
2.78131284825536
2.76457301430798
2.74110682321989
2.71354352703627
2.68530480865199
2.66027283489216
2.64236291568591
2.63504960545482
2.6409065438458
2.66122356763853
2.69575841438464
2.74266496609043
2.79861729683411
2.85912197976308
2.91898422162035
2.97287066657938
3.01589685417347
3.04416284956994
3.05516736005871
3.04804775363119
3.02361816392965
2.98420641783937
2.93331839205269
2.87518130318644
2.81423196696598
2.75462027450837
2.69979180710084
2.65219813174187
2.6131617636754
2.58289876696135
2.56067938165855
2.54508931822065
2.53434381669558
2.5266042420986
2.52025246405441
2.51408989756003
2.50744336629774
