23.5139597541632
24.1780647517659
24.8328471730714
25.4424757509593
25.9764485888171
26.4132883932485
26.7433387599126
26.9701871980482
27.1103979285838
27.1914623661352
27.2481370407005
27.3175969246648
27.4340425193425
27.6235217830715
27.8997354798019
28.2614777824272
28.6921357190164
29.1613649390767
29.6287247673839
30.0487493562535
30.3767075017856
30.5742013824673
30.6137925735006
30.4820151389076
30.1804089339652
29.7245315800236
29.1412263476681
28.4646796105338
27.7319532967506
26.9787037800181
26.2357022693231
25.5265789064495
24.8669656314293
24.2649605574788
23.7226251129526
23.2380887157556
22.8077909387459
22.4284356520477
22.0983465274943
