1.34404745809465
1.36061115674598
1.37419804690093
1.38404598694946
1.38972965161481
1.39122877068744
1.3889595302701
1.38376263791897
1.37684587124718
1.36968385064478
1.36388279204805
1.36102252644486
1.36249152238032
1.36933247369662
1.38211581695102
1.40085615406007
1.42498211282899
1.45336415140758
1.48439797236712
1.51613452588254
1.54644205626715
1.57318214090784
1.59438072327362
1.6083768510083
1.61393582666815
1.61031899512986
1.59730842072535
1.57519021079765
1.54470436408715
1.50697125180101
1.46340509216421
1.41562337720521
1.36535876993302
1.31437725294761
1.26440396018666
1.21705663630422
1.17378622059961
1.13582451871238
1.10413994463804
