-0.844047458094653
0.139388843254017
0.625801953099067
-0.00904598694946168
-0.139729651614809
-0.0162287706874398
-0.138959530270098
0.491237362081026
-0.251845871247185
-0.432183850644784
0.511117207951948
0.26397747355514
-0.299991522380325
0.25566752630338
-0.00711581695102126
-0.650856154060072
-0.112482112828991
-0.140864151407582
0.265602027632879
-0.141134525882536
5.51605794373286
6.11431785909216
0.0306192767263846
-0.358376851008297
0.0110641733318537
0.139681004870145
-0.597308420725351
0.299809789202348
-0.357204364087155
-0.131971251801014
0.349094907835794
-0.29062337720521
0.384641230066983
-0.501877252947613
0.110596039813336
0.595443363695777
0.138713779400391
-0.448324518712376
-0.0416399446380382
