26.8660535502494
26.7383383025671
26.5640207097674
26.3518041075338
26.1137947692703
25.8646517751649
25.6203972991712
25.3969939115083
25.2088333833222
25.067303125908
24.9795976002455
24.9479213697885
24.9691896577328
25.0352760432151
25.1337924302825
25.2493221914552
25.3649721200102
25.4640700786819
25.5318182953269
25.5567193600349
25.5316219791576
25.4542821165457
25.3273954750387
25.1581210563295
24.9571742771654
24.7376143188615
24.5134785995987
24.2984247775553
24.104527797094
23.9413492389078
23.815353860471
23.7297002318858
23.6843855661056
23.6766852716408
23.7017999498702
23.7536089957749
23.8254308897065
23.9107038797379
24.0035236462779
