-14.7410535502494
0.324161697432899
0.748479290232567
0.460695892466205
0.0737052307296828
-1.61465177516492
-0.682897299171216
1.97800608849166
2.35366661667776
-0.629803125907973
-0.479597600245533
-0.322921369788475
1.65581034226723
-1.53527604321511
-1.44629243028252
2.00067780854483
0.322527879989781
-2.02657007868187
1.40568170467308
-1.68171936003489
9.59337802084244
3.1082178834543
0.422604524961347
-0.845621056329541
-2.26967427716536
-1.73761431886154
1.92402140040134
-0.048424777555347
1.02047220290596
-2.0038492389078
-2.06535386047101
1.20779976811425
-0.49688556610559
0.3233147283592
-0.951799949870178
0.996391004225089
1.73706911029352
-0.0357038797378948
-4.25352364627795
