1.2287605947432
1.24364177660277
1.25955273707134
1.27559957511132
1.2910007096754
1.30520653558342
1.31800017327215
1.32956060401493
1.34047205144462
1.35166924401971
1.36431678616421
1.37963128303234
1.3986655748068
1.42208357986032
1.4499599435353
1.48163941740644
1.51568584183507
1.54993993431819
1.58169002425008
1.60794259475056
1.62576278851761
1.63264183794903
1.62684120423258
1.60766364469714
1.57560978222672
1.53239393884437
1.48081269050926
1.42448063635741
1.3674668225167
1.31387905056583
1.26744978448503
1.23117568886206
1.20705353469579
1.19594010289086
1.19754547976083
1.2105508049843
1.23282592793255
1.26171170026928
1.29432693661666
