-0.291260594743205
0.131358223397227
-0.197052737071339
0.161900424888682
0.458999290324598
-0.18020653558342
-0.255500173272148
-0.079560604014933
0.159527948555384
0.523330755980286
-0.114316786164209
0.120368716967661
0.413834425193196
-0.109583579860319
-0.137459943535295
0.26836058259356
-0.26568584183507
-0.0499399343181886
-0.269190024250076
-0.107942594750558
2.68673721148239
3.55485816205097
0.18565879576742
0.079836355302864
-0.138109782226717
0.092606061155627
0.144187309490739
0.0755193636425933
-0.117466822516699
-0.126379050565833
-0.0799497844850297
-0.168675688862056
0.230446465304206
-0.195940102890858
0.0524545202391677
0.789449195015703
0.0796740720674483
-0.011711700269275
0.0181730633833381
