               -133.17002868652343750000                  0.93750000000000000000                 -0.29126060009002685547                  1.22876060009002685547
               -117.17002868652343750000                  1.37500000000000000000                  0.13135822117328643799                  1.24364173412322998047
               -101.17002868652343750000                  1.06250000000000000000                 -0.19705273211002349854                  1.25955271720886230469
                -85.17002868652343750000                  1.43750000000000000000                  0.16190043091773986816                  1.27559959888458251953
                -69.17002868652343750000                  1.75000000000000000000                  0.45899927616119384766                  1.29100072383880615234
                -53.17002868652343750000                  1.12500000000000000000                 -0.18020653724670410156                  1.30520653724670410156
                -37.17002868652343750000                  1.06250000000000000000                 -0.25550016760826110840                  1.31800019741058349609
                -21.17002868652343750000                  1.25000000000000000000                 -0.07956060767173767090                  1.32956063747406005859
                 -5.17002868652343750000                  1.50000000000000000000                  0.15952794253826141357                  1.34047210216522216797
                 10.82997131347656250000                  1.87500000000000000000                  0.52333074808120727539                  1.35166919231414794922
                 26.82997131347656250000                  1.25000000000000000000                 -0.11431678384542465210                  1.36431682109832763672
                 42.82997131347656250000                  1.50000000000000000000                  0.12036871910095214844                  1.37963128089904785156
                 58.82997131347656250000                  1.81250000000000000000                  0.41383442282676696777                  1.39866554737091064453
                 74.82997131347656250000                  1.31250000000000000000                 -0.10958357900381088257                  1.42208361625671386719
                 90.82997131347656250000                  1.31250000000000000000                 -0.13745994865894317627                  1.44995999336242675781
                106.82997131347656250000                  1.75000000000000000000                  0.26836058497428894043                  1.48163938522338867188
                122.82997131347656250000                  1.25000000000000000000                 -0.26568585634231567383                  1.51568579673767089844
                138.82997131347656250000                  1.50000000000000000000                 -0.04993993416428565979                  1.54993999004364013672
                154.82997131347656250000                  1.31250000000000000000                 -0.26919001340866088867                  1.58169007301330566406
                170.82997131347656250000                  1.50000000000000000000                 -0.10794259607791900635                  1.60794258117675781250
                186.82997131347656250000                  4.31250000000000000000                  2.68673729896545410156                  1.62576282024383544922
                202.82997131347656250000                  5.18750000000000000000                  3.55485820770263671875                  1.63264179229736328125
                218.82997131347656250000                  1.81250000000000000000                  0.18565879762172698975                  1.62684118747711181641
                234.82997131347656250000                  1.68750000000000000000                  0.07983635365962982178                  1.60766363143920898438
                250.82997131347656250000                  1.43750000000000000000                 -0.13810978829860687256                  1.57560980319976806641
                266.82997131347656250000                  1.62500000000000000000                  0.09260606020689010620                  1.53239393234252929688
                282.82997131347656250000                  1.62500000000000000000                  0.14418731629848480225                  1.48081266880035400391
                298.82997131347656250000                  1.50000000000000000000                  0.07551936060190200806                  1.42448067665100097656
                314.82997131347656250000                  1.25000000000000000000                 -0.11746682226657867432                  1.36746680736541748047
                330.82997131347656250000                  1.18750000000000000000                 -0.12637905776500701904                  1.31387901306152343750
                346.82997131347656250000                  1.18750000000000000000                 -0.07994978129863739014                  1.26744973659515380859
                362.82997131347656250000                  1.06250000000000000000                 -0.16867569088935852051                  1.23117566108703613281
                378.82997131347656250000                  1.43750000000000000000                  0.23044645786285400391                  1.20705354213714599609
                394.82997131347656250000                  1.00000000000000000000                 -0.19594010710716247559                  1.19594013690948486328
                410.82997131347656250000                  1.25000000000000000000                  0.05245452001690864563                  1.19754552841186523438
                426.82997131347656250000                  2.00000000000000000000                  0.78944921493530273438                  1.21055078506469726562
                442.82997131347656250000                  1.31250000000000000000                  0.07967407256364822388                  1.23282587528228759766
                458.82997131347656250000                  1.25000000000000000000                 -0.01171169988811016083                  1.26171171665191650391
                474.82997131347656250000                  1.31250000000000000000                  0.01817306317389011383                  1.29432690143585205078
