0.955324497705052
0.978088551246982
0.997796530292555
1.01317106454049
1.02339013914989
1.02821913136563
1.02807736763901
1.02402358100578
1.01765527305051
1.01092936211212
1.00592370115281
1.00456902718891
1.00838686562099
1.01826966488706
1.03433463763613
1.05587303788325
1.08140337624869
1.10882244876172
1.13563435706081
1.15922708960595
1.17716032716992
1.18742772358828
1.18866185256943
1.18025928862528
1.1624152355039
1.1360697302638
1.10277877241827
1.06453216099091
1.02354438206524
0.982045308067135
0.942094169064461
0.90543419671919
0.873397795021178
0.846864385838536
0.82626636317228
0.811633676931126
0.80266484165252
0.798811600267095
0.799365706666953
