-0.642824497705052
-0.103088551246982
0.127203469707445
-0.450671064540486
0.164109860850106
0.0342808686343683
0.22192263236099
0.0384764189942199
0.419844726949487
0.0515706378878822
-0.0684237011528099
-0.129569027188913
-0.133386865620987
-0.143269664887058
-0.03433463763613
-0.243373037883246
0.231096623751308
0.0786775512382798
-0.0106343570608123
-0.0342270896059544
0.760339672830079
0.562572276411724
0.561338147430575
-0.180259288625281
0.0875847644960952
0.488930269736201
-0.290278772418275
-0.189532160990908
-0.46104438206524
-0.0445453080671345
0.307905830935539
0.59456580328081
0.251602204978822
-0.0343643858385361
-0.0762663631722803
-0.186633676931126
0.19733515834748
0.326188399732905
-0.111865706666953
