               -133.17002868652343750000                  0.31250000000000000000                 -0.64282447099685668945                  0.95532447099685668945
               -117.17002868652343750000                  0.87500000000000000000                 -0.10308855026960372925                  0.97808855772018432617
               -101.17002868652343750000                  1.12500000000000000000                  0.12720346450805664062                  0.99779653549194335938
                -85.17002868652343750000                  0.56250000000000000000                 -0.45067107677459716797                  1.01317107677459716797
                -69.17002868652343750000                  1.18750000000000000000                  0.16410985589027404785                  1.02339017391204833984
                -53.17002868652343750000                  1.06250000000000000000                  0.03428087010979652405                  1.02821910381317138672
                -37.17002868652343750000                  1.25000000000000000000                  0.22192263603210449219                  1.02807736396789550781
                -21.17002868652343750000                  1.06250000000000000000                  0.03847641870379447937                  1.02402353286743164062
                 -5.17002868652343750000                  1.43750000000000000000                  0.41984471678733825684                  1.01765525341033935547
                 10.82997131347656250000                  1.06250000000000000000                  0.05157063901424407959                  1.01092934608459472656
                 26.82997131347656250000                  0.93750000000000000000                 -0.06842370331287384033                  1.00592374801635742188
                 42.82997131347656250000                  0.87500000000000000000                 -0.12956902384757995605                  1.00456905364990234375
                 58.82997131347656250000                  0.87500000000000000000                 -0.13338686525821685791                  1.00838685035705566406
                 74.82997131347656250000                  0.87500000000000000000                 -0.14326965808868408203                  1.01826965808868408203
                 90.82997131347656250000                  1.00000000000000000000                 -0.03433463722467422485                  1.03433465957641601562
                106.82997131347656250000                  0.81250000000000000000                 -0.24337303638458251953                  1.05587303638458251953
                122.82997131347656250000                  1.31250000000000000000                  0.23109662532806396484                  1.08140337467193603516
                138.82997131347656250000                  1.18750000000000000000                  0.07867754995822906494                  1.10882246494293212891
                154.82997131347656250000                  1.12500000000000000000                 -0.01063435710966587067                  1.13563430309295654297
                170.82997131347656250000                  1.12500000000000000000                 -0.03422708809375762939                  1.15922713279724121094
                186.82997131347656250000                  1.93750000000000000000                  0.76033967733383178711                  1.17716038227081298828
                202.82997131347656250000                  1.75000000000000000000                  0.56257230043411254883                  1.18742775917053222656
                218.82997131347656250000                  1.75000000000000000000                  0.56133812665939331055                  1.18866181373596191406
                234.82997131347656250000                  1.00000000000000000000                 -0.18025928735733032227                  1.18025934696197509766
                250.82997131347656250000                  1.25000000000000000000                  0.08758476376533508301                  1.16241526603698730469
                266.82997131347656250000                  1.62500000000000000000                  0.48893025517463684082                  1.13606977462768554688
                282.82997131347656250000                  0.81250000000000000000                 -0.29027876257896423340                  1.10277879238128662109
                298.82997131347656250000                  0.87500000000000000000                 -0.18953216075897216797                  1.06453216075897216797
                314.82997131347656250000                  0.56250000000000000000                 -0.46104437112808227539                  1.02354443073272705078
                330.82997131347656250000                  0.93750000000000000000                 -0.04454530775547027588                  0.98204529285430908203
                346.82997131347656250000                  1.25000000000000000000                  0.30790582299232482910                  0.94209414720535278320
                362.82997131347656250000                  1.50000000000000000000                  0.59456580877304077148                  0.90543419122695922852
                378.82997131347656250000                  1.12500000000000000000                  0.25160220265388488770                  0.87339776754379272461
                394.82997131347656250000                  0.81250000000000000000                 -0.03436438739299774170                  0.84686440229415893555
                410.82997131347656250000                  0.75000000000000000000                 -0.07626636326313018799                  0.82626634836196899414
                426.82997131347656250000                  0.62500000000000000000                 -0.18663367629051208496                  0.81163370609283447266
                442.82997131347656250000                  1.00000000000000000000                  0.19733515381813049316                  0.80266481637954711914
                458.82997131347656250000                  1.12500000000000000000                  0.32618838548660278320                  0.79881161451339721680
                474.82997131347656250000                  0.68750000000000000000                 -0.11186570674180984497                  0.79936569929122924805
