-0.263000360105568
0.238911850454432
-0.19483274764231
0.0611870082840171
-0.430317193792956
0.143092672208584
-0.0314588536199736
0.107832245584959
0.122480066216828
-0.426222789523047
0.397896081759064
-0.031486748962168
-0.153056683858737
0.0322666011853274
-0.288564929474575
-0.178156966135578
-0.0736466730287928
0.40077509399609
0.121295293522536
-0.285628255143351
-0.00589987023896343
0.274570260140529
0.619727778245777
-0.0317437557127789
0.00849154908421146
-0.134123741410298
0.727956485427138
0.156918863061075
-0.0353392091324118
0.33788381541481
-0.161801869281792
0.277225837084529
-0.533308279145718
-0.0315073350424415
0.0947400048665743
-0.467227237850095
-0.0298567461122567
-0.0304203382398283
0.0314324069470122
