               -133.17002868652343750000                  0.81250000000000000000                 -0.26300036907196044922                  1.07550036907196044922
               -117.17002868652343750000                  1.31250000000000000000                  0.23891185224056243896                  1.07358813285827636719
               -101.17002868652343750000                  0.87500000000000000000                 -0.19483274221420288086                  1.06983280181884765625
                -85.17002868652343750000                  1.12500000000000000000                  0.06118700653314590454                  1.06381297111511230469
                -69.17002868652343750000                  0.62500000000000000000                 -0.43031719326972961426                  1.05531716346740722656
                -53.17002868652343750000                  1.18750000000000000000                  0.14309267699718475342                  1.04440736770629882812
                -37.17002868652343750000                  1.00000000000000000000                 -0.03145885467529296875                  1.03145885467529296875
                -21.17002868652343750000                  1.12500000000000000000                  0.10783224552869796753                  1.01716780662536621094
                 -5.17002868652343750000                  1.12500000000000000000                  0.12248006463050842285                  1.00251996517181396484
                 10.82997131347656250000                  0.56250000000000000000                 -0.42622280120849609375                  0.98872280120849609375
                 26.82997131347656250000                  1.37500000000000000000                  0.39789608120918273926                  0.97710388898849487305
                 42.82997131347656250000                  0.93750000000000000000                 -0.03148674964904785156                  0.96898674964904785156
                 58.82997131347656250000                  0.81250000000000000000                 -0.15305668115615844727                  0.96555668115615844727
                 74.82997131347656250000                  1.00000000000000000000                  0.03226660192012786865                  0.96773338317871093750
                 90.82997131347656250000                  0.68750000000000000000                 -0.28856492042541503906                  0.97606492042541503906
                106.82997131347656250000                  0.81250000000000000000                 -0.17815697193145751953                  0.99065697193145751953
                122.82997131347656250000                  0.93750000000000000000                 -0.07364667207002639771                  1.01114666461944580078
                138.82997131347656250000                  1.43750000000000000000                  0.40077510476112365723                  1.03672492504119873047
                154.82997131347656250000                  1.18750000000000000000                  0.12129529565572738647                  1.06620466709136962891
                170.82997131347656250000                  0.81250000000000000000                 -0.28562825918197631836                  1.09812819957733154297
                186.82997131347656250000                  1.12500000000000000000                 -0.00589987030252814293                  1.13089990615844726562
                202.82997131347656250000                  1.43750000000000000000                  0.27457025647163391113                  1.16292977333068847656
                218.82997131347656250000                  1.81250000000000000000                  0.61972779035568237305                  1.19277226924896240234
                234.82997131347656250000                  1.18750000000000000000                 -0.03174375742673873901                  1.21924376487731933594
                250.82997131347656250000                  1.25000000000000000000                  0.00849154870957136154                  1.24150848388671875000
                266.82997131347656250000                  1.12500000000000000000                 -0.13412374258041381836                  1.25912368297576904297
                282.82997131347656250000                  2.00000000000000000000                  0.72795647382736206055                  1.27204346656799316406
                298.82997131347656250000                  1.43750000000000000000                  0.15691886842250823975                  1.28058111667633056641
                314.82997131347656250000                  1.25000000000000000000                 -0.03533921018242835999                  1.28533923625946044922
                330.82997131347656250000                  1.62500000000000000000                  0.33788383007049560547                  1.28711616992950439453
                346.82997131347656250000                  1.12500000000000000000                 -0.16180187463760375977                  1.28680181503295898438
                362.82997131347656250000                  1.56250000000000000000                  0.27722582221031188965                  1.28527414798736572266
                378.82997131347656250000                  0.75000000000000000000                 -0.53330826759338378906                  1.28330826759338378906
                394.82997131347656250000                  1.25000000000000000000                 -0.03150733560323715210                  1.28150737285614013672
                410.82997131347656250000                  1.37500000000000000000                  0.09474000334739685059                  1.28025996685028076172
                426.82997131347656250000                  0.81250000000000000000                 -0.46722725033760070801                  1.27972722053527832031
                442.82997131347656250000                  1.25000000000000000000                 -0.02985674701631069183                  1.27985680103302001953
                458.82997131347656250000                  1.25000000000000000000                 -0.03042033873498439789                  1.28042030334472656250
                474.82997131347656250000                  1.31250000000000000000                  0.03143240511417388916                  1.28106760978698730469
