1.07550036010557
1.07358814954557
1.06983274764231
1.06381299171598
1.05531719379296
1.04440732779142
1.03145885361997
1.01716775441504
1.00251993378317
0.988722789523047
0.977103918240936
0.968986748962168
0.965556683858737
0.967733398814673
0.976064929474575
0.990656966135578
1.01114667302879
1.03672490600391
1.06620470647746
1.09812825514335
1.13089987023896
1.16292973985947
1.19277222175422
1.21924375571278
1.24150845091579
1.2591237414103
1.27204351457286
1.28058113693892
1.28533920913241
1.28711618458519
1.28680186928179
1.28527416291547
1.28330827914572
1.28150733504244
1.28025999513343
1.2797272378501
1.27985674611226
1.28042033823983
1.28106759305299
