20.3130058996315
20.4431522014213
20.595174264178
20.762287846418
20.9366745125997
21.1100918495062
21.2745546739253
21.4230222210595
21.5500232457744
21.6521556031981
21.7284085200308
21.7802728254157
21.8116246815445
21.8283894364881
21.8380118981941
21.848775868614
21.8690280906331
21.9063693905656
21.966878775593
22.0544348647822
22.1701936357873
22.3124046204845
22.4756762812365
22.6524899452896
22.8323320425536
23.0030548654193
23.151642909622
23.2652447786784
23.3322536484038
23.3433397358031
23.2923354389746
23.1768818419341
22.9987644717622
22.7638952662528
22.4819337042649
22.1655786624112
21.8295987426078
21.4896975796787
21.1613279103859
