               -133.17002868652343750000                 11.43750000000000000000                 -8.87550544738769531250                 20.31300544738769531250
               -117.17002868652343750000                 21.56250000000000000000                  1.11934781074523925781                 20.44315147399902343750
               -101.17002868652343750000                 20.37500000000000000000                 -0.22017426788806915283                 20.59517478942871093750
                -85.17002868652343750000                 20.12500000000000000000                 -0.63728785514831542969                 20.76228713989257812500
                -69.17002868652343750000                 21.68750000000000000000                  0.75082546472549438477                 20.93667411804199218750
                -53.17002868652343750000                 19.93750000000000000000                 -1.17259180545806884766                 21.11009216308593750000
                -37.17002868652343750000                 22.68750000000000000000                  1.41294527053833007812                 21.27455520629882812500
                -21.17002868652343750000                 21.62500000000000000000                  0.20197777450084686279                 21.42302131652832031250
                 -5.17002868652343750000                 22.87500000000000000000                  1.32497680187225341797                 21.55002403259277343750
                 10.82997131347656250000                 21.62500000000000000000                 -0.02715560235083103180                 21.65215492248535156250
                 26.82997131347656250000                 21.43750000000000000000                 -0.29090851545333862305                 21.72840881347656250000
                 42.82997131347656250000                 22.00000000000000000000                  0.21972717344760894775                 21.78027343750000000000
                 58.82997131347656250000                 22.25000000000000000000                  0.43837532401084899902                 21.81162452697753906250
                 74.82997131347656250000                 21.43750000000000000000                 -0.39088943600654602051                 21.82839012145996093750
                 90.82997131347656250000                 20.75000000000000000000                 -1.08801186084747314453                 21.83801269531250000000
                106.82997131347656250000                 21.68750000000000000000                 -0.16127586364746093750                 21.84877586364746093750
                122.82997131347656250000                 23.06250000000000000000                  1.19347190856933593750                 21.86902809143066406250
                138.82997131347656250000                 21.81250000000000000000                 -0.09386938810348510742                 21.90637016296386718750
                154.82997131347656250000                 22.18750000000000000000                  0.22062122821807861328                 21.96687889099121093750
                170.82997131347656250000                 22.18750000000000000000                  0.13306513428688049316                 22.05443572998046875000
                186.82997131347656250000                 70.93750000000000000000                 48.76730728149414062500                 22.17019271850585937500
                202.82997131347656250000                104.87500000000000000000                 82.56259918212890625000                 22.31240463256835937500
                218.82997131347656250000                 37.62500000000000000000                 15.14932346343994140625                 22.47567558288574218750
                234.82997131347656250000                 26.06250000000000000000                  3.41001009941101074219                 22.65249061584472656250
                250.82997131347656250000                 25.87500000000000000000                  3.04266786575317382812                 22.83233261108398437500
                266.82997131347656250000                 22.56250000000000000000                 -0.44055485725402832031                 23.00305557250976562500
                282.82997131347656250000                 25.37500000000000000000                  2.22335720062255859375                 23.15164375305175781250
                298.82997131347656250000                 21.56250000000000000000                 -1.70274472236633300781                 23.26524543762207031250
                314.82997131347656250000                 22.93750000000000000000                 -0.39475363492965698242                 23.33225440979003906250
                330.82997131347656250000                 23.56250000000000000000                  0.21916025876998901367                 23.34333992004394531250
                346.82997131347656250000                 23.68750000000000000000                  0.39516454935073852539                 23.29233551025390625000
                362.82997131347656250000                 24.50000000000000000000                  1.32311820983886718750                 23.17688179016113281250
                378.82997131347656250000                 20.87500000000000000000                 -2.12376451492309570312                 22.99876403808593750000
                394.82997131347656250000                 23.31250000000000000000                  0.54860472679138183594                 22.76389503479003906250
                410.82997131347656250000                 25.12500000000000000000                  2.64306640625000000000                 22.48193359375000000000
                426.82997131347656250000                 23.12500000000000000000                  0.95942133665084838867                 22.16557884216308593750
                442.82997131347656250000                 19.25000000000000000000                 -2.57959866523742675781                 21.82959938049316406250
                458.82997131347656250000                 20.37500000000000000000                 -1.11469757556915283203                 21.48969841003417968750
                474.82997131347656250000                 16.18750000000000000000                 -4.97382783889770507812                 21.16132736206054687500
