19.6859562790529
20.0049554680271
20.3080651580655
20.5797564779285
20.8090939368708
20.9912672017501
21.128400819319
21.2294597405375
21.3091886194286
21.3861660440094
21.4801992776446
21.6094060644735
21.7874043171916
22.0210407633141
22.3090285086872
22.6417360179198
23.0021939336262
23.3681896454767
23.7151366583337
24.0192703811437
24.2606607832124
24.4255595319404
24.5077125576922
24.5084496551298
24.4355783033216
24.3013194007188
24.1196884065512
23.9038151304591
23.6636925650604
23.4047513530121
23.1274911645068
22.8281965467896
22.5005625248328
22.1378927070341
21.7354390259469
21.2924420029982
20.813501197279
20.309039476683
19.794793211641
