10.3965532468667
10.4452290943896
10.4956801741819
10.5469116225952
10.5982073080174
10.6491547690235
10.6996138071114
10.7496325667463
10.7993235440078
10.8487187519011
10.8976270790225
10.9455170904551
10.9914451542965
11.0340424553856
11.0715662511158
11.1020119283043
11.1232743118675
11.1333403095638
11.1304910549401
11.1134905433565
11.0817392953071
11.035324480422
10.9753118434581
10.9032032686797
10.8213482503792
10.7325335211186
10.6398382003079
10.5464177210372
10.4552899538828
10.3691452478503
10.2901987119071
10.2200973337887
10.1598872465894
10.1100386685766
10.0705189374258
10.0408987218025
10.0204737024845
10.0083840959939
10.0037171520499
