-5.64655324686666
-0.132729094389564
1.12931982581808
1.9530883774048
-0.41070730801739
1.60084523097655
-0.0746138071113513
1.06286743325375
4.26317645599217
-0.661218751901082
-0.0226270790225414
0.0544829095449195
0.133554845703548
-0.971542455385558
-0.00906625111583281
1.46048807169575
1.00172568813253
1.55415969043618
-1.44299105494008
-0.425990543356525
58.6682607046929
87.464675519578
8.71218815654187
1.40929673132034
-0.133848250379204
1.57996647888144
-0.0148382003079242
-0.733917721037223
-0.955289953882776
0.193354752149659
-0.977698711907085
0.779902666211344
-0.159887246589351
-0.110038668576568
-0.133018937425753
0.771601278197499
0.354526297515468
-0.133384095993852
-1.56621715204987
