               -133.17002868652343750000                  4.75000000000000000000                 -5.64655303955078125000                 10.39655303955078125000
               -117.17002868652343750000                 10.31250000000000000000                 -0.13272909820079803467                 10.44522953033447265625
               -101.17002868652343750000                 11.62500000000000000000                  1.12931978702545166016                 10.49567985534667968750
                -85.17002868652343750000                 12.50000000000000000000                  1.95308840274810791016                 10.54691123962402343750
                -69.17002868652343750000                 10.18750000000000000000                 -0.41070729494094848633                 10.59820747375488281250
                -53.17002868652343750000                 12.25000000000000000000                  1.60084521770477294922                 10.64915466308593750000
                -37.17002868652343750000                 10.62500000000000000000                 -0.07461380958557128906                 10.69961357116699218750
                -21.17002868652343750000                 11.81250000000000000000                  1.06286740303039550781                 10.74963283538818359375
                 -5.17002868652343750000                 15.06250000000000000000                  4.26317644119262695312                 10.79932308197021484375
                 10.82997131347656250000                 10.18750000000000000000                 -0.66121876239776611328                 10.84871864318847656250
                 26.82997131347656250000                 10.87500000000000000000                 -0.02262707985937595367                 10.89762687683105468750
                 42.82997131347656250000                 11.00000000000000000000                  0.05448291078209877014                 10.94551753997802734375
                 58.82997131347656250000                 11.12500000000000000000                  0.13355484604835510254                 10.99144554138183593750
                 74.82997131347656250000                 10.06250000000000000000                 -0.97154247760772705078                 11.03404235839843750000
                 90.82997131347656250000                 11.06250000000000000000                 -0.00906625110656023026                 11.07156658172607421875
                106.82997131347656250000                 12.56250000000000000000                  1.46048808097839355469                 11.10201168060302734375
                122.82997131347656250000                 12.12500000000000000000                  1.00172567367553710938                 11.12327384948730468750
                138.82997131347656250000                 12.68750000000000000000                  1.55415964126586914062                 11.13333988189697265625
                154.82997131347656250000                  9.68750000000000000000                 -1.44299101829528808594                 11.13049125671386718750
                170.82997131347656250000                 10.68750000000000000000                 -0.42599055171012878418                 11.11349010467529296875
                186.82997131347656250000                 69.75000000000000000000                 58.66826248168945312500                 11.08173942565917968750
                202.82997131347656250000                 98.50000000000000000000                 87.46467590332031250000                 11.03532409667968750000
                218.82997131347656250000                 19.68750000000000000000                  8.71218776702880859375                 10.97531223297119140625
                234.82997131347656250000                 12.31250000000000000000                  1.40929675102233886719                 10.90320301055908203125
                250.82997131347656250000                 10.68750000000000000000                 -0.13384824991226196289                 10.82134819030761718750
                266.82997131347656250000                 12.31250000000000000000                  1.57996642589569091797                 10.73253345489501953125
                282.82997131347656250000                 10.62500000000000000000                 -0.01483820006251335144                 10.63983821868896484375
                298.82997131347656250000                  9.81250000000000000000                 -0.73391771316528320312                 10.54641819000244140625
                314.82997131347656250000                  9.50000000000000000000                 -0.95528995990753173828                 10.45528984069824218750
                330.82997131347656250000                 10.56250000000000000000                  0.19335475564002990723                 10.36914539337158203125
                346.82997131347656250000                  9.31250000000000000000                 -0.97769868373870849609                 10.29019832611083984375
                362.82997131347656250000                 11.00000000000000000000                  0.77990263700485229492                 10.22009754180908203125
                378.82997131347656250000                 10.00000000000000000000                 -0.15988723933696746826                 10.15988731384277343750
                394.82997131347656250000                 10.00000000000000000000                 -0.11003866791725158691                 10.11003875732421875000
                410.82997131347656250000                  9.93750000000000000000                 -0.13301894068717956543                 10.07051849365234375000
                426.82997131347656250000                 10.81250000000000000000                  0.77160125970840454102                 10.04089832305908203125
                442.82997131347656250000                 10.37500000000000000000                  0.35452631115913391113                 10.02047348022460937500
                458.82997131347656250000                  9.87500000000000000000                 -0.13338409364223480225                 10.00838375091552734375
                474.82997131347656250000                  8.43750000000000000000                 -1.56621718406677246094                 10.00371742248535156250
