2.33233094774109
2.36650830395116
2.39921108657767
2.42847728551314
2.45251233966351
2.46985462899493
2.47951740759937
2.48108998198965
2.47478468707197
2.461421931822
2.44235265086036
2.41932505264185
2.39430962013793
2.36930191710321
2.34612604157193
2.32626197526456
2.31071740231414
2.29995904443177
2.29391084601843
2.29201747011339
2.29336279333772
2.29688017254339
2.30125079917555
2.30560964806748
2.30913118535005
2.31138407703054
2.31230245017432
2.31215480923091
2.31146461246944
2.3108978081708
2.31113672553875
2.31276051468235
2.31614987417343
2.3214286961395
2.32844852607187
2.33681462009031
2.34594610166407
2.35515824049924
2.3637527624924
