               -133.17002868652343750000                  1.31250000000000000000                 -1.01983094215393066406                  2.33233094215393066406
               -117.17002868652343750000                  2.12500000000000000000                 -0.24150830507278442383                  2.36650824546813964844
               -101.17002868652343750000                  2.43750000000000000000                  0.03828891366720199585                  2.39921116828918457031
                -85.17002868652343750000                  2.50000000000000000000                  0.07152271270751953125                  2.42847728729248046875
                -69.17002868652343750000                  2.68750000000000000000                  0.23498766124248504639                  2.45251226425170898438
                -53.17002868652343750000                  2.56250000000000000000                  0.09264536947011947632                  2.46985459327697753906
                -37.17002868652343750000                  2.43750000000000000000                 -0.04201740771532058716                  2.47951745986938476562
                -21.17002868652343750000                  2.25000000000000000000                 -0.23108997941017150879                  2.48109006881713867188
                 -5.17002868652343750000                  2.93750000000000000000                  0.46271532773971557617                  2.47478461265563964844
                 10.82997131347656250000                  3.06250000000000000000                  0.60107809305191040039                  2.46142196655273437500
                 26.82997131347656250000                  2.25000000000000000000                 -0.19235265254974365234                  2.44235253334045410156
                 42.82997131347656250000                  2.93750000000000000000                  0.51817494630813598633                  2.41932511329650878906
                 58.82997131347656250000                  1.87500000000000000000                 -0.51930963993072509766                  2.39430952072143554688
                 74.82997131347656250000                  2.37500000000000000000                  0.00569808296859264374                  2.36930203437805175781
                 90.82997131347656250000                  2.50000000000000000000                  0.15387396514415740967                  2.34612607955932617188
                106.82997131347656250000                  2.18750000000000000000                 -0.13876198232173919678                  2.32626199722290039062
                122.82997131347656250000                  2.43750000000000000000                  0.12678259611129760742                  2.31071734428405761719
                138.82997131347656250000                  2.18750000000000000000                 -0.11245904117822647095                  2.29995894432067871094
                154.82997131347656250000                  2.25000000000000000000                 -0.04391084611415863037                  2.29391074180603027344
                170.82997131347656250000                  2.25000000000000000000                 -0.04201747104525566101                  2.29201745986938476562
                186.82997131347656250000                 18.56250000000000000000                 16.26913642883300781250                  2.29336285591125488281
                202.82997131347656250000                 25.06250000000000000000                 22.76561927795410156250                  2.29688024520874023438
                218.82997131347656250000                  3.18750000000000000000                  0.88624918460845947266                  2.30125069618225097656
                234.82997131347656250000                  2.56250000000000000000                  0.25689035654067993164                  2.30560970306396484375
                250.82997131347656250000                  2.50000000000000000000                  0.19086880981922149658                  2.30913114547729492188
                266.82997131347656250000                  2.87500000000000000000                  0.56361591815948486328                  2.31138396263122558594
                282.82997131347656250000                  2.25000000000000000000                 -0.06230245158076286316                  2.31230235099792480469
                298.82997131347656250000                  2.06250000000000000000                 -0.24965481460094451904                  2.31215476989746093750
                314.82997131347656250000                  2.93750000000000000000                  0.62603539228439331055                  2.31146454811096191406
                330.82997131347656250000                  2.31250000000000000000                  0.00160219182725995779                  2.31089782714843750000
                346.82997131347656250000                  1.87500000000000000000                 -0.43613672256469726562                  2.31113672256469726562
                362.82997131347656250000                  1.75000000000000000000                 -0.56276053190231323242                  2.31276059150695800781
                378.82997131347656250000                  2.12500000000000000000                 -0.19114987552165985107                  2.31614995002746582031
                394.82997131347656250000                  2.75000000000000000000                  0.42857131361961364746                  2.32142877578735351562
                410.82997131347656250000                  2.31250000000000000000                 -0.01594852656126022339                  2.32844853401184082031
                426.82997131347656250000                  2.62500000000000000000                  0.28818538784980773926                  2.33681464195251464844
                442.82997131347656250000                  2.37500000000000000000                  0.02905389852821826935                  2.34594607353210449219
                458.82997131347656250000                  2.56250000000000000000                  0.20734176039695739746                  2.35515832901000976562
                474.82997131347656250000                  2.06250000000000000000                 -0.30125275254249572754                  2.36375284194946289062
