1.75450837683501
1.88165561509142
2.01122274955946
2.13554748571296
2.24762167660751
2.34186054348383
2.41473452417474
2.46516761754347
2.49463264040095
2.50691367069902
2.50755367772605
2.50305362389221
2.49993015617747
2.50376509908097
2.51838612759246
2.54530223111917
2.58348158945613
2.62950856387071
2.67809871706731
2.72289556606657
2.75742931738563
2.77609338196993
2.7749930230969
2.75254209738316
2.70972460652549
2.64999058864103
2.57881177585021
2.5029722309562
2.4297050530638
2.36580312488187
2.31682814741594
2.2865198067582
2.2764707611404
2.28609005207095
2.31283492948169
2.35265557502537
2.40057361404997
2.45130595907626
2.49985016482158
