               -133.17002868652343750000                 26.87500000000000000000
               -117.17002868652343750000                 45.50000000000000000000
               -101.17002868652343750000                 48.81250000000000000000
                -85.17002868652343750000                 47.93750000000000000000
                -69.17002868652343750000                 49.62500000000000000000
                -53.17002868652343750000                 48.00000000000000000000
                -37.17002868652343750000                 49.68750000000000000000
                -21.17002868652343750000                 48.50000000000000000000
                 -5.17002868652343750000                 47.93750000000000000000
                 10.82997131347656250000                 45.31250000000000000000
                 26.82997131347656250000                 46.37500000000000000000
                 42.82997131347656250000                 49.37500000000000000000
                 58.82997131347656250000                 47.87500000000000000000
                 74.82997131347656250000                 50.87500000000000000000
                 90.82997131347656250000                 45.43750000000000000000
                106.82997131347656250000                 47.43750000000000000000
                122.82997131347656250000                 49.43750000000000000000
                138.82997131347656250000                 46.68750000000000000000
                154.82997131347656250000                 46.62500000000000000000
                170.82997131347656250000                 51.18750000000000000000
                186.82997131347656250000                186.87500000000000000000
                202.82997131347656250000                218.56250000000000000000
                218.82997131347656250000                 53.81250000000000000000
                234.82997131347656250000                 51.18750000000000000000
                250.82997131347656250000                 46.31250000000000000000
                266.82997131347656250000                 46.37500000000000000000
                282.82997131347656250000                 48.31250000000000000000
                298.82997131347656250000                 43.93750000000000000000
                314.82997131347656250000                 49.31250000000000000000
                330.82997131347656250000                 46.56250000000000000000
                346.82997131347656250000                 48.56250000000000000000
                362.82997131347656250000                 46.37500000000000000000
                378.82997131347656250000                 44.87500000000000000000
                394.82997131347656250000                 44.12500000000000000000
                410.82997131347656250000                 49.87500000000000000000
                426.82997131347656250000                 45.68750000000000000000
                442.82997131347656250000                 45.37500000000000000000
                458.82997131347656250000                 45.50000000000000000000
                474.82997131347656250000                 38.37500000000000000000
