               -133.17002868652343750000                 26.87500000000000000000                -16.30619430541992187500                 43.18119430541992187500
               -117.17002868652343750000                 45.50000000000000000000                  1.48770046234130859375                 44.01229858398437500000
               -101.17002868652343750000                 48.81250000000000000000                  4.01290750503540039062                 44.79959106445312500000
                -85.17002868652343750000                 47.93750000000000000000                  2.42922616004943847656                 45.50827407836914062500
                -69.17002868652343750000                 49.62500000000000000000                  3.51138687133789062500                 46.11361312866210937500
                -53.17002868652343750000                 48.00000000000000000000                  1.39631700515747070312                 46.60368347167968750000
                -37.17002868652343750000                 49.68750000000000000000                  2.70694637298583984375                 46.98055267333984375000
                -21.17002868652343750000                 48.50000000000000000000                  1.24030399322509765625                 47.25969696044921875000
                 -5.17002868652343750000                 47.93750000000000000000                  0.46992415189743041992                 47.46757507324218750000
                 10.82997131347656250000                 45.31250000000000000000                 -2.32519173622131347656                 47.63769149780273437500
                 26.82997131347656250000                 46.37500000000000000000                 -1.43054592609405517578                 47.80554580688476562500
                 42.82997131347656250000                 49.37500000000000000000                  1.37176895141601562500                 48.00323104858398437500
                 58.82997131347656250000                 47.87500000000000000000                 -0.37940132617950439453                 48.25440216064453125000
                 74.82997131347656250000                 50.87500000000000000000                  2.30461907386779785156                 48.57038116455078125000
                 90.82997131347656250000                 45.43750000000000000000                 -3.51052093505859375000                 48.94802093505859375000
                106.82997131347656250000                 47.43750000000000000000                 -1.93216991424560546875                 49.36967086791992187500
                122.82997131347656250000                 49.43750000000000000000                 -0.36781314015388488770                 49.80531311035156250000
                138.82997131347656250000                 46.68750000000000000000                 -3.52909255027770996094                 50.21659088134765625000
                154.82997131347656250000                 46.62500000000000000000                 -3.93712282180786132812                 50.56212234497070312500
                170.82997131347656250000                 51.18750000000000000000                  0.38420513272285461426                 50.80329513549804687500
                186.82997131347656250000                186.87500000000000000000                135.96533203125000000000                 50.90967178344726562500
                202.82997131347656250000                218.56250000000000000000                167.69937133789062500000                 50.86313247680664062500
                218.82997131347656250000                 53.81250000000000000000                  3.15235924720764160156                 50.66014099121093750000
                234.82997131347656250000                 51.18750000000000000000                  0.87572675943374633789                 50.31177139282226562500
                250.82997131347656250000                 46.31250000000000000000                 -3.52909040451049804688                 49.84159088134765625000
                266.82997131347656250000                 46.37500000000000000000                 -2.90671873092651367188                 49.28171920776367187500
                282.82997131347656250000                 48.31250000000000000000                 -0.35535034537315368652                 48.66785049438476562500
                298.82997131347656250000                 43.93750000000000000000                 -4.09651947021484375000                 48.03401947021484375000
                314.82997131347656250000                 49.31250000000000000000                  1.90447759628295898438                 47.40802383422851562500
                330.82997131347656250000                 46.56250000000000000000                 -0.24571654200553894043                 46.80821609497070312500
                346.82997131347656250000                 48.56250000000000000000                  2.32033967971801757812                 46.24216079711914062500
                362.82997131347656250000                 46.37500000000000000000                  0.66777831315994262695                 45.70722198486328125000
                378.82997131347656250000                 44.87500000000000000000                 -0.31793022155761718750                 45.19293212890625000000
                394.82997131347656250000                 44.12500000000000000000                 -0.55956339836120605469                 44.68456268310546875000
                410.82997131347656250000                 49.87500000000000000000                  5.70773649215698242188                 44.16726303100585937500
                426.82997131347656250000                 45.68750000000000000000                  2.05756211280822753906                 43.62993621826171875000
                442.82997131347656250000                 45.37500000000000000000                  2.30672121047973632812                 43.06827926635742187500
                458.82997131347656250000                 45.50000000000000000000                  3.01356720924377441406                 42.48643112182617187500
                474.82997131347656250000                 38.37500000000000000000                 -3.52211642265319824219                 41.89711761474609375000
