43.1811933585252
44.0122995939899
44.7995925824053
45.5082737882012
46.1136131164288
46.6036829387714
46.9805536729206
47.2596959716587
47.4675758512018
47.6376916431526
47.8055458914489
48.0032310843808
48.2544013225161
48.5703809128006
48.9480208312082
49.3696699148006
49.8053131507189
50.2165926316139
50.562122926382
50.8032948533678
50.9096709628344
50.8631329639268
50.660140744128
50.3117732466952
49.8415905182785
49.2817186852047
48.6678503535771
48.0340194478566
47.4080223979473
46.8082165369408
46.2421604272221
45.7072216728196
45.1929302331267
44.684563409547
44.1672634073702
43.6299378491389
43.0682788814118
42.4864328888734
41.8971164612288
