1.95223803408494
1.95469447302781
1.95020019500269
1.93792204013258
1.9177899415487
1.89064894375307
1.8583137313609
1.82349932901415
1.78961624990467
1.76043765496944
1.73966748114563
1.73045858728961
1.7349449848073
1.75385873273782
1.78629771064233
1.82969455331535
1.88001092015034
1.93214842627316
1.98053306901442
2.01979974965773
2.04548316691198
2.05461520626844
2.04613889705166
2.0210741201197
1.98240674608075
1.93471475772405
1.88358501514534
1.83490573481693
1.79413711495478
1.76566308468016
1.75231121613686
1.75509871364034
1.7732256165875
1.80429854657832
1.84473589458912
1.89028326881679
1.93655905562997
1.97955427392525
2.01602637079739
