-0.264738034084939
-0.267194473027807
-0.0752001950026917
0.0620779598674228
0.144710058451298
-0.140648943753065
0.266686268639099
-0.26099932901415
0.210383750095331
0.114562345030562
-0.239667481145633
-0.105458587289613
-0.172444984807302
0.183641267262175
-0.161297710642332
-0.267194553315349
-0.255010920150338
-0.744648426273161
-0.10553306901442
-0.394799749657733
10.392016833088
12.6953847937316
0.391361102948344
-0.0210741201197004
0.26759325391925
-0.12221475772405
-0.44608501514534
0.165094265183072
-0.169137114954783
-0.328163084680157
-0.127311216136858
-0.06759871364034
0.0392743834124969
0.695701453421683
-0.157235894589121
0.234716731183209
0.000940944370029229
-0.104554273925247
-0.266026370797394
