               -133.17002868652343750000                  1.68750000000000000000                 -0.26473802328109741211                  1.95223808288574218750
               -117.17002868652343750000                  1.68750000000000000000                 -0.26719447970390319824                  1.95469450950622558594
               -101.17002868652343750000                  1.87500000000000000000                 -0.07520019263029098511                  1.95020020008087158203
                -85.17002868652343750000                  2.00000000000000000000                  0.06207795813679695129                  1.93792200088500976562
                -69.17002868652343750000                  2.06250000000000000000                  0.14471006393432617188                  1.91778993606567382812
                -53.17002868652343750000                  1.75000000000000000000                 -0.14064894616603851318                  1.89064896106719970703
                -37.17002868652343750000                  2.12500000000000000000                  0.26668626070022583008                  1.85831367969512939453
                -21.17002868652343750000                  1.56250000000000000000                 -0.26099932193756103516                  1.82349932193756103516
                 -5.17002868652343750000                  2.00000000000000000000                  0.21038374304771423340                  1.78961622714996337891
                 10.82997131347656250000                  1.87500000000000000000                  0.11456234753131866455                  1.76043760776519775391
                 26.82997131347656250000                  1.50000000000000000000                 -0.23966747522354125977                  1.73966753482818603516
                 42.82997131347656250000                  1.62500000000000000000                 -0.10545858740806579590                  1.73045861721038818359
                 58.82997131347656250000                  1.56250000000000000000                 -0.17244498431682586670                  1.73494493961334228516
                 74.82997131347656250000                  1.93750000000000000000                  0.18364126980304718018                  1.75385868549346923828
                 90.82997131347656250000                  1.62500000000000000000                 -0.16129770874977111816                  1.78629767894744873047
                106.82997131347656250000                  1.56250000000000000000                 -0.26719453930854797363                  1.82969450950622558594
                122.82997131347656250000                  1.62500000000000000000                 -0.25501093268394470215                  1.88001096248626708984
                138.82997131347656250000                  1.18750000000000000000                 -0.74464839696884155273                  1.93214845657348632812
                154.82997131347656250000                  1.87500000000000000000                 -0.10553307086229324341                  1.98053312301635742188
                170.82997131347656250000                  1.62500000000000000000                 -0.39479973912239074707                  2.01979970932006835938
                186.82997131347656250000                 12.43750000000000000000                 10.39201641082763671875                  2.04548311233520507812
                202.82997131347656250000                 14.75000000000000000000                 12.69538497924804687500                  2.05461525917053222656
                218.82997131347656250000                  2.43750000000000000000                  0.39136111736297607422                  2.04613900184631347656
                234.82997131347656250000                  2.00000000000000000000                 -0.02107411995530128479                  2.02107405662536621094
                250.82997131347656250000                  2.25000000000000000000                  0.26759326457977294922                  1.98240673542022705078
                266.82997131347656250000                  1.81250000000000000000                 -0.12221475690603256226                  1.93471479415893554688
                282.82997131347656250000                  1.43750000000000000000                 -0.44608500599861145020                  1.88358497619628906250
                298.82997131347656250000                  2.00000000000000000000                  0.16509427130222320557                  1.83490574359893798828
                314.82997131347656250000                  1.62500000000000000000                 -0.16913712024688720703                  1.79413712024688720703
                330.82997131347656250000                  1.43750000000000000000                 -0.32816308736801147461                  1.76566302776336669922
                346.82997131347656250000                  1.62500000000000000000                 -0.12731121480464935303                  1.75231122970581054688
                362.82997131347656250000                  1.68750000000000000000                 -0.06759871542453765869                  1.75509870052337646484
                378.82997131347656250000                  1.81250000000000000000                  0.03927438333630561829                  1.77322566509246826172
                394.82997131347656250000                  2.50000000000000000000                  0.69570147991180419922                  1.80429852008819580078
                410.82997131347656250000                  1.68750000000000000000                 -0.15723589062690734863                  1.84473586082458496094
                426.82997131347656250000                  2.12500000000000000000                  0.23471672832965850830                  1.89028322696685791016
                442.82997131347656250000                  1.93750000000000000000                  0.00094094435917213559                  1.93655908107757568359
                458.82997131347656250000                  1.87500000000000000000                 -0.10455427318811416626                  1.97955429553985595703
                474.82997131347656250000                  1.75000000000000000000                 -0.26602637767791748047                  2.01602625846862792969
