35.3860121078521
35.4854161320277
35.5731282850431
35.6528677712865
35.7286744741677
35.8042375651589
35.8822144687124
35.963631564427
36.0474513699217
36.1303713381615
36.2068895957726
36.2696375052379
36.3099433861198
36.3185615867384
36.286480871836
36.2057185511093
36.0700125413826
35.875341120674
35.6202262331034
35.3058064761722
34.9356956558101
34.5155884615064
34.0532261552021
33.5571218596998
33.036882828146
32.5024041935227
31.9636312025476
31.4303450824779
30.9120410693099
30.4178706348588
29.9566092983981
29.5366089118767
29.1656992278788
28.8510167412417
28.5987568316139
28.4138648520842
28.2996994246231
28.2577135552755
28.2872039255069
