               -133.17002868652343750000                 19.81250000000000000000
               -117.17002868652343750000                 36.93750000000000000000
               -101.17002868652343750000                 36.81250000000000000000
                -85.17002868652343750000                 36.56250000000000000000
                -69.17002868652343750000                 35.87500000000000000000
                -53.17002868652343750000                 34.06250000000000000000
                -37.17002868652343750000                 33.43750000000000000000
                -21.17002868652343750000                 35.62500000000000000000
                 -5.17002868652343750000                 37.62500000000000000000
                 10.82997131347656250000                 34.25000000000000000000
                 26.82997131347656250000                 35.75000000000000000000
                 42.82997131347656250000                 37.43750000000000000000
                 58.82997131347656250000                 37.00000000000000000000
                 74.82997131347656250000                 36.18750000000000000000
                 90.82997131347656250000                 36.62500000000000000000
                106.82997131347656250000                 35.43750000000000000000
                122.82997131347656250000                 37.25000000000000000000
                138.82997131347656250000                 34.62500000000000000000
                154.82997131347656250000                 37.93750000000000000000
                170.82997131347656250000                 34.31250000000000000000
                186.82997131347656250000                 77.81250000000000000000
                202.82997131347656250000                102.56250000000000000000
                218.82997131347656250000                 43.62500000000000000000
                234.82997131347656250000                 35.43750000000000000000
                250.82997131347656250000                 33.43750000000000000000
                266.82997131347656250000                 31.93750000000000000000
                282.82997131347656250000                 31.62500000000000000000
                298.82997131347656250000                 30.62500000000000000000
                314.82997131347656250000                 31.43750000000000000000
                330.82997131347656250000                 29.56250000000000000000
                346.82997131347656250000                 31.62500000000000000000
                362.82997131347656250000                 29.75000000000000000000
                378.82997131347656250000                 27.62500000000000000000
                394.82997131347656250000                 29.25000000000000000000
                410.82997131347656250000                 28.93750000000000000000
                426.82997131347656250000                 28.37500000000000000000
                442.82997131347656250000                 26.87500000000000000000
                458.82997131347656250000                 27.87500000000000000000
                474.82997131347656250000                 22.87500000000000000000
