-15.5735121078521
1.45208386797231
1.23937171495689
0.909632228713527
0.14632552583231
-1.74173756515895
-2.44471446871243
-0.338631564427033
1.57754863007828
-1.88037133816147
-0.456889595772601
1.16786249476213
0.690056613880209
-0.131061586738383
0.338519128164037
-0.768218551109342
1.17998745861738
-1.25034112067396
2.31727376689658
-0.993306476172215
42.8768043441899
68.0469115384936
9.57177384479792
1.88037814030019
0.400617171853959
-0.564904193522693
-0.338631202547575
-0.805345082477857
0.5254589306901
-0.855370634858829
1.66839070160195
0.213391088123256
-1.54069922787877
0.398983258758292
0.338743168386117
-0.0388648520842025
-1.42469942462309
-0.382713555275458
-5.41220392550687
