               -133.17002868652343750000                 19.81250000000000000000                -15.57351207733154296875                 35.38601303100585937500
               -117.17002868652343750000                 36.93750000000000000000                  1.45208382606506347656                 35.48541641235351562500
               -101.17002868652343750000                 36.81250000000000000000                  1.23937165737152099609                 35.57312774658203125000
                -85.17002868652343750000                 36.56250000000000000000                  0.90963220596313476562                 35.65286636352539062500
                -69.17002868652343750000                 35.87500000000000000000                  0.14632552862167358398                 35.72867584228515625000
                -53.17002868652343750000                 34.06250000000000000000                 -1.74173760414123535156                 35.80423736572265625000
                -37.17002868652343750000                 33.43750000000000000000                 -2.44471454620361328125                 35.88221359252929687500
                -21.17002868652343750000                 35.62500000000000000000                 -0.33863157033920288086                 35.96363067626953125000
                 -5.17002868652343750000                 37.62500000000000000000                  1.57754862308502197266                 36.04745101928710937500
                 10.82997131347656250000                 34.25000000000000000000                 -1.88037133216857910156                 36.13037109375000000000
                 26.82997131347656250000                 35.75000000000000000000                 -0.45688959956169128418                 36.20689010620117187500
                 42.82997131347656250000                 37.43750000000000000000                  1.16786253452301025391                 36.26963806152343750000
                 58.82997131347656250000                 37.00000000000000000000                  0.69005662202835083008                 36.30994415283203125000
                 74.82997131347656250000                 36.18750000000000000000                 -0.13106158375740051270                 36.31856155395507812500
                 90.82997131347656250000                 36.62500000000000000000                  0.33851912617683410645                 36.28647994995117187500
                106.82997131347656250000                 35.43750000000000000000                 -0.76821857690811157227                 36.20571899414062500000
                122.82997131347656250000                 37.25000000000000000000                  1.17998743057250976562                 36.07001113891601562500
                138.82997131347656250000                 34.62500000000000000000                 -1.25034117698669433594                 35.87533950805664062500
                154.82997131347656250000                 37.93750000000000000000                  2.31727385520935058594                 35.62022781372070312500
                170.82997131347656250000                 34.31250000000000000000                 -0.99330645799636840820                 35.30580520629882812500
                186.82997131347656250000                 77.81250000000000000000                 42.87680435180664062500                 34.93569564819335937500
                202.82997131347656250000                102.56250000000000000000                 68.04691314697265625000                 34.51558685302734375000
                218.82997131347656250000                 43.62500000000000000000                  9.57177352905273437500                 34.05322647094726562500
                234.82997131347656250000                 35.43750000000000000000                  1.88037812709808349609                 33.55712127685546875000
                250.82997131347656250000                 33.43750000000000000000                  0.40061718225479125977                 33.03688430786132812500
                266.82997131347656250000                 31.93750000000000000000                 -0.56490421295166015625                 32.50240325927734375000
                282.82997131347656250000                 31.62500000000000000000                 -0.33863121271133422852                 31.96363067626953125000
                298.82997131347656250000                 30.62500000000000000000                 -0.80534505844116210938                 31.43034553527832031250
                314.82997131347656250000                 31.43750000000000000000                  0.52545893192291259766                 30.91204071044921875000
                330.82997131347656250000                 29.56250000000000000000                 -0.85537064075469970703                 30.41787147521972656250
                346.82997131347656250000                 31.62500000000000000000                  1.66839075088500976562                 29.95660972595214843750
                362.82997131347656250000                 29.75000000000000000000                  0.21339109539985656738                 29.53660964965820312500
                378.82997131347656250000                 27.62500000000000000000                 -1.54069924354553222656                 29.16569900512695312500
                394.82997131347656250000                 29.25000000000000000000                  0.39898326992988586426                 28.85101699829101562500
                410.82997131347656250000                 28.93750000000000000000                  0.33874318003654479980                 28.59875679016113281250
                426.82997131347656250000                 28.37500000000000000000                 -0.03886485099792480469                 28.41386413574218750000
                442.82997131347656250000                 26.87500000000000000000                 -1.42469942569732666016                 28.29969978332519531250
                458.82997131347656250000                 27.87500000000000000000                 -0.38271355628967285156                 28.25771331787109375000
                474.82997131347656250000                 22.87500000000000000000                 -5.41220378875732421875                 28.28720474243164062500
