35.3335086626109
35.3976173127526
35.4330728288355
35.4473306689244
35.4497928831009
35.4509034203501
35.4610948499581
35.4896853395487
35.5438274171997
35.6276036407127
35.7413515356962
35.8812834852072
36.0394479325198
36.2040561500934
36.3601728588469
36.4907382463433
36.5778539923896
36.6042297746085
36.5546550284216
36.4173408640738
36.1849763233042
35.8553665431772
35.4315683591519
34.9215062425912
34.3371276614864
33.6932278589226
33.00612505022
32.2923865733179
31.567789115436
30.8466441370197
30.1415430559086
29.4634912957229
28.8223237280173
28.2272422108326
27.687299191308
27.2116722707493
26.8096276453484
26.4901432124425
26.2612389773047
