               -133.17002868652343750000                  6.68750000000000000000                 -4.60003852844238281250                 11.28753852844238281250
               -117.17002868652343750000                 11.37500000000000000000                  0.01215619686990976334                 11.36284351348876953125
               -101.17002868652343750000                 11.93750000000000000000                  0.51723784208297729492                 11.42026233673095703125
                -85.17002868652343750000                 13.06250000000000000000                  1.60320961475372314453                 11.45929050445556640625
                -69.17002868652343750000                 11.62500000000000000000                  0.14326630532741546631                 11.48173332214355468750
                -53.17002868652343750000                 10.00000000000000000000                 -1.49158155918121337891                 11.49158191680908203125
                -37.17002868652343750000                 12.31250000000000000000                  0.81792736053466796875                 11.49457263946533203125
                -21.17002868652343750000                 10.81250000000000000000                 -0.68498396873474121094                 11.49748420715332031250
                 -5.17002868652343750000                 14.12500000000000000000                  2.61777043342590332031                 11.50722980499267578125
                 10.82997131347656250000                 11.31250000000000000000                 -0.21738746762275695801                 11.52988719940185546875
                 26.82997131347656250000                  9.56250000000000000000                 -2.00729632377624511719                 11.56979656219482421875
                 42.82997131347656250000                 11.31250000000000000000                 -0.31635865569114685059                 11.62885856628417968750
                 58.82997131347656250000                 11.18750000000000000000                 -0.51866799592971801758                 11.70616817474365234375
                 74.82997131347656250000                 11.56250000000000000000                 -0.23552544414997100830                 11.79802513122558593750
                 90.82997131347656250000                 13.00000000000000000000                  1.10164105892181396484                 11.89835929870605468750
                106.82997131347656250000                 12.00000000000000000000                  0.00051110144704580307                 11.99948883056640625000
                122.82997131347656250000                 10.50000000000000000000                 -1.59312820434570312500                 12.09312820434570312500
                138.82997131347656250000                 12.50000000000000000000                  0.32853853702545166016                 12.17146110534667968750
                154.82997131347656250000                 10.75000000000000000000                 -1.47813105583190917969                 12.22813129425048828125
                170.82997131347656250000                 12.81250000000000000000                  0.55352783203125000000                 12.25897216796875000000
                186.82997131347656250000                 29.68750000000000000000                 17.42512512207031250000                 12.26237487792968750000
                202.82997131347656250000                 36.81250000000000000000                 24.57328033447265625000                 12.23922061920166015625
                218.82997131347656250000                 15.56250000000000000000                  3.37009572982788085938                 12.19240379333496093750
                234.82997131347656250000                 11.25000000000000000000                 -0.87604206800460815430                 12.12604236602783203125
                250.82997131347656250000                 11.43750000000000000000                 -0.60700470209121704102                 12.04450511932373046875
                266.82997131347656250000                 10.75000000000000000000                 -1.20146059989929199219                 11.95146083831787109375
                282.82997131347656250000                 12.25000000000000000000                  0.40089312195777893066                 11.84910678863525390625
                298.82997131347656250000                 12.25000000000000000000                  0.51226484775543212891                 11.73773479461669921875
                314.82997131347656250000                 11.43750000000000000000                 -0.17821443080902099609                 11.61571407318115234375
                330.82997131347656250000                 12.00000000000000000000                  0.52009791135787963867                 11.47990226745605468750
                346.82997131347656250000                 11.75000000000000000000                  0.42358794808387756348                 11.32641220092773437500
                362.82997131347656250000                 11.00000000000000000000                 -0.15160597860813140869                 11.15160560607910156250
                378.82997131347656250000                 11.50000000000000000000                  0.54686826467514038086                 10.95313167572021484375
                394.82997131347656250000                 11.25000000000000000000                  0.51917415857315063477                 10.73082542419433593750
                410.82997131347656250000                 10.31250000000000000000                 -0.17481972277164459229                 10.48731994628906250000
                426.82997131347656250000                 10.56250000000000000000                  0.33425906300544738770                 10.22824096679687500000
                442.82997131347656250000                  9.81250000000000000000                 -0.14946974813938140869                  9.96196937561035156250
                458.82997131347656250000                 10.18750000000000000000                  0.48851642012596130371                  9.69898319244384765625
                474.82997131347656250000                  7.62500000000000000000                 -1.82588708400726318359                  9.45088672637939453125
