11.2875384346163
11.3628438031888
11.4202621578825
11.4592904343176
11.4817336942037
11.4915815860628
11.4945726607862
11.49748399071
11.5072295543675
11.5298874690131
11.569796220543
11.628858644337
11.706167999075
11.7980254514238
11.8983589256601
11.9994888985264
12.0931282615587
12.1714614595637
12.2281310746453
12.2589721596231
12.2623751088444
12.2392205627415
12.1924042006827
12.1260420549136
12.0445047264863
11.9514605454407
11.8491068851138
11.737735160264
11.615714425619
11.4799020696003
11.3264120570474
11.1516059800369
10.953131720712
10.7308258360676
10.4873197220546
10.2282409495483
9.96196974621977
9.69898357111741
9.45088712778342
