9.38616059970475
9.48159782158221
9.58227838203482
9.68381980515624
9.7810680078147
9.86840437243963
9.94014846175305
9.99102816108349
10.0166766925408
10.0141069682158
9.98210978516643
9.92152454379379
9.83533989240035
9.7285965134713
9.60808386874576
9.48184507332988
9.35852662601884
9.24662972630039
9.15373473377127
9.0857778233279
9.0464576852497
9.03703788074036
9.05520746922784
9.09718262070475
9.15611243707446
9.22368597324008
9.29072068175169
9.34803802001885
9.3873369641678
9.40197421422655
9.3875706478295
9.34238384264195
9.26741366671886
9.16623851659591
9.04460981179555
8.90985801520109
8.77018161732853
8.63389920915717
8.50874337233727
