-4.32366059970475
0.268402178417785
1.10522161796518
-0.871319805156244
0.0314319921853041
-0.243404372439626
-2.00264846175305
1.00897183891651
2.35832330745916
0.673393031784155
-0.107109785166426
0.390975456206206
-0.0228398924003468
-0.0410965134712988
1.89191613125424
-0.106845073329875
-0.296026626018836
1.12837027369961
0.408765266228727
-0.1482778233279
78.0785423147503
121.71296211926
12.3197925307722
0.652817379295248
-0.968612437074462
0.0888140267599162
-0.540720681751692
0.401961979981147
1.8001630358322
-0.0269742142265539
0.862429352170498
0.282616157358051
-1.39241366671886
0.521261483404087
-0.107109811795548
-0.659858015201092
0.292318382671471
-0.571399209157168
-0.383743372337271
