               -133.17002868652343750000                  5.06250000000000000000                 -4.32366037368774414062                  9.38616085052490234375
               -117.17002868652343750000                  9.75000000000000000000                  0.26840218901634216309                  9.48159790039062500000
               -101.17002868652343750000                 10.68750000000000000000                  1.10522162914276123047                  9.58227825164794921875
                -85.17002868652343750000                  8.81250000000000000000                 -0.87131983041763305664                  9.68381977081298828125
                -69.17002868652343750000                  9.81250000000000000000                  0.03143199160695075989                  9.78106784820556640625
                -53.17002868652343750000                  9.62500000000000000000                 -0.24340437352657318115                  9.86840438842773437500
                -37.17002868652343750000                  7.93750000000000000000                 -2.00264835357666015625                  9.94014835357666015625
                -21.17002868652343750000                 11.00000000000000000000                  1.00897181034088134766                  9.99102783203125000000
                 -5.17002868652343750000                 12.37500000000000000000                  2.35832333564758300781                 10.01667690277099609375
                 10.82997131347656250000                 10.68750000000000000000                  0.67339301109313964844                 10.01410675048828125000
                 26.82997131347656250000                  9.87500000000000000000                 -0.10710978507995605469                  9.98211002349853515625
                 42.82997131347656250000                 10.31250000000000000000                  0.39097544550895690918                  9.92152500152587890625
                 58.82997131347656250000                  9.81250000000000000000                 -0.02283989265561103821                  9.83533954620361328125
                 74.82997131347656250000                  9.68750000000000000000                 -0.04109651222825050354                  9.72859668731689453125
                 90.82997131347656250000                 11.50000000000000000000                  1.89191615581512451172                  9.60808372497558593750
                106.82997131347656250000                  9.37500000000000000000                 -0.10684507340192794800                  9.48184490203857421875
                122.82997131347656250000                  9.06250000000000000000                 -0.29602661728858947754                  9.35852622985839843750
                138.82997131347656250000                 10.37500000000000000000                  1.12837028503417968750                  9.24662971496582031250
                154.82997131347656250000                  9.56250000000000000000                  0.40876525640487670898                  9.15373516082763671875
                170.82997131347656250000                  8.93750000000000000000                 -0.14827781915664672852                  9.08577823638916015625
                186.82997131347656250000                 87.12500000000000000000                 78.07854461669921875000                  9.04645729064941406250
                202.82997131347656250000                130.75000000000000000000                121.71295928955078125000                  9.03703784942626953125
                218.82997131347656250000                 21.37500000000000000000                 12.31979274749755859375                  9.05520725250244140625
                234.82997131347656250000                  9.75000000000000000000                  0.65281736850738525391                  9.09718227386474609375
                250.82997131347656250000                  8.18750000000000000000                 -0.96861243247985839844                  9.15611267089843750000
                266.82997131347656250000                  9.31250000000000000000                  0.08881402760744094849                  9.22368621826171875000
                282.82997131347656250000                  8.75000000000000000000                 -0.54072070121765136719                  9.29072093963623046875
                298.82997131347656250000                  9.75000000000000000000                  0.40196198225021362305                  9.34803771972656250000
                314.82997131347656250000                 11.18750000000000000000                  1.80016303062438964844                  9.38733673095703125000
                330.82997131347656250000                  9.37500000000000000000                 -0.02697421424090862274                  9.40197467803955078125
                346.82997131347656250000                 10.25000000000000000000                  0.86242938041687011719                  9.38757038116455078125
                362.82997131347656250000                  9.62500000000000000000                  0.28261616826057434082                  9.34238338470458984375
                378.82997131347656250000                  7.87500000000000000000                 -1.39241361618041992188                  9.26741409301757812500
                394.82997131347656250000                  9.68750000000000000000                  0.52126145362854003906                  9.16623878479003906250
                410.82997131347656250000                  8.93750000000000000000                 -0.10710981488227844238                  9.04461002349853515625
                426.82997131347656250000                  8.25000000000000000000                 -0.65985798835754394531                  8.90985774993896484375
                442.82997131347656250000                  9.06250000000000000000                  0.29231837391853332520                  8.77018165588378906250
                458.82997131347656250000                  8.06250000000000000000                 -0.57139921188354492188                  8.63389873504638671875
                474.82997131347656250000                  8.12500000000000000000                 -0.38374337553977966309                  8.50874328613281250000
