7.34251849611702
7.86176264025727
8.36316549886947
8.82239050548266
9.22045940528736
9.54576994708346
9.79529353042782
9.97475635504126
10.0977334403879
10.1837285639919
10.2554547572789
10.3356486339721
10.4438288719479
10.5934312138347
10.7897135998191
11.0287286848384
11.297519219944
11.5755243684233
11.8370165322636
12.0542442098885
12.20085908441
12.2551701409873
12.2027994383399
12.0384075542982
11.7662959707676
11.399855768401
10.9599908516715
10.4727749775315
9.96668642867816
9.46979244610416
9.00722777035619
8.59923736091185
8.25994886811445
7.99692524207352
7.81144091378636
7.6993413669083
7.65229475517405
7.65922794809277
7.70775440106154
