3.631417858038
3.67260090912411
3.71576901715891
3.75871027684935
3.79909232568232
3.83468079328587
3.86356649144624
3.88437263425867
3.89641330138631
3.89977878345731
3.89533207270833
3.88461248944009
3.86965552245155
3.85275030347491
3.83616564280407
3.8218805516291
3.81135473906563
3.80536871286163
3.80395279935518
3.80641137331123
3.8114350406543
3.81728166770145
3.82199884010962
3.82365669855185
3.82056139036042
3.81142497530948
3.79547620745549
3.77250646265058
3.74285443039352
3.7073405706457
3.66716682373294
3.62379838217583
3.57884283934053
3.53393854274199
3.49065955736669
3.45044032748898
3.41451972338711
3.38390211548189
3.35933247673444
