-1.131417858038
0.264899090875886
0.0967309828410929
-0.821210276849354
-0.674092325682317
-0.334680793285866
0.136433508553762
-0.0718726342586726
0.291086698613694
0.662721216542687
0.917167927291673
-0.0721124894400869
-0.182155522451551
-0.915250303474907
0.476334357195933
-0.0718805516291012
-0.373854739065634
-0.117868712861628
0.258547200644816
-0.556411373311232
3.0635649593457
0.12021833229855
-0.0719988401096159
-0.386156698551853
0.991938609639578
0.251075024690515
-0.295476207455485
0.539993537349415
0.00714556960647705
-0.2698405706457
-0.292166823732942
0.251201617824169
-0.516342839340532
0.278561457258012
0.0718404426333135
-0.137940327488978
0.210480276612893
-0.0714021154818929
-0.484332476734436
