-0.15273381313287
0.0367392441753105
0.599786116842717
-0.463692977066965
-0.466358804250982
0.341545536506257
-0.540315148981112
0.950138538165389
-7.30749777315687e-05
0.671057984670962
-0.0369077912138442
-0.0617796697890562
0.283845847801343
-0.249837668605734
-0.162285365836282
0.109933634490613
0.00563602334444369
-0.348516179027555
0.174402456696042
0.0139609498725024
0.359722467821346
0.0260777459525414
-0.485423009251005
-0.673722521682082
0.336623777978562
0.0453752340237195
0.139091130247721
-0.196321798172384
0.0369984552200826
0.0865284082251292
-0.300445236615808
0.123387038277947
-0.269434519479329
-0.168456924101324
-0.075176388168529
-0.365456824072065
0.522989389333399
0.465560103699192
-0.036829829542258
