               -133.17002868652343750000                  1.56250000000000000000                 -0.15273381769657135010                  1.71523380279541015625
               -117.17002868652343750000                  1.75000000000000000000                  0.03673924505710601807                  1.71326076984405517578
               -101.17002868652343750000                  2.31250000000000000000                  0.59978610277175903320                  1.71271383762359619141
                -85.17002868652343750000                  1.25000000000000000000                 -0.46369296312332153320                  1.71369302272796630859
                -69.17002868652343750000                  1.25000000000000000000                 -0.46635881066322326660                  1.71635878086090087891
                -53.17002868652343750000                  2.06250000000000000000                  0.34154552221298217773                  1.72095441818237304688
                -37.17002868652343750000                  1.18750000000000000000                 -0.54031515121459960938                  1.72781515121459960938
                -21.17002868652343750000                  2.68750000000000000000                  0.95013850927352905273                  1.73736143112182617188
                 -5.17002868652343750000                  1.75000000000000000000                 -0.00007307497435249388                  1.75007307529449462891
                 10.82997131347656250000                  2.43750000000000000000                  0.67105799913406372070                  1.76644206047058105469
                 26.82997131347656250000                  1.75000000000000000000                 -0.03690779209136962891                  1.78690779209136962891
                 42.82997131347656250000                  1.75000000000000000000                 -0.06177967041730880737                  1.81177961826324462891
                 58.82997131347656250000                  2.12500000000000000000                  0.28384584188461303711                  1.84115409851074218750
                 74.82997131347656250000                  1.62500000000000000000                 -0.24983766674995422363                  1.87483763694763183594
                 90.82997131347656250000                  1.75000000000000000000                 -0.16228537261486053467                  1.91228532791137695312
                106.82997131347656250000                  2.06250000000000000000                  0.10993363708257675171                  1.95256638526916503906
                122.82997131347656250000                  2.00000000000000000000                  0.00563602335751056671                  1.99436402320861816406
                138.82997131347656250000                  1.68750000000000000000                 -0.34851616621017456055                  2.03601622581481933594
                154.82997131347656250000                  2.25000000000000000000                  0.17440246045589447021                  2.07559752464294433594
                170.82997131347656250000                  2.12500000000000000000                  0.01396095007658004761                  2.11103916168212890625
                186.82997131347656250000                  2.50000000000000000000                  0.35972246527671813965                  2.14027762413024902344
                202.82997131347656250000                  2.18750000000000000000                  0.02607774548232555389                  2.16142225265502929688
                218.82997131347656250000                  1.68750000000000000000                 -0.48542299866676330566                  2.17292308807373046875
                234.82997131347656250000                  1.50000000000000000000                 -0.67372250556945800781                  2.17372250556945800781
                250.82997131347656250000                  2.50000000000000000000                  0.33662378787994384766                  2.16337633132934570312
                266.82997131347656250000                  2.18750000000000000000                  0.04537523537874221802                  2.14212465286254882812
                282.82997131347656250000                  2.25000000000000000000                  0.13909113407135009766                  2.11090898513793945312
                298.82997131347656250000                  1.87500000000000000000                 -0.19632180035114288330                  2.07132172584533691406
                314.82997131347656250000                  2.06250000000000000000                  0.03699845448136329651                  2.02550148963928222656
                330.82997131347656250000                  2.06250000000000000000                  0.08652840554714202881                  1.97597157955169677734
                346.82997131347656250000                  1.62500000000000000000                 -0.30044522881507873535                  1.92544519901275634766
                362.82997131347656250000                  2.00000000000000000000                  0.12338703870773315430                  1.87661302089691162109
                378.82997131347656250000                  1.56250000000000000000                 -0.26943451166152954102                  1.83193457126617431641
                394.82997131347656250000                  1.62500000000000000000                 -0.16845692694187164307                  1.79345691204071044922
                410.82997131347656250000                  1.68750000000000000000                 -0.07517638802528381348                  1.76267635822296142578
                426.82997131347656250000                  1.37500000000000000000                 -0.36545681953430175781                  1.74045681953430175781
                442.82997131347656250000                  2.25000000000000000000                  0.52298939228057861328                  1.72701060771942138672
                458.82997131347656250000                  2.18750000000000000000                  0.46556010842323303223                  1.72193992137908935547
                474.82997131347656250000                  1.68750000000000000000                 -0.03682982921600341797                  1.72432982921600341797
