-0.722939406009493
0.193352916545687
0.996910321647067
0.375690879978976
-0.108842509934008
0.353271919842003
0.133174730175812
-0.523956118499705
0.376600113400222
0.267205179297074
-0.10651692840799
-0.310112872857327
0.155138857653479
-0.335022409094057
0.0346821346803665
0.0188539318581782
-0.376518201408445
-0.582162934809674
0.40877062976611
-0.460003293511
16.3164498416846
16.3662917154476
0.378123784972401
-0.0240659850693419
-0.405725028064237
-0.0838589305743263
0.0609890337439438
-0.164669037443274
-0.141674671052134
0.37479782306878
-0.0568607787798561
-0.0644515182841063
0.0381123101663812
0.375733893224517
-0.0505595829027661
0.323609505007472
0.375658231761142
0.0457354955070426
0.0864507426917009
