               -133.17002868652343750000                  1.25000000000000000000                 -0.72293943166732788086                  1.97293937206268310547
               -117.17002868652343750000                  2.18750000000000000000                  0.19335292279720306396                  1.99414706230163574219
               -101.17002868652343750000                  3.00000000000000000000                  0.99691033363342285156                  2.00308966636657714844
                -85.17002868652343750000                  2.37500000000000000000                  0.37569087743759155273                  1.99930906295776367188
                -69.17002868652343750000                  1.87500000000000000000                 -0.10884250700473785400                  1.98384249210357666016
                -53.17002868652343750000                  2.31250000000000000000                  0.35327193140983581543                  1.95922803878784179688
                -37.17002868652343750000                  2.06250000000000000000                  0.13317473232746124268                  1.92932522296905517578
                -21.17002868652343750000                  1.37500000000000000000                 -0.52395612001419067383                  1.89895606040954589844
                 -5.17002868652343750000                  2.25000000000000000000                  0.37660011649131774902                  1.87339985370635986328
                 10.82997131347656250000                  2.12500000000000000000                  0.26720517873764038086                  1.85779476165771484375
                 26.82997131347656250000                  1.75000000000000000000                 -0.10651692748069763184                  1.85651695728302001953
                 42.82997131347656250000                  1.56250000000000000000                 -0.31011286377906799316                  1.87261283397674560547
                 58.82997131347656250000                  2.06250000000000000000                  0.15513885021209716797                  1.90736114978790283203
                 74.82997131347656250000                  1.62500000000000000000                 -0.33502241969108581543                  1.96002244949340820312
                 90.82997131347656250000                  2.06250000000000000000                  0.03468213602900505066                  2.02781796455383300781
                106.82997131347656250000                  2.12500000000000000000                  0.01885393261909484863                  2.10614609718322753906
                122.82997131347656250000                  1.81250000000000000000                 -0.37651818990707397461                  2.18901824951171875000
                138.82997131347656250000                  1.68750000000000000000                 -0.58216291666030883789                  2.26966285705566406250
                154.82997131347656250000                  2.75000000000000000000                  0.40877062082290649414                  2.34122943878173828125
                170.82997131347656250000                  1.93750000000000000000                 -0.46000328660011291504                  2.39750337600708007812
                186.82997131347656250000                 18.75000000000000000000                 16.31645011901855468750                  2.43355011940002441406
                202.82997131347656250000                 18.81250000000000000000                 16.36629104614257812500                  2.44620823860168457031
                218.82997131347656250000                  2.81250000000000000000                  0.37812379002571105957                  2.43437623977661132812
                234.82997131347656250000                  2.37500000000000000000                 -0.02406598441302776337                  2.39906597137451171875
                250.82997131347656250000                  1.93750000000000000000                 -0.40572503209114074707                  2.34322500228881835938
                266.82997131347656250000                  2.18750000000000000000                 -0.08385892957448959351                  2.27135896682739257812
                282.82997131347656250000                  2.25000000000000000000                  0.06098903343081474304                  2.18901085853576660156
                298.82997131347656250000                  1.93750000000000000000                 -0.16466903686523437500                  2.10216903686523437500
                314.82997131347656250000                  1.87500000000000000000                 -0.14167466759681701660                  2.01667475700378417969
                330.82997131347656250000                  2.31250000000000000000                  0.37479782104492187500                  1.93770217895507812500
                346.82997131347656250000                  1.81250000000000000000                 -0.05686077848076820374                  1.86936080455780029297
                362.82997131347656250000                  1.75000000000000000000                 -0.06445151567459106445                  1.81445157527923583984
                378.82997131347656250000                  1.81250000000000000000                  0.03811230883002281189                  1.77438771724700927734
                394.82997131347656250000                  2.12500000000000000000                  0.37573388218879699707                  1.74926614761352539062
                410.82997131347656250000                  1.68750000000000000000                 -0.05055958405137062073                  1.73805963993072509766
                426.82997131347656250000                  2.06250000000000000000                  0.32360950112342834473                  1.73889052867889404297
                442.82997131347656250000                  2.12500000000000000000                  0.37565824389457702637                  1.74934172630310058594
                458.82997131347656250000                  1.81250000000000000000                  0.04573549702763557434                  1.76676452159881591797
                474.82997131347656250000                  1.87500000000000000000                  0.08645074069499969482                  1.78854930400848388672
