1.97293940600949
1.99414708345431
2.00308967835293
1.99930912002102
1.98384250993401
1.959228080158
1.92932526982419
1.89895611849971
1.87339988659978
1.85779482070293
1.85651692840799
1.87261287285733
1.90736114234652
1.96002240909406
2.02781786531963
2.10614606814182
2.18901820140844
2.26966293480967
2.34122937023389
2.397503293511
2.43355015831536
2.44620828455243
2.4343762150276
2.39906598506934
2.34322502806424
2.27135893057433
2.18901096625606
2.10216903744327
2.01667467105213
1.93770217693122
1.86936077877986
1.81445151828411
1.77438768983362
1.74926610677548
1.73805958290277
1.73889049499253
1.74934176823886
1.76676450449296
1.7885492573083
