3.72117406923299
3.74373659768502
3.7635966789604
3.77964960872794
3.7913211511554
3.79868652655138
3.80251819699948
3.80424922415733
3.80584920387477
3.80962127659104
3.81793988282689
3.8329581401171
3.85631952055126
3.8889098939227
3.93068255873926
3.98058089008036
4.03657164457222
4.09578829458129
4.15476988591813
4.20976877846236
4.25709197611211
4.29338101050504
4.3161832721275
4.323611106126
4.31502137996974
4.29075361688463
4.25210403101788
4.20116158048725
4.14058731117474
4.0733668104758
4.00256542516645
3.93111165228262
3.86162686981557
3.79631081051012
3.73688346706948
3.68457682298543
3.64016487660093
3.60401826467988
3.57617024241443
