-2.03367406923299
0.0687634023149823
-0.0760966789604041
0.657850391272056
0.208678848844597
0.0763134734486228
0.00998180300052143
-0.679249224157334
0.381650796125233
-0.622121276591042
-1.13043988282689
0.604541859882896
0.706180479448738
-0.138909893922698
-1.11818255873926
0.206919109919643
-0.849071644572217
0.154211705418715
-0.154769885918126
-0.772268778462361
29.2429080238879
44.081618989495
1.6838167278725
0.613888893873996
0.184978620030263
0.0217463831153655
-0.814604031017881
-0.0761615804872537
-1.14058731117474
0.364133189524204
-0.190065425166449
0.506388347717383
0.0758731301844278
-0.796310810510117
-0.0493834670694775
0.627923177014565
0.547335123399074
-0.166518264679882
-0.0761702424144297
