6.49782299109195
6.44969794718719
6.39611937266706
6.34014414896422
6.28508038044054
6.23419968068687
6.19043255975013
6.15608066104921
6.13258050391599
6.12034963263197
6.11873774161437
6.12609325576554
6.13994148434698
6.15725581335526
6.17479062915237
6.18943579216617
6.19854901045983
6.20022510850693
6.19346969957374
6.17825795222669
6.15547501981641
6.12674224616168
6.09421604846457
6.06021510786242
6.02701736469358
5.99656392704666
5.97028130981706
5.94898089046004
5.93284967813152
5.92152446913771
5.91423030638266
5.90995681349723
5.90764324544562
5.90634498427151
5.90535996678432
5.90430186698439
5.90311619796131
5.90204428695968
5.90154702544777
