-2.93532299109195
0.362802052812807
-0.146119372667055
-0.215144148964216
0.589919619559463
0.765800319313126
-1.06543255975013
-0.406080661049213
0.492419496084013
0.06715036736803
-0.993737741614366
-0.313593255765545
-1.01494148434698
-0.657255813355262
0.700209370847629
0.748064207833833
0.363950989540171
0.174774891493065
0.556530300426261
-0.365757952226687
82.3445249801836
115.873257753838
11.3432839515354
-0.0602151078624171
0.785482635306424
-0.12156392704666
-0.907781309817061
-0.386480890460045
0.0671503218684775
1.64097553086229
0.773269693617343
-0.347456813497234
0.592356754554378
0.0311550157284879
-0.405359966784316
0.158198133015612
-0.590616197961312
0.285455713040321
-0.776547025447767
