5.40804294666844
5.29477212648933
5.17820929813676
5.06591194447677
4.96771329368497
4.89545235716906
4.86237321020895
4.88217218836987
4.96771884066506
5.12953302418987
5.37415873859435
5.70262507003832
6.10921494909998
6.58076355404797
7.096673876128
7.62976652846808
8.14798038181434
8.6168227501941
9.0023504188956
9.2743658057724
9.40945446156713
9.39348410664197
9.22323625702143
8.90694409238089
8.46364996937461
7.92145122945084
7.31484890993457
6.6815273786298
6.05895638504375
5.48121216387809
4.97636290386394
4.56466741360654
4.25771230167503
4.05848361437753
3.9622538063958
3.95807982923074
4.03066193240179
4.16230694024452
4.33476906504945
