      -309.17003       0.0000000
      -293.17003       0.0000000
      -277.17003       0.0000000
      -261.17003       0.0000000
      -245.17003       0.0000000
      -229.17003       0.0000000
      -213.17003       0.0000000
      -197.17003       0.0000000
      -181.17003       0.0000000
      -165.17003       0.0000000
      -149.17003       0.0000000
      -133.17003       13.750000
      -117.17003       24.187500
      -101.17003       26.250000
      -85.170029       26.187500
      -69.170029       27.375000
      -53.170029       26.312500
      -37.170029       25.250000
      -21.170029       26.125000
      -5.1700287       25.250000
       10.829971       26.437500
       26.829971       27.687500
       42.829971       27.500000
       58.829971       26.062500
       74.829971       24.375000
       90.829971       24.500000
       106.82997       25.687500
       122.82997       24.312500
       138.82997       25.437500
       154.82997       26.687500
       170.82997       23.687500
       186.82997       35.812500
       202.82997       32.250000
       218.82997       24.000000
       234.82997       27.125000
       250.82997       26.062500
       266.82997       25.437500
       282.82997       25.937500
       298.82997       25.750000
       314.82997       24.437500
       330.82997       26.750000
       346.82997       23.312500
       362.82997       24.500000
       378.82997       24.500000
       394.82997       26.000000
       410.82997       25.812500
       426.82997       23.312500
       442.82997       22.250000
       458.82997       24.687500
       474.82997       20.750000
       490.82997       0.0000000
       506.82997       0.0000000
       522.82997       0.0000000
       538.82997       0.0000000
       554.82997       0.0000000
       570.82997       0.0000000
       586.82997       0.0000000
       602.82997       0.0000000
       618.82997       0.0000000
       634.82997       0.0000000
       650.82997       0.0000000
       666.82997       0.0000000
       682.82997       0.0000000
       691.45000       0.0000000
