      -309.17003       0.0000000
      -293.17003       0.0000000
      -277.17003       0.0000000
      -261.17003       0.0000000
      -245.17003       0.0000000
      -229.17003       0.0000000
      -213.17003       0.0000000
      -197.17003       0.0000000
      -181.17003       0.0000000
      -165.17003       0.0000000
      -149.17003       0.0000000
      -133.17003       17.000000
      -117.17003       30.312500
      -101.17003       28.062500
      -85.170029       29.187500
      -69.170029       30.125000
      -53.170029       29.250000
      -37.170029       30.312500
      -21.170029       27.000000
      -5.1700287       27.687500
       10.829971       30.000000
       26.829971       29.875000
       42.829971       31.312500
       58.829971       30.750000
       74.829971       28.562500
       90.829971       29.812500
       106.82997       29.250000
       122.82997       30.312500
       138.82997       30.750000
       154.82997       31.437500
       170.82997       28.562500
       186.82997       71.687500
       202.82997       76.187500
       218.82997       30.250000
       234.82997       28.312500
       250.82997       29.437500
       266.82997       29.000000
       282.82997       30.000000
       298.82997       28.625000
       314.82997       26.250000
       330.82997       30.500000
       346.82997       28.750000
       362.82997       26.750000
       378.82997       30.125000
       394.82997       26.500000
       410.82997       29.625000
       426.82997       27.750000
       442.82997       28.875000
       458.82997       29.687500
       474.82997       22.875000
       490.82997       0.0000000
       506.82997       0.0000000
       522.82997       0.0000000
       538.82997       0.0000000
       554.82997       0.0000000
       570.82997       0.0000000
       586.82997       0.0000000
       602.82997       0.0000000
       618.82997       0.0000000
       634.82997       0.0000000
       650.82997       0.0000000
       666.82997       0.0000000
       682.82997       0.0000000
       691.45000       0.0000000
