      -309.17003       0.0000000
      -293.17003       0.0000000
      -277.17003       0.0000000
      -261.17003       0.0000000
      -245.17003       0.0000000
      -229.17003       0.0000000
      -213.17003       0.0000000
      -197.17003       0.0000000
      -181.17003       0.0000000
      -165.17003       0.0000000
      -149.17003       0.0000000
      -133.17003       15.750000
      -117.17003       30.062500
      -101.17003       28.937500
      -85.170029       32.625000
      -69.170029       31.437500
      -53.170029       31.750000
      -37.170029       28.812500
      -21.170029       28.750000
      -5.1700287       32.562500
       10.829971       28.625000
       26.829971       31.625000
       42.829971       31.687500
       58.829971       29.875000
       74.829971       32.125000
       90.829971       32.000000
       106.82997       30.375000
       122.82997       30.687500
       138.82997       31.937500
       154.82997       31.562500
       170.82997       29.625000
       186.82997       52.375000
       202.82997       43.437500
       218.82997       30.812500
       234.82997       32.312500
       250.82997       33.500000
       266.82997       31.937500
       282.82997       29.562500
       298.82997       29.500000
       314.82997       32.125000
       330.82997       32.250000
       346.82997       31.187500
       362.82997       30.750000
       378.82997       31.062500
       394.82997       32.812500
       410.82997       28.875000
       426.82997       30.250000
       442.82997       34.375000
       458.82997       29.625000
       474.82997       24.562500
       490.82997       0.0000000
       506.82997       0.0000000
       522.82997       0.0000000
       538.82997       0.0000000
       554.82997       0.0000000
       570.82997       0.0000000
       586.82997       0.0000000
       602.82997       0.0000000
       618.82997       0.0000000
       634.82997       0.0000000
       650.82997       0.0000000
       666.82997       0.0000000
       682.82997       0.0000000
       691.45000       0.0000000
