      -309.17003       0.0000000
      -293.17003       0.0000000
      -277.17003       0.0000000
      -261.17003       0.0000000
      -245.17003       0.0000000
      -229.17003       0.0000000
      -213.17003       0.0000000
      -197.17003       0.0000000
      -181.17003       0.0000000
      -165.17003       0.0000000
      -149.17003       0.0000000
      -133.17003       12.875000
      -117.17003       21.000000
      -101.17003       19.500000
      -85.170029       20.375000
      -69.170029       20.437500
      -53.170029       19.187500
      -37.170029       20.687500
      -21.170029       18.062500
      -5.1700287       16.812500
       10.829971       18.750000
       26.829971       18.812500
       42.829971       22.375000
       58.829971       20.500000
       74.829971       19.375000
       90.829971       19.250000
       106.82997       19.687500
       122.82997       19.562500
       138.82997       18.250000
       154.82997       19.812500
       170.82997       19.875000
       186.82997       27.625000
       202.82997       24.375000
       218.82997       19.750000
       234.82997       19.562500
       250.82997       18.937500
       266.82997       19.187500
       282.82997       18.437500
       298.82997       20.000000
       314.82997       19.250000
       330.82997       18.000000
       346.82997       18.437500
       362.82997       18.000000
       378.82997       18.437500
       394.82997       19.625000
       410.82997       18.937500
       426.82997       17.625000
       442.82997       17.562500
       458.82997       17.375000
       474.82997       14.687500
       490.82997       0.0000000
       506.82997       0.0000000
       522.82997       0.0000000
       538.82997       0.0000000
       554.82997       0.0000000
       570.82997       0.0000000
       586.82997       0.0000000
       602.82997       0.0000000
       618.82997       0.0000000
       634.82997       0.0000000
       650.82997       0.0000000
       666.82997       0.0000000
       682.82997       0.0000000
       691.45000       0.0000000
