      -309.17003       0.0000000
      -293.17003       0.0000000
      -277.17003       0.0000000
      -261.17003       0.0000000
      -245.17003       0.0000000
      -229.17003       0.0000000
      -213.17003       0.0000000
      -197.17003       0.0000000
      -181.17003       0.0000000
      -165.17003       0.0000000
      -149.17003       0.0000000
      -133.17003       16.437500
      -117.17003       31.562500
      -101.17003       34.687500
      -85.170029       31.000000
      -69.170029       30.875000
      -53.170029       31.375000
      -37.170029       29.250000
      -21.170029       27.062500
      -5.1700287       30.125000
       10.829971       28.750000
       26.829971       29.500000
       42.829971       30.562500
       58.829971       28.000000
       74.829971       29.750000
       90.829971       28.375000
       106.82997       28.812500
       122.82997       26.500000
       138.82997       29.875000
       154.82997       29.250000
       170.82997       29.125000
       186.82997       53.687500
       202.82997       51.375000
       218.82997       32.750000
       234.82997       30.562500
       250.82997       30.937500
       266.82997       29.562500
       282.82997       28.937500
       298.82997       29.187500
       314.82997       27.812500
       330.82997       28.875000
       346.82997       29.500000
       362.82997       30.000000
       378.82997       29.750000
       394.82997       30.812500
       410.82997       28.250000
       426.82997       27.625000
       442.82997       28.187500
       458.82997       27.562500
       474.82997       24.187500
       490.82997       0.0000000
       506.82997       0.0000000
       522.82997       0.0000000
       538.82997       0.0000000
       554.82997       0.0000000
       570.82997       0.0000000
       586.82997       0.0000000
       602.82997       0.0000000
       618.82997       0.0000000
       634.82997       0.0000000
       650.82997       0.0000000
       666.82997       0.0000000
       682.82997       0.0000000
       691.45000       0.0000000
