      -309.17003       0.0000000
      -293.17003       0.0000000
      -277.17003       0.0000000
      -261.17003       0.0000000
      -245.17003       0.0000000
      -229.17003       0.0000000
      -213.17003       0.0000000
      -197.17003       0.0000000
      -181.17003       0.0000000
      -165.17003       0.0000000
      -149.17003       0.0000000
      -133.17003       18.812500
      -117.17003       35.312500
      -101.17003       36.312500
      -85.170029       36.937500
      -69.170029       36.750000
      -53.170029       34.687500
      -37.170029       37.875000
      -21.170029       36.687500
      -5.1700287       39.000000
       10.829971       35.687500
       26.829971       36.312500
       42.829971       36.000000
       58.829971       34.187500
       74.829971       35.312500
       90.829971       35.062500
       106.82997       33.562500
       122.82997       37.437500
       138.82997       34.062500
       154.82997       33.937500
       170.82997       33.125000
       186.82997       53.187500
       202.82997       50.187500
       218.82997       34.750000
       234.82997       34.750000
       250.82997       36.312500
       266.82997       34.062500
       282.82997       35.437500
       298.82997       34.937500
       314.82997       34.750000
       330.82997       35.687500
       346.82997       34.125000
       362.82997       34.562500
       378.82997       33.500000
       394.82997       36.562500
       410.82997       35.875000
       426.82997       34.937500
       442.82997       32.812500
       458.82997       35.687500
       474.82997       29.187500
       490.82997       0.0000000
       506.82997       0.0000000
       522.82997       0.0000000
       538.82997       0.0000000
       554.82997       0.0000000
       570.82997       0.0000000
       586.82997       0.0000000
       602.82997       0.0000000
       618.82997       0.0000000
       634.82997       0.0000000
       650.82997       0.0000000
       666.82997       0.0000000
       682.82997       0.0000000
       691.45000       0.0000000
