      -309.17003       0.0000000
      -293.17003       0.0000000
      -277.17003       0.0000000
      -261.17003       0.0000000
      -245.17003       0.0000000
      -229.17003       0.0000000
      -213.17003       0.0000000
      -197.17003       0.0000000
      -181.17003       0.0000000
      -165.17003       0.0000000
      -149.17003       0.0000000
      -133.17003       13.687500
      -117.17003       28.875000
      -101.17003       28.312500
      -85.170029       28.375000
      -69.170029       31.562500
      -53.170029       26.812500
      -37.170029       30.687500
      -21.170029       28.375000
      -5.1700287       27.062500
       10.829971       27.125000
       26.829971       28.062500
       42.829971       28.500000
       58.829971       30.125000
       74.829971       27.375000
       90.829971       29.687500
       106.82997       27.000000
       122.82997       26.250000
       138.82997       28.250000
       154.82997       28.625000
       170.82997       27.750000
       186.82997       37.562500
       202.82997       37.437500
       218.82997       26.500000
       234.82997       27.750000
       250.82997       26.500000
       266.82997       28.062500
       282.82997       27.687500
       298.82997       28.937500
       314.82997       28.812500
       330.82997       27.437500
       346.82997       25.125000
       362.82997       29.687500
       378.82997       24.437500
       394.82997       28.125000
       410.82997       26.375000
       426.82997       27.875000
       442.82997       27.000000
       458.82997       26.250000
       474.82997       23.000000
       490.82997       0.0000000
       506.82997       0.0000000
       522.82997       0.0000000
       538.82997       0.0000000
       554.82997       0.0000000
       570.82997       0.0000000
       586.82997       0.0000000
       602.82997       0.0000000
       618.82997       0.0000000
       634.82997       0.0000000
       650.82997       0.0000000
       666.82997       0.0000000
       682.82997       0.0000000
       691.45000       0.0000000
