      -309.17003       0.0000000
      -293.17003       0.0000000
      -277.17003       0.0000000
      -261.17003       0.0000000
      -245.17003       0.0000000
      -229.17003       0.0000000
      -213.17003       0.0000000
      -197.17003       0.0000000
      -181.17003       0.0000000
      -165.17003       0.0000000
      -149.17003       0.0000000
      -133.17003       19.125000
      -117.17003       28.062500
      -101.17003       33.687500
      -85.170029       30.875000
      -69.170029       31.750000
      -53.170029       31.562500
      -37.170029       33.562500
      -21.170029       33.250000
      -5.1700287       32.625000
       10.829971       31.437500
       26.829971       30.125000
       42.829971       32.562500
       58.829971       34.062500
       74.829971       31.500000
       90.829971       31.875000
       106.82997       30.750000
       122.82997       32.437500
       138.82997       33.312500
       154.82997       32.625000
       170.82997       30.750000
       186.82997       71.687500
       202.82997       68.875000
       218.82997       33.000000
       234.82997       31.812500
       250.82997       29.750000
       266.82997       31.937500
       282.82997       30.437500
       298.82997       32.187500
       314.82997       26.812500
       330.82997       33.562500
       346.82997       32.375000
       362.82997       29.437500
       378.82997       31.500000
       394.82997       28.750000
       410.82997       30.625000
       426.82997       30.125000
       442.82997       30.687500
       458.82997       30.437500
       474.82997       25.750000
       490.82997       0.0000000
       506.82997       0.0000000
       522.82997       0.0000000
       538.82997       0.0000000
       554.82997       0.0000000
       570.82997       0.0000000
       586.82997       0.0000000
       602.82997       0.0000000
       618.82997       0.0000000
       634.82997       0.0000000
       650.82997       0.0000000
       666.82997       0.0000000
       682.82997       0.0000000
       691.45000       0.0000000
