      -309.17003       0.0000000
      -293.17003       0.0000000
      -277.17003       0.0000000
      -261.17003       0.0000000
      -245.17003       0.0000000
      -229.17003       0.0000000
      -213.17003       0.0000000
      -197.17003       0.0000000
      -181.17003       0.0000000
      -165.17003       0.0000000
      -149.17003       0.0000000
      -133.17003       16.000000
      -117.17003       31.937500
      -101.17003       32.562500
      -85.170029       33.125000
      -69.170029       28.687500
      -53.170029       30.875000
      -37.170029       28.750000
      -21.170029       29.687500
      -5.1700287       29.562500
       10.829971       29.187500
       26.829971       32.000000
       42.829971       31.375000
       58.829971       29.687500
       74.829971       28.625000
       90.829971       31.437500
       106.82997       31.812500
       122.82997       30.437500
       138.82997       32.437500
       154.82997       30.562500
       170.82997       32.125000
       186.82997       51.500000
       202.82997       46.625000
       218.82997       29.562500
       234.82997       29.812500
       250.82997       28.562500
       266.82997       30.125000
       282.82997       27.625000
       298.82997       31.062500
       314.82997       28.375000
       330.82997       31.437500
       346.82997       30.750000
       362.82997       33.562500
       378.82997       26.750000
       394.82997       29.812500
       410.82997       29.625000
       426.82997       30.375000
       442.82997       31.187500
       458.82997       27.750000
       474.82997       26.750000
       490.82997       0.0000000
       506.82997       0.0000000
       522.82997       0.0000000
       538.82997       0.0000000
       554.82997       0.0000000
       570.82997       0.0000000
       586.82997       0.0000000
       602.82997       0.0000000
       618.82997       0.0000000
       634.82997       0.0000000
       650.82997       0.0000000
       666.82997       0.0000000
       682.82997       0.0000000
       691.45000       0.0000000
