      -309.17003       0.0000000
      -293.17003       0.0000000
      -277.17003       0.0000000
      -261.17003       0.0000000
      -245.17003       0.0000000
      -229.17003       0.0000000
      -213.17003       0.0000000
      -197.17003       0.0000000
      -181.17003       0.0000000
      -165.17003       0.0000000
      -149.17003       0.0000000
      -133.17003       10.187500
      -117.17003       17.750000
      -101.17003       20.125000
      -85.170029       19.062500
      -69.170029       20.062500
      -53.170029       18.687500
      -37.170029       19.187500
      -21.170029       20.312500
      -5.1700287       19.250000
       10.829971       17.625000
       26.829971       20.000000
       42.829971       20.187500
       58.829971       19.125000
       74.829971       18.062500
       90.829971       18.562500
       106.82997       17.187500
       122.82997       18.125000
       138.82997       18.437500
       154.82997       18.937500
       170.82997       18.187500
       186.82997       26.187500
       202.82997       22.562500
       218.82997       19.875000
       234.82997       18.375000
       250.82997       17.812500
       266.82997       18.625000
       282.82997       18.250000
       298.82997       17.750000
       314.82997       18.437500
       330.82997       19.625000
       346.82997       18.687500
       362.82997       18.687500
       378.82997       18.250000
       394.82997       18.187500
       410.82997       17.500000
       426.82997       18.562500
       442.82997       18.812500
       458.82997       18.125000
       474.82997       14.500000
       490.82997       0.0000000
       506.82997       0.0000000
       522.82997       0.0000000
       538.82997       0.0000000
       554.82997       0.0000000
       570.82997       0.0000000
       586.82997       0.0000000
       602.82997       0.0000000
       618.82997       0.0000000
       634.82997       0.0000000
       650.82997       0.0000000
       666.82997       0.0000000
       682.82997       0.0000000
       691.45000       0.0000000
