      -309.17003       0.0000000
      -293.17003       0.0000000
      -277.17003       0.0000000
      -261.17003       0.0000000
      -245.17003       0.0000000
      -229.17003       0.0000000
      -213.17003       0.0000000
      -197.17003       0.0000000
      -181.17003       0.0000000
      -165.17003       0.0000000
      -149.17003       0.0000000
      -133.17003       26.875000
      -117.17003       45.500000
      -101.17003       48.812500
      -85.170029       47.937500
      -69.170029       49.625000
      -53.170029       48.000000
      -37.170029       49.687500
      -21.170029       48.500000
      -5.1700287       47.937500
       10.829971       45.312500
       26.829971       46.375000
       42.829971       49.375000
       58.829971       47.875000
       74.829971       50.875000
       90.829971       45.437500
       106.82997       47.437500
       122.82997       49.437500
       138.82997       46.687500
       154.82997       46.625000
       170.82997       51.187500
       186.82997       186.87500
       202.82997       218.56250
       218.82997       53.812500
       234.82997       51.187500
       250.82997       46.312500
       266.82997       46.375000
       282.82997       48.312500
       298.82997       43.937500
       314.82997       49.312500
       330.82997       46.562500
       346.82997       48.562500
       362.82997       46.375000
       378.82997       44.875000
       394.82997       44.125000
       410.82997       49.875000
       426.82997       45.687500
       442.82997       45.375000
       458.82997       45.500000
       474.82997       38.375000
       490.82997       0.0000000
       506.82997       0.0000000
       522.82997       0.0000000
       538.82997       0.0000000
       554.82997       0.0000000
       570.82997       0.0000000
       586.82997       0.0000000
       602.82997       0.0000000
       618.82997       0.0000000
       634.82997       0.0000000
       650.82997       0.0000000
       666.82997       0.0000000
       682.82997       0.0000000
       691.45000       0.0000000
