      -309.17003       0.0000000
      -293.17003       0.0000000
      -277.17003       0.0000000
      -261.17003       0.0000000
      -245.17003       0.0000000
      -229.17003       0.0000000
      -213.17003       0.0000000
      -197.17003       0.0000000
      -181.17003       0.0000000
      -165.17003       0.0000000
      -149.17003       0.0000000
      -133.17003       29.625000
      -117.17003       51.187500
      -101.17003       50.375000
      -85.170029       53.062500
      -69.170029       56.875000
      -53.170029       50.375000
      -37.170029       51.687500
      -21.170029       50.875000
      -5.1700287       48.750000
       10.829971       51.625000
       26.829971       48.875000
       42.829971       53.312500
       58.829971       49.500000
       74.829971       52.687500
       90.829971       51.125000
       106.82997       53.125000
       122.82997       51.875000
       138.82997       51.312500
       154.82997       52.125000
       170.82997       50.875000
       186.82997       222.87500
       202.82997       253.31250
       218.82997       63.125000
       234.82997       51.437500
       250.82997       53.062500
       266.82997       52.062500
       282.82997       49.750000
       298.82997       48.875000
       314.82997       52.875000
       330.82997       53.437500
       346.82997       48.687500
       362.82997       52.500000
       378.82997       48.937500
       394.82997       47.062500
       410.82997       49.375000
       426.82997       48.062500
       442.82997       48.625000
       458.82997       50.937500
       474.82997       43.000000
       490.82997       0.0000000
       506.82997       0.0000000
       522.82997       0.0000000
       538.82997       0.0000000
       554.82997       0.0000000
       570.82997       0.0000000
       586.82997       0.0000000
       602.82997       0.0000000
       618.82997       0.0000000
       634.82997       0.0000000
       650.82997       0.0000000
       666.82997       0.0000000
       682.82997       0.0000000
       691.45000       0.0000000
