      -309.17003       0.0000000
      -293.17003       0.0000000
      -277.17003       0.0000000
      -261.17003       0.0000000
      -245.17003       0.0000000
      -229.17003       0.0000000
      -213.17003       0.0000000
      -197.17003       0.0000000
      -181.17003       0.0000000
      -165.17003       0.0000000
      -149.17003       0.0000000
      -133.17003       48.500000
      -117.17003       83.375000
      -101.17003       83.187500
      -85.170029       85.625000
      -69.170029       84.375000
      -53.170029       81.437500
      -37.170029       85.937500
      -21.170029       83.687500
      -5.1700287       89.562500
       10.829971       85.625000
       26.829971       84.000000
       42.829971       86.312500
       58.829971       90.000000
       74.829971       90.062500
       90.829971       85.687500
       106.82997       84.500000
       122.82997       84.437500
       138.82997       87.562500
       154.82997       89.125000
       170.82997       86.937500
       186.82997       777.25000
       202.82997       1018.3125
       218.82997       149.62500
       234.82997       91.125000
       250.82997       84.437500
       266.82997       83.750000
       282.82997       83.875000
       298.82997       83.312500
       314.82997       83.437500
       330.82997       87.812500
       346.82997       87.937500
       362.82997       86.562500
       378.82997       86.562500
       394.82997       84.250000
       410.82997       82.500000
       426.82997       83.875000
       442.82997       80.875000
       458.82997       83.000000
       474.82997       69.812500
       490.82997       0.0000000
       506.82997       0.0000000
       522.82997       0.0000000
       538.82997       0.0000000
       554.82997       0.0000000
       570.82997       0.0000000
       586.82997       0.0000000
       602.82997       0.0000000
       618.82997       0.0000000
       634.82997       0.0000000
       650.82997       0.0000000
       666.82997       0.0000000
       682.82997       0.0000000
       691.45000       0.0000000
