      -309.17003       0.0000000
      -293.17003       0.0000000
      -277.17003       0.0000000
      -261.17003       0.0000000
      -245.17003       0.0000000
      -229.17003       0.0000000
      -213.17003       0.0000000
      -197.17003       0.0000000
      -181.17003       0.0000000
      -165.17003       0.0000000
      -149.17003       0.0000000
      -133.17003       8.1250000
      -117.17003       12.312500
      -101.17003       13.312500
      -85.170029       15.437500
      -69.170029       12.937500
      -53.170029       14.187500
      -37.170029       12.875000
      -21.170029       13.562500
      -5.1700287       13.750000
       10.829971       12.750000
       26.829971       14.812500
       42.829971       12.437500
       58.829971       13.000000
       74.829971       13.562500
       90.829971       12.500000
       106.82997       12.625000
       122.82997       13.437500
       138.82997       13.875000
       154.82997       13.187500
       170.82997       12.062500
       186.82997       18.062500
       202.82997       16.625000
       218.82997       13.562500
       234.82997       13.437500
       250.82997       13.562500
       266.82997       14.062500
       282.82997       11.250000
       298.82997       13.250000
       314.82997       13.562500
       330.82997       14.312500
       346.82997       12.375000
       362.82997       11.625000
       378.82997       13.937500
       394.82997       13.937500
       410.82997       11.625000
       426.82997       13.187500
       442.82997       13.562500
       458.82997       11.562500
       474.82997       9.4375000
       490.82997       0.0000000
       506.82997       0.0000000
       522.82997       0.0000000
       538.82997       0.0000000
       554.82997       0.0000000
       570.82997       0.0000000
       586.82997       0.0000000
       602.82997       0.0000000
       618.82997       0.0000000
       634.82997       0.0000000
       650.82997       0.0000000
       666.82997       0.0000000
       682.82997       0.0000000
       691.45000       0.0000000
