      -309.17003       0.0000000
      -293.17003       0.0000000
      -277.17003       0.0000000
      -261.17003       0.0000000
      -245.17003       0.0000000
      -229.17003       0.0000000
      -213.17003       0.0000000
      -197.17003       0.0000000
      -181.17003       0.0000000
      -165.17003       0.0000000
      -149.17003       0.0000000
      -133.17003       18.812500
      -117.17003       33.187500
      -101.17003       31.687500
      -85.170029       32.000000
      -69.170029       31.625000
      -53.170029       29.937500
      -37.170029       29.437500
      -21.170029       34.312500
      -5.1700287       33.937500
       10.829971       30.750000
       26.829971       29.437500
       42.829971       28.687500
       58.829971       32.375000
       74.829971       32.437500
       90.829971       32.937500
       106.82997       31.000000
       122.82997       31.875000
       138.82997       31.875000
       154.82997       31.562500
       170.82997       30.250000
       186.82997       81.312500
       202.82997       84.562500
       218.82997       31.687500
       234.82997       31.000000
       250.82997       31.000000
       266.82997       31.187500
       282.82997       31.625000
       298.82997       30.812500
       314.82997       31.187500
       330.82997       31.687500
       346.82997       30.375000
       362.82997       29.625000
       378.82997       30.687500
       394.82997       29.187500
       410.82997       32.750000
       426.82997       30.000000
       442.82997       30.000000
       458.82997       29.125000
       474.82997       27.312500
       490.82997       0.0000000
       506.82997       0.0000000
       522.82997       0.0000000
       538.82997       0.0000000
       554.82997       0.0000000
       570.82997       0.0000000
       586.82997       0.0000000
       602.82997       0.0000000
       618.82997       0.0000000
       634.82997       0.0000000
       650.82997       0.0000000
       666.82997       0.0000000
       682.82997       0.0000000
       691.45000       0.0000000
