      -309.17003       0.0000000
      -293.17003       0.0000000
      -277.17003       0.0000000
      -261.17003       0.0000000
      -245.17003       0.0000000
      -229.17003       0.0000000
      -213.17003       0.0000000
      -197.17003       0.0000000
      -181.17003       0.0000000
      -165.17003       0.0000000
      -149.17003       0.0000000
      -133.17003       7.5625000
      -117.17003       11.812500
      -101.17003       13.812500
      -85.170029       11.562500
      -69.170029       12.312500
      -53.170029       13.500000
      -37.170029       11.375000
      -21.170029       11.562500
      -5.1700287       11.312500
       10.829971       10.937500
       26.829971       12.937500
       42.829971       11.750000
       58.829971       11.875000
       74.829971       11.625000
       90.829971       12.500000
       106.82997       12.750000
       122.82997       9.7500000
       138.82997       11.812500
       154.82997       12.875000
       170.82997       13.000000
       186.82997       16.812500
       202.82997       15.562500
       218.82997       10.750000
       234.82997       13.562500
       250.82997       10.875000
       266.82997       11.375000
       282.82997       13.750000
       298.82997       12.437500
       314.82997       11.375000
       330.82997       11.750000
       346.82997       13.000000
       362.82997       11.250000
       378.82997       10.750000
       394.82997       11.000000
       410.82997       11.000000
       426.82997       11.250000
       442.82997       11.875000
       458.82997       12.250000
       474.82997       9.0000000
       490.82997       0.0000000
       506.82997       0.0000000
       522.82997       0.0000000
       538.82997       0.0000000
       554.82997       0.0000000
       570.82997       0.0000000
       586.82997       0.0000000
       602.82997       0.0000000
       618.82997       0.0000000
       634.82997       0.0000000
       650.82997       0.0000000
       666.82997       0.0000000
       682.82997       0.0000000
       691.45000       0.0000000
