      -309.17003       0.0000000
      -293.17003       0.0000000
      -277.17003       0.0000000
      -261.17003       0.0000000
      -245.17003       0.0000000
      -229.17003       0.0000000
      -213.17003       0.0000000
      -197.17003       0.0000000
      -181.17003       0.0000000
      -165.17003       0.0000000
      -149.17003       0.0000000
      -133.17003       10.062500
      -117.17003       20.125000
      -101.17003       19.875000
      -85.170029       18.125000
      -69.170029       18.250000
      -53.170029       19.437500
      -37.170029       18.875000
      -21.170029       21.125000
      -5.1700287       19.312500
       10.829971       18.625000
       26.829971       21.812500
       42.829971       19.875000
       58.829971       18.500000
       74.829971       18.125000
       90.829971       19.000000
       106.82997       18.750000
       122.82997       17.687500
       138.82997       17.562500
       154.82997       18.312500
       170.82997       17.937500
       186.82997       30.000000
       202.82997       21.750000
       218.82997       19.562500
       234.82997       20.250000
       250.82997       18.437500
       266.82997       18.625000
       282.82997       18.875000
       298.82997       19.250000
       314.82997       18.812500
       330.82997       19.750000
       346.82997       18.500000
       362.82997       18.250000
       378.82997       17.875000
       394.82997       18.375000
       410.82997       16.062500
       426.82997       16.562500
       442.82997       18.000000
       458.82997       18.750000
       474.82997       17.062500
       490.82997       0.0000000
       506.82997       0.0000000
       522.82997       0.0000000
       538.82997       0.0000000
       554.82997       0.0000000
       570.82997       0.0000000
       586.82997       0.0000000
       602.82997       0.0000000
       618.82997       0.0000000
       634.82997       0.0000000
       650.82997       0.0000000
       666.82997       0.0000000
       682.82997       0.0000000
       691.45000       0.0000000
