      -309.17003       0.0000000
      -293.17003       0.0000000
      -277.17003       0.0000000
      -261.17003       0.0000000
      -245.17003       0.0000000
      -229.17003       0.0000000
      -213.17003       0.0000000
      -197.17003       0.0000000
      -181.17003       0.0000000
      -165.17003       0.0000000
      -149.17003       0.0000000
      -133.17003       9.9375000
      -117.17003       17.625000
      -101.17003       17.812500
      -85.170029       16.250000
      -69.170029       18.062500
      -53.170029       16.000000
      -37.170029       16.562500
      -21.170029       13.625000
      -5.1700287       15.812500
       10.829971       16.000000
       26.829971       16.937500
       42.829971       16.125000
       58.829971       15.375000
       74.829971       16.375000
       90.829971       14.625000
       106.82997       15.562500
       122.82997       16.125000
       138.82997       12.875000
       154.82997       15.125000
       170.82997       14.937500
       186.82997       21.937500
       202.82997       19.125000
       218.82997       14.187500
       234.82997       16.187500
       250.82997       14.312500
       266.82997       15.937500
       282.82997       15.875000
       298.82997       16.125000
       314.82997       13.625000
       330.82997       14.250000
       346.82997       15.125000
       362.82997       15.562500
       378.82997       14.437500
       394.82997       14.812500
       410.82997       14.500000
       426.82997       15.562500
       442.82997       14.562500
       458.82997       14.937500
       474.82997       11.937500
       490.82997       0.0000000
       506.82997       0.0000000
       522.82997       0.0000000
       538.82997       0.0000000
       554.82997       0.0000000
       570.82997       0.0000000
       586.82997       0.0000000
       602.82997       0.0000000
       618.82997       0.0000000
       634.82997       0.0000000
       650.82997       0.0000000
       666.82997       0.0000000
       682.82997       0.0000000
       691.45000       0.0000000
