      -309.17003       0.0000000
      -293.17003       0.0000000
      -277.17003       0.0000000
      -261.17003       0.0000000
      -245.17003       0.0000000
      -229.17003       0.0000000
      -213.17003       0.0000000
      -197.17003       0.0000000
      -181.17003       0.0000000
      -165.17003       0.0000000
      -149.17003       0.0000000
      -133.17003      0.93750000
      -117.17003       2.4375000
      -101.17003       2.9375000
      -85.170029       2.4375000
      -69.170029       2.6875000
      -53.170029       2.3750000
      -37.170029       1.8125000
      -21.170029       2.1250000
      -5.1700287       1.8125000
       10.829971       1.8750000
       26.829971       2.5625000
       42.829971       2.3125000
       58.829971       2.2500000
       74.829971       2.3750000
       90.829971       2.2500000
       106.82997       2.0000000
       122.82997       2.0000000
       138.82997       2.3750000
       154.82997       2.1875000
       170.82997       2.5625000
       186.82997       4.0000000
       202.82997       3.9375000
       218.82997       2.2500000
       234.82997       2.0625000
       250.82997       2.8125000
       266.82997       2.1875000
       282.82997       1.4375000
       298.82997       2.3125000
       314.82997       2.1875000
       330.82997       2.5625000
       346.82997       2.0000000
       362.82997       1.8750000
       378.82997       1.8125000
       394.82997       2.1250000
       410.82997       1.8750000
       426.82997       2.4375000
       442.82997       1.8750000
       458.82997       1.6875000
       474.82997       1.6875000
       490.82997       0.0000000
       506.82997       0.0000000
       522.82997       0.0000000
       538.82997       0.0000000
       554.82997       0.0000000
       570.82997       0.0000000
       586.82997       0.0000000
       602.82997       0.0000000
       618.82997       0.0000000
       634.82997       0.0000000
       650.82997       0.0000000
       666.82997       0.0000000
       682.82997       0.0000000
       691.45000       0.0000000
