      -309.17003       0.0000000
      -293.17003       0.0000000
      -277.17003       0.0000000
      -261.17003       0.0000000
      -245.17003       0.0000000
      -229.17003       0.0000000
      -213.17003       0.0000000
      -197.17003       0.0000000
      -181.17003       0.0000000
      -165.17003       0.0000000
      -149.17003       0.0000000
      -133.17003       20.000000
      -117.17003       35.687500
      -101.17003       32.937500
      -85.170029       30.875000
      -69.170029       36.375000
      -53.170029       34.375000
      -37.170029       33.937500
      -21.170029       35.437500
      -5.1700287       32.375000
       10.829971       33.812500
       26.829971       32.937500
       42.829971       31.875000
       58.829971       33.687500
       74.829971       33.437500
       90.829971       35.312500
       106.82997       34.125000
       122.82997       30.812500
       138.82997       34.937500
       154.82997       32.125000
       170.82997       34.437500
       186.82997       98.375000
       202.82997       99.250000
       218.82997       35.875000
       234.82997       35.187500
       250.82997       33.187500
       266.82997       32.062500
       282.82997       33.687500
       298.82997       34.500000
       314.82997       33.312500
       330.82997       34.250000
       346.82997       32.750000
       362.82997       35.937500
       378.82997       33.312500
       394.82997       31.437500
       410.82997       32.375000
       426.82997       32.937500
       442.82997       30.125000
       458.82997       33.062500
       474.82997       27.625000
       490.82997       0.0000000
       506.82997       0.0000000
       522.82997       0.0000000
       538.82997       0.0000000
       554.82997       0.0000000
       570.82997       0.0000000
       586.82997       0.0000000
       602.82997       0.0000000
       618.82997       0.0000000
       634.82997       0.0000000
       650.82997       0.0000000
       666.82997       0.0000000
       682.82997       0.0000000
       691.45000       0.0000000
