      -309.17003       0.0000000
      -293.17003       0.0000000
      -277.17003       0.0000000
      -261.17003       0.0000000
      -245.17003       0.0000000
      -229.17003       0.0000000
      -213.17003       0.0000000
      -197.17003       0.0000000
      -181.17003       0.0000000
      -165.17003       0.0000000
      -149.17003       0.0000000
      -133.17003       22.687500
      -117.17003       40.687500
      -101.17003       38.312500
      -85.170029       37.187500
      -69.170029       37.750000
      -53.170029       39.375000
      -37.170029       39.562500
      -21.170029       39.562500
      -5.1700287       39.312500
       10.829971       36.500000
       26.829971       40.812500
       42.829971       37.250000
       58.829971       41.000000
       74.829971       38.375000
       90.829971       35.062500
       106.82997       36.937500
       122.82997       36.250000
       138.82997       36.437500
       154.82997       36.812500
       170.82997       35.562500
       186.82997       68.000000
       202.82997       67.625000
       218.82997       39.562500
       234.82997       36.937500
       250.82997       38.125000
       266.82997       36.125000
       282.82997       38.562500
       298.82997       38.312500
       314.82997       35.500000
       330.82997       34.625000
       346.82997       35.187500
       362.82997       34.562500
       378.82997       38.250000
       394.82997       35.500000
       410.82997       34.937500
       426.82997       36.187500
       442.82997       33.625000
       458.82997       33.937500
       474.82997       29.562500
       490.82997       0.0000000
       506.82997       0.0000000
       522.82997       0.0000000
       538.82997       0.0000000
       554.82997       0.0000000
       570.82997       0.0000000
       586.82997       0.0000000
       602.82997       0.0000000
       618.82997       0.0000000
       634.82997       0.0000000
       650.82997       0.0000000
       666.82997       0.0000000
       682.82997       0.0000000
       691.45000       0.0000000
