      -309.17003       0.0000000
      -293.17003       0.0000000
      -277.17003       0.0000000
      -261.17003       0.0000000
      -245.17003       0.0000000
      -229.17003       0.0000000
      -213.17003       0.0000000
      -197.17003       0.0000000
      -181.17003       0.0000000
      -165.17003       0.0000000
      -149.17003       0.0000000
      -133.17003       33.625000
      -117.17003       57.812500
      -101.17003       56.500000
      -85.170029       56.937500
      -69.170029       60.500000
      -53.170029       56.750000
      -37.170029       54.812500
      -21.170029       59.312500
      -5.1700287       56.562500
       10.829971       56.562500
       26.829971       56.562500
       42.829971       57.562500
       58.829971       60.750000
       74.829971       54.625000
       90.829971       59.125000
       106.82997       57.937500
       122.82997       57.562500
       138.82997       59.375000
       154.82997       53.937500
       170.82997       55.437500
       186.82997       351.87500
       202.82997       432.56250
       218.82997       77.375000
       234.82997       60.187500
       250.82997       58.437500
       266.82997       55.687500
       282.82997       58.125000
       298.82997       54.250000
       314.82997       59.875000
       330.82997       58.437500
       346.82997       57.187500
       362.82997       58.187500
       378.82997       59.687500
       394.82997       57.750000
       410.82997       57.062500
       426.82997       56.375000
       442.82997       54.875000
       458.82997       55.500000
       474.82997       48.125000
       490.82997       0.0000000
       506.82997       0.0000000
       522.82997       0.0000000
       538.82997       0.0000000
       554.82997       0.0000000
       570.82997       0.0000000
       586.82997       0.0000000
       602.82997       0.0000000
       618.82997       0.0000000
       634.82997       0.0000000
       650.82997       0.0000000
       666.82997       0.0000000
       682.82997       0.0000000
       691.45000       0.0000000
