      -309.17003       0.0000000
      -293.17003       0.0000000
      -277.17003       0.0000000
      -261.17003       0.0000000
      -245.17003       0.0000000
      -229.17003       0.0000000
      -213.17003       0.0000000
      -197.17003       0.0000000
      -181.17003       0.0000000
      -165.17003       0.0000000
      -149.17003       0.0000000
      -133.17003       18.875000
      -117.17003       32.625000
      -101.17003       32.437500
      -85.170029       31.187500
      -69.170029       35.375000
      -53.170029       33.250000
      -37.170029       32.875000
      -21.170029       32.750000
      -5.1700287       36.187500
       10.829971       33.937500
       26.829971       33.062500
       42.829971       35.437500
       58.829971       35.937500
       74.829971       32.812500
       90.829971       33.875000
       106.82997       32.062500
       122.82997       33.812500
       138.82997       32.562500
       154.82997       32.500000
       170.82997       34.125000
       186.82997       324.37500
       202.82997       409.43750
       218.82997       62.375000
       234.82997       36.812500
       250.82997       32.312500
       266.82997       33.375000
       282.82997       34.500000
       298.82997       32.687500
       314.82997       32.562500
       330.82997       33.937500
       346.82997       35.562500
       362.82997       30.125000
       378.82997       33.062500
       394.82997       31.187500
       410.82997       33.750000
       426.82997       35.812500
       442.82997       34.375000
       458.82997       32.437500
       474.82997       28.187500
       490.82997       0.0000000
       506.82997       0.0000000
       522.82997       0.0000000
       538.82997       0.0000000
       554.82997       0.0000000
       570.82997       0.0000000
       586.82997       0.0000000
       602.82997       0.0000000
       618.82997       0.0000000
       634.82997       0.0000000
       650.82997       0.0000000
       666.82997       0.0000000
       682.82997       0.0000000
       691.45000       0.0000000
