      -309.17003       0.0000000
      -293.17003       0.0000000
      -277.17003       0.0000000
      -261.17003       0.0000000
      -245.17003       0.0000000
      -229.17003       0.0000000
      -213.17003       0.0000000
      -197.17003       0.0000000
      -181.17003       0.0000000
      -165.17003       0.0000000
      -149.17003       0.0000000
      -133.17003       12.937500
      -117.17003       21.750000
      -101.17003       23.062500
      -85.170029       22.625000
      -69.170029       25.125000
      -53.170029       25.562500
      -37.170029       23.375000
      -21.170029       23.687500
      -5.1700287       22.062500
       10.829971       24.375000
       26.829971       20.312500
       42.829971       22.500000
       58.829971       24.500000
       74.829971       24.750000
       90.829971       24.125000
       106.82997       24.125000
       122.82997       24.312500
       138.82997       24.812500
       154.82997       23.250000
       170.82997       27.375000
       186.82997       36.000000
       202.82997       29.250000
       218.82997       24.125000
       234.82997       22.000000
       250.82997       24.312500
       266.82997       21.250000
       282.82997       23.250000
       298.82997       21.937500
       314.82997       25.875000
       330.82997       21.687500
       346.82997       23.750000
       362.82997       22.562500
       378.82997       22.875000
       394.82997       22.187500
       410.82997       23.437500
       426.82997       22.375000
       442.82997       21.875000
       458.82997       21.500000
       474.82997       17.375000
       490.82997       0.0000000
       506.82997       0.0000000
       522.82997       0.0000000
       538.82997       0.0000000
       554.82997       0.0000000
       570.82997       0.0000000
       586.82997       0.0000000
       602.82997       0.0000000
       618.82997       0.0000000
       634.82997       0.0000000
       650.82997       0.0000000
       666.82997       0.0000000
       682.82997       0.0000000
       691.45000       0.0000000
