      -309.17003       0.0000000
      -293.17003       0.0000000
      -277.17003       0.0000000
      -261.17003       0.0000000
      -245.17003       0.0000000
      -229.17003       0.0000000
      -213.17003       0.0000000
      -197.17003       0.0000000
      -181.17003       0.0000000
      -165.17003       0.0000000
      -149.17003       0.0000000
      -133.17003       40.125000
      -117.17003       64.000000
      -101.17003       67.812500
      -85.170029       65.812500
      -69.170029       64.937500
      -53.170029       61.562500
      -37.170029       65.187500
      -21.170029       60.750000
      -5.1700287       65.312500
       10.829971       67.125000
       26.829971       63.125000
       42.829971       62.687500
       58.829971       64.187500
       74.829971       64.812500
       90.829971       63.312500
       106.82997       60.187500
       122.82997       64.625000
       138.82997       62.562500
       154.82997       62.000000
       170.82997       62.625000
       186.82997       173.75000
       202.82997       194.06250
       218.82997       69.500000
       234.82997       63.250000
       250.82997       60.625000
       266.82997       63.062500
       282.82997       64.000000
       298.82997       62.062500
       314.82997       65.187500
       330.82997       62.000000
       346.82997       59.312500
       362.82997       59.937500
       378.82997       60.562500
       394.82997       61.125000
       410.82997       63.500000
       426.82997       57.187500
       442.82997       59.625000
       458.82997       59.750000
       474.82997       49.750000
       490.82997       0.0000000
       506.82997       0.0000000
       522.82997       0.0000000
       538.82997       0.0000000
       554.82997       0.0000000
       570.82997       0.0000000
       586.82997       0.0000000
       602.82997       0.0000000
       618.82997       0.0000000
       634.82997       0.0000000
       650.82997       0.0000000
       666.82997       0.0000000
       682.82997       0.0000000
       691.45000       0.0000000
