      -309.17003       0.0000000
      -293.17003       0.0000000
      -277.17003       0.0000000
      -261.17003       0.0000000
      -245.17003       0.0000000
      -229.17003       0.0000000
      -213.17003       0.0000000
      -197.17003       0.0000000
      -181.17003       0.0000000
      -165.17003       0.0000000
      -149.17003       0.0000000
      -133.17003       15.187500
      -117.17003       26.000000
      -101.17003       25.062500
      -85.170029       25.875000
      -69.170029       24.625000
      -53.170029       26.937500
      -37.170029       25.375000
      -21.170029       26.687500
      -5.1700287       26.500000
       10.829971       25.687500
       26.829971       26.500000
       42.829971       25.875000
       58.829971       25.750000
       74.829971       24.750000
       90.829971       27.437500
       106.82997       23.187500
       122.82997       25.687500
       138.82997       24.750000
       154.82997       24.750000
       170.82997       25.375000
       186.82997       35.500000
       202.82997       32.000000
       218.82997       25.250000
       234.82997       25.687500
       250.82997       23.812500
       266.82997       25.937500
       282.82997       26.437500
       298.82997       23.625000
       314.82997       23.812500
       330.82997       23.562500
       346.82997       25.062500
       362.82997       25.250000
       378.82997       24.125000
       394.82997       24.812500
       410.82997       24.937500
       426.82997       24.812500
       442.82997       26.562500
       458.82997       26.375000
       474.82997       18.750000
       490.82997       0.0000000
       506.82997       0.0000000
       522.82997       0.0000000
       538.82997       0.0000000
       554.82997       0.0000000
       570.82997       0.0000000
       586.82997       0.0000000
       602.82997       0.0000000
       618.82997       0.0000000
       634.82997       0.0000000
       650.82997       0.0000000
       666.82997       0.0000000
       682.82997       0.0000000
       691.45000       0.0000000
