      -309.17003       0.0000000
      -293.17003       0.0000000
      -277.17003       0.0000000
      -261.17003       0.0000000
      -245.17003       0.0000000
      -229.17003       0.0000000
      -213.17003       0.0000000
      -197.17003       0.0000000
      -181.17003       0.0000000
      -165.17003       0.0000000
      -149.17003       0.0000000
      -133.17003       40.812500
      -117.17003       69.750000
      -101.17003       75.687500
      -85.170029       71.812500
      -69.170029       68.125000
      -53.170029       69.437500
      -37.170029       69.750000
      -21.170029       73.187500
      -5.1700287       74.250000
       10.829971       68.562500
       26.829971       67.875000
       42.829971       67.875000
       58.829971       65.937500
       74.829971       66.375000
       90.829971       71.875000
       106.82997       70.312500
       122.82997       69.312500
       138.82997       67.937500
       154.82997       67.437500
       170.82997       72.125000
       186.82997       534.50000
       202.82997       652.68750
       218.82997       106.12500
       234.82997       74.125000
       250.82997       74.125000
       266.82997       73.500000
       282.82997       71.125000
       298.82997       70.937500
       314.82997       73.750000
       330.82997       69.312500
       346.82997       70.562500
       362.82997       69.812500
       378.82997       71.125000
       394.82997       70.250000
       410.82997       72.437500
       426.82997       66.562500
       442.82997       68.937500
       458.82997       67.500000
       474.82997       54.375000
       490.82997       0.0000000
       506.82997       0.0000000
       522.82997       0.0000000
       538.82997       0.0000000
       554.82997       0.0000000
       570.82997       0.0000000
       586.82997       0.0000000
       602.82997       0.0000000
       618.82997       0.0000000
       634.82997       0.0000000
       650.82997       0.0000000
       666.82997       0.0000000
       682.82997       0.0000000
       691.45000       0.0000000
