      -309.17003       0.0000000
      -293.17003       0.0000000
      -277.17003       0.0000000
      -261.17003       0.0000000
      -245.17003       0.0000000
      -229.17003       0.0000000
      -213.17003       0.0000000
      -197.17003       0.0000000
      -181.17003       0.0000000
      -165.17003       0.0000000
      -149.17003       0.0000000
      -133.17003       18.937500
      -117.17003       30.250000
      -101.17003       32.875000
      -85.170029       32.750000
      -69.170029       32.250000
      -53.170029       33.312500
      -37.170029       31.500000
      -21.170029       33.750000
      -5.1700287       32.500000
       10.829971       29.750000
       26.829971       30.125000
       42.829971       30.750000
       58.829971       29.187500
       74.829971       32.562500
       90.829971       33.125000
       106.82997       29.062500
       122.82997       31.312500
       138.82997       31.937500
       154.82997       31.062500
       170.82997       30.750000
       186.82997       49.375000
       202.82997       45.562500
       218.82997       31.250000
       234.82997       27.312500
       250.82997       30.937500
       266.82997       30.000000
       282.82997       29.687500
       298.82997       29.437500
       314.82997       28.250000
       330.82997       31.625000
       346.82997       29.312500
       362.82997       29.062500
       378.82997       30.000000
       394.82997       31.500000
       410.82997       30.437500
       426.82997       29.437500
       442.82997       31.750000
       458.82997       28.062500
       474.82997       24.187500
       490.82997       0.0000000
       506.82997       0.0000000
       522.82997       0.0000000
       538.82997       0.0000000
       554.82997       0.0000000
       570.82997       0.0000000
       586.82997       0.0000000
       602.82997       0.0000000
       618.82997       0.0000000
       634.82997       0.0000000
       650.82997       0.0000000
       666.82997       0.0000000
       682.82997       0.0000000
       691.45000       0.0000000
