      -309.17003       0.0000000
      -293.17003       0.0000000
      -277.17003       0.0000000
      -261.17003       0.0000000
      -245.17003       0.0000000
      -229.17003       0.0000000
      -213.17003       0.0000000
      -197.17003       0.0000000
      -181.17003       0.0000000
      -165.17003       0.0000000
      -149.17003       0.0000000
      -133.17003       31.625000
      -117.17003       55.187500
      -101.17003       57.062500
      -85.170029       53.687500
      -69.170029       55.875000
      -53.170029       57.000000
      -37.170029       56.937500
      -21.170029       54.562500
      -5.1700287       58.500000
       10.829971       53.125000
       26.829971       55.000000
       42.829971       55.375000
       58.829971       55.500000
       74.829971       58.562500
       90.829971       52.187500
       106.82997       58.312500
       122.82997       53.937500
       138.82997       56.187500
       154.82997       55.125000
       170.82997       57.625000
       186.82997       256.18750
       202.82997       304.62500
       218.82997       68.062500
       234.82997       60.000000
       250.82997       56.625000
       266.82997       57.687500
       282.82997       55.875000
       298.82997       54.187500
       314.82997       56.187500
       330.82997       55.187500
       346.82997       52.937500
       362.82997       54.000000
       378.82997       56.187500
       394.82997       55.625000
       410.82997       56.812500
       426.82997       54.562500
       442.82997       55.687500
       458.82997       52.562500
       474.82997       45.875000
       490.82997       0.0000000
       506.82997       0.0000000
       522.82997       0.0000000
       538.82997       0.0000000
       554.82997       0.0000000
       570.82997       0.0000000
       586.82997       0.0000000
       602.82997       0.0000000
       618.82997       0.0000000
       634.82997       0.0000000
       650.82997       0.0000000
       666.82997       0.0000000
       682.82997       0.0000000
       691.45000       0.0000000
