      -309.17003       0.0000000
      -293.17003       0.0000000
      -277.17003       0.0000000
      -261.17003       0.0000000
      -245.17003       0.0000000
      -229.17003       0.0000000
      -213.17003       0.0000000
      -197.17003       0.0000000
      -181.17003       0.0000000
      -165.17003       0.0000000
      -149.17003       0.0000000
      -133.17003       11.625000
      -117.17003       18.125000
      -101.17003       18.500000
      -85.170029       19.437500
      -69.170029       17.625000
      -53.170029       18.750000
      -37.170029       20.750000
      -21.170029       16.500000
      -5.1700287       17.437500
       10.829971       18.687500
       26.829971       19.500000
       42.829971       18.312500
       58.829971       18.062500
       74.829971       18.562500
       90.829971       18.562500
       106.82997       17.687500
       122.82997       17.812500
       138.82997       18.312500
       154.82997       17.437500
       170.82997       17.000000
       186.82997       24.937500
       202.82997       22.625000
       218.82997       19.375000
       234.82997       17.875000
       250.82997       17.125000
       266.82997       17.500000
       282.82997       17.687500
       298.82997       18.812500
       314.82997       16.562500
       330.82997       16.937500
       346.82997       17.625000
       362.82997       18.437500
       378.82997       19.312500
       394.82997       16.500000
       410.82997       17.437500
       426.82997       16.062500
       442.82997       16.250000
       458.82997       17.500000
       474.82997       15.187500
       490.82997       0.0000000
       506.82997       0.0000000
       522.82997       0.0000000
       538.82997       0.0000000
       554.82997       0.0000000
       570.82997       0.0000000
       586.82997       0.0000000
       602.82997       0.0000000
       618.82997       0.0000000
       634.82997       0.0000000
       650.82997       0.0000000
       666.82997       0.0000000
       682.82997       0.0000000
       691.45000       0.0000000
