      -309.17003       0.0000000
      -293.17003       0.0000000
      -277.17003       0.0000000
      -261.17003       0.0000000
      -245.17003       0.0000000
      -229.17003       0.0000000
      -213.17003       0.0000000
      -197.17003       0.0000000
      -181.17003       0.0000000
      -165.17003       0.0000000
      -149.17003       0.0000000
      -133.17003       23.750000
      -117.17003       42.000000
      -101.17003       43.125000
      -85.170029       41.812500
      -69.170029       42.437500
      -53.170029       43.125000
      -37.170029       38.937500
      -21.170029       40.000000
      -5.1700287       40.875000
       10.829971       42.562500
       26.829971       40.437500
       42.829971       38.875000
       58.829971       37.437500
       74.829971       38.562500
       90.829971       43.687500
       106.82997       40.250000
       122.82997       41.687500
       138.82997       41.625000
       154.82997       39.312500
       170.82997       45.562500
       186.82997       128.93750
       202.82997       148.81250
       218.82997       43.812500
       234.82997       41.562500
       250.82997       42.937500
       266.82997       41.125000
       282.82997       39.562500
       298.82997       40.437500
       314.82997       40.937500
       330.82997       39.812500
       346.82997       39.375000
       362.82997       41.312500
       378.82997       40.562500
       394.82997       39.187500
       410.82997       38.750000
       426.82997       40.125000
       442.82997       38.562500
       458.82997       40.562500
       474.82997       30.812500
       490.82997       0.0000000
       506.82997       0.0000000
       522.82997       0.0000000
       538.82997       0.0000000
       554.82997       0.0000000
       570.82997       0.0000000
       586.82997       0.0000000
       602.82997       0.0000000
       618.82997       0.0000000
       634.82997       0.0000000
       650.82997       0.0000000
       666.82997       0.0000000
       682.82997       0.0000000
       691.45000       0.0000000
