      -309.17003       0.0000000
      -293.17003       0.0000000
      -277.17003       0.0000000
      -261.17003       0.0000000
      -245.17003       0.0000000
      -229.17003       0.0000000
      -213.17003       0.0000000
      -197.17003       0.0000000
      -181.17003       0.0000000
      -165.17003       0.0000000
      -149.17003       0.0000000
      -133.17003       7.8750000
      -117.17003       12.187500
      -101.17003       13.187500
      -85.170029       11.437500
      -69.170029       12.687500
      -53.170029       10.750000
      -37.170029       14.187500
      -21.170029       13.625000
      -5.1700287       12.437500
       10.829971       13.125000
       26.829971       11.500000
       42.829971       11.437500
       58.829971       11.687500
       74.829971       13.750000
       90.829971       12.687500
       106.82997       11.937500
       122.82997       13.187500
       138.82997       11.437500
       154.82997       11.437500
       170.82997       13.500000
       186.82997       17.062500
       202.82997       13.062500
       218.82997       12.687500
       234.82997       12.250000
       250.82997       11.625000
       266.82997       10.812500
       282.82997       11.687500
       298.82997       11.187500
       314.82997       11.750000
       330.82997       11.562500
       346.82997       11.812500
       362.82997       13.187500
       378.82997       13.562500
       394.82997       12.187500
       410.82997       12.062500
       426.82997       9.9375000
       442.82997       12.562500
       458.82997       12.437500
       474.82997       10.937500
       490.82997       0.0000000
       506.82997       0.0000000
       522.82997       0.0000000
       538.82997       0.0000000
       554.82997       0.0000000
       570.82997       0.0000000
       586.82997       0.0000000
       602.82997       0.0000000
       618.82997       0.0000000
       634.82997       0.0000000
       650.82997       0.0000000
       666.82997       0.0000000
       682.82997       0.0000000
       691.45000       0.0000000
