      -309.17003       0.0000000
      -293.17003       0.0000000
      -277.17003       0.0000000
      -261.17003       0.0000000
      -245.17003       0.0000000
      -229.17003       0.0000000
      -213.17003       0.0000000
      -197.17003       0.0000000
      -181.17003       0.0000000
      -165.17003       0.0000000
      -149.17003       0.0000000
      -133.17003       20.000000
      -117.17003       35.625000
      -101.17003       36.937500
      -85.170029       36.625000
      -69.170029       35.750000
      -53.170029       36.125000
      -37.170029       38.625000
      -21.170029       34.500000
      -5.1700287       37.500000
       10.829971       35.312500
       26.829971       36.750000
       42.829971       38.625000
       58.829971       32.000000
       74.829971       32.875000
       90.829971       34.875000
       106.82997       35.062500
       122.82997       35.125000
       138.82997       36.812500
       154.82997       33.062500
       170.82997       34.062500
       186.82997       116.12500
       202.82997       126.62500
       218.82997       39.375000
       234.82997       33.312500
       250.82997       34.125000
       266.82997       35.125000
       282.82997       34.125000
       298.82997       33.375000
       314.82997       35.937500
       330.82997       30.500000
       346.82997       36.312500
       362.82997       34.937500
       378.82997       34.187500
       394.82997       36.312500
       410.82997       34.687500
       426.82997       34.187500
       442.82997       31.625000
       458.82997       34.312500
       474.82997       29.750000
       490.82997       0.0000000
       506.82997       0.0000000
       522.82997       0.0000000
       538.82997       0.0000000
       554.82997       0.0000000
       570.82997       0.0000000
       586.82997       0.0000000
       602.82997       0.0000000
       618.82997       0.0000000
       634.82997       0.0000000
       650.82997       0.0000000
       666.82997       0.0000000
       682.82997       0.0000000
       691.45000       0.0000000
