      -309.17003       0.0000000
      -293.17003       0.0000000
      -277.17003       0.0000000
      -261.17003       0.0000000
      -245.17003       0.0000000
      -229.17003       0.0000000
      -213.17003       0.0000000
      -197.17003       0.0000000
      -181.17003       0.0000000
      -165.17003       0.0000000
      -149.17003       0.0000000
      -133.17003       13.562500
      -117.17003       23.187500
      -101.17003       22.437500
      -85.170029       23.250000
      -69.170029       23.187500
      -53.170029       24.625000
      -37.170029       24.125000
      -21.170029       26.125000
      -5.1700287       22.812500
       10.829971       22.937500
       26.829971       22.812500
       42.829971       23.187500
       58.829971       22.625000
       74.829971       25.750000
       90.829971       21.937500
       106.82997       22.312500
       122.82997       23.062500
       138.82997       23.250000
       154.82997       23.187500
       170.82997       22.875000
       186.82997       34.375000
       202.82997       29.062500
       218.82997       20.437500
       234.82997       21.062500
       250.82997       24.562500
       266.82997       23.312500
       282.82997       24.750000
       298.82997       20.750000
       314.82997       23.000000
       330.82997       21.500000
       346.82997       22.125000
       362.82997       21.375000
       378.82997       23.812500
       394.82997       23.000000
       410.82997       21.812500
       426.82997       23.562500
       442.82997       24.125000
       458.82997       23.687500
       474.82997       20.000000
       490.82997       0.0000000
       506.82997       0.0000000
       522.82997       0.0000000
       538.82997       0.0000000
       554.82997       0.0000000
       570.82997       0.0000000
       586.82997       0.0000000
       602.82997       0.0000000
       618.82997       0.0000000
       634.82997       0.0000000
       650.82997       0.0000000
       666.82997       0.0000000
       682.82997       0.0000000
       691.45000       0.0000000
