      -309.17003       0.0000000
      -293.17003       0.0000000
      -277.17003       0.0000000
      -261.17003       0.0000000
      -245.17003       0.0000000
      -229.17003       0.0000000
      -213.17003       0.0000000
      -197.17003       0.0000000
      -181.17003       0.0000000
      -165.17003       0.0000000
      -149.17003       0.0000000
      -133.17003      0.31250000
      -117.17003       1.2500000
      -101.17003       1.1250000
      -85.170029      0.81250000
      -69.170029       1.0625000
      -53.170029       1.1875000
      -37.170029      0.93750000
      -21.170029      0.93750000
      -5.1700287       1.1875000
       10.829971      0.68750000
       26.829971      0.75000000
       42.829971      0.50000000
       58.829971      0.75000000
       74.829971       1.2500000
       90.829971      0.87500000
       106.82997      0.75000000
       122.82997      0.87500000
       138.82997       1.0000000
       154.82997       1.0000000
       170.82997      0.81250000
       186.82997       1.6875000
       202.82997       1.4375000
       218.82997       1.3750000
       234.82997       1.0625000
       250.82997      0.87500000
       266.82997      0.87500000
       282.82997       1.0625000
       298.82997       1.2500000
       314.82997      0.75000000
       330.82997      0.87500000
       346.82997       1.5000000
       362.82997       1.1250000
       378.82997      0.56250000
       394.82997      0.75000000
       410.82997      0.81250000
       426.82997      0.87500000
       442.82997       1.0625000
       458.82997       1.3125000
       474.82997      0.75000000
       490.82997       0.0000000
       506.82997       0.0000000
       522.82997       0.0000000
       538.82997       0.0000000
       554.82997       0.0000000
       570.82997       0.0000000
       586.82997       0.0000000
       602.82997       0.0000000
       618.82997       0.0000000
       634.82997       0.0000000
       650.82997       0.0000000
       666.82997       0.0000000
       682.82997       0.0000000
       691.45000       0.0000000
