      -309.17003       0.0000000
      -293.17003       0.0000000
      -277.17003       0.0000000
      -261.17003       0.0000000
      -245.17003       0.0000000
      -229.17003       0.0000000
      -213.17003       0.0000000
      -197.17003       0.0000000
      -181.17003       0.0000000
      -165.17003       0.0000000
      -149.17003       0.0000000
      -133.17003       29.187500
      -117.17003       51.937500
      -101.17003       49.937500
      -85.170029       50.312500
      -69.170029       49.750000
      -53.170029       48.500000
      -37.170029       46.875000
      -21.170029       47.687500
      -5.1700287       49.312500
       10.829971       47.375000
       26.829971       48.437500
       42.829971       47.500000
       58.829971       47.250000
       74.829971       47.187500
       90.829971       46.625000
       106.82997       47.500000
       122.82997       48.875000
       138.82997       51.937500
       154.82997       49.000000
       170.82997       50.625000
       186.82997       155.75000
       202.82997       172.75000
       218.82997       52.312500
       234.82997       46.437500
       250.82997       48.500000
       266.82997       44.875000
       282.82997       45.125000
       298.82997       47.187500
       314.82997       46.500000
       330.82997       43.312500
       346.82997       44.500000
       362.82997       44.500000
       378.82997       45.500000
       394.82997       44.375000
       410.82997       49.937500
       426.82997       46.000000
       442.82997       44.312500
       458.82997       46.062500
       474.82997       37.937500
       490.82997       0.0000000
       506.82997       0.0000000
       522.82997       0.0000000
       538.82997       0.0000000
       554.82997       0.0000000
       570.82997       0.0000000
       586.82997       0.0000000
       602.82997       0.0000000
       618.82997       0.0000000
       634.82997       0.0000000
       650.82997       0.0000000
       666.82997       0.0000000
       682.82997       0.0000000
       691.45000       0.0000000
