      -309.17003       0.0000000
      -293.17003       0.0000000
      -277.17003       0.0000000
      -261.17003       0.0000000
      -245.17003       0.0000000
      -229.17003       0.0000000
      -213.17003       0.0000000
      -197.17003       0.0000000
      -181.17003       0.0000000
      -165.17003       0.0000000
      -149.17003       0.0000000
      -133.17003       5.8750000
      -117.17003       11.812500
      -101.17003       11.312500
      -85.170029       8.0625000
      -69.170029       9.0625000
      -53.170029       10.500000
      -37.170029       9.5000000
      -21.170029       9.6875000
      -5.1700287       9.9375000
       10.829971       10.812500
       26.829971       12.062500
       42.829971       9.8125000
       58.829971       9.7500000
       74.829971       9.0625000
       90.829971       10.000000
       106.82997       8.4375000
       122.82997       10.312500
       138.82997       10.437500
       154.82997       8.9375000
       170.82997       10.187500
       186.82997       12.812500
       202.82997       12.000000
       218.82997       9.4375000
       234.82997       9.0000000
       250.82997       10.375000
       266.82997       9.6875000
       282.82997       10.625000
       298.82997       8.5625000
       314.82997       8.6875000
       330.82997       9.1875000
       346.82997       8.6875000
       362.82997       9.5000000
       378.82997       9.3750000
       394.82997       8.3750000
       410.82997       9.6875000
       426.82997       10.500000
       442.82997       9.8750000
       458.82997       8.3750000
       474.82997       7.6875000
       490.82997       0.0000000
       506.82997       0.0000000
       522.82997       0.0000000
       538.82997       0.0000000
       554.82997       0.0000000
       570.82997       0.0000000
       586.82997       0.0000000
       602.82997       0.0000000
       618.82997       0.0000000
       634.82997       0.0000000
       650.82997       0.0000000
       666.82997       0.0000000
       682.82997       0.0000000
       691.45000       0.0000000
