      -309.17003       0.0000000
      -293.17003       0.0000000
      -277.17003       0.0000000
      -261.17003       0.0000000
      -245.17003       0.0000000
      -229.17003       0.0000000
      -213.17003       0.0000000
      -197.17003       0.0000000
      -181.17003       0.0000000
      -165.17003       0.0000000
      -149.17003       0.0000000
      -133.17003       10.312500
      -117.17003       16.812500
      -101.17003       17.875000
      -85.170029       20.937500
      -69.170029       18.937500
      -53.170029       18.125000
      -37.170029       17.437500
      -21.170029       16.312500
      -5.1700287       20.000000
       10.829971       18.312500
       26.829971       17.250000
       42.829971       18.500000
       58.829971       17.000000
       74.829971       19.875000
       90.829971       17.625000
       106.82997       19.375000
       122.82997       18.875000
       138.82997       21.000000
       154.82997       18.375000
       170.82997       19.062500
       186.82997       26.625000
       202.82997       21.312500
       218.82997       18.875000
       234.82997       19.125000
       250.82997       18.812500
       266.82997       18.250000
       282.82997       16.562500
       298.82997       20.125000
       314.82997       18.687500
       330.82997       16.687500
       346.82997       16.375000
       362.82997       18.562500
       378.82997       19.937500
       394.82997       18.000000
       410.82997       18.500000
       426.82997       16.937500
       442.82997       16.562500
       458.82997       19.062500
       474.82997       16.187500
       490.82997       0.0000000
       506.82997       0.0000000
       522.82997       0.0000000
       538.82997       0.0000000
       554.82997       0.0000000
       570.82997       0.0000000
       586.82997       0.0000000
       602.82997       0.0000000
       618.82997       0.0000000
       634.82997       0.0000000
       650.82997       0.0000000
       666.82997       0.0000000
       682.82997       0.0000000
       691.45000       0.0000000
