      -309.17003       0.0000000
      -293.17003       0.0000000
      -277.17003       0.0000000
      -261.17003       0.0000000
      -245.17003       0.0000000
      -229.17003       0.0000000
      -213.17003       0.0000000
      -197.17003       0.0000000
      -181.17003       0.0000000
      -165.17003       0.0000000
      -149.17003       0.0000000
      -133.17003      0.81250000
      -117.17003       1.1250000
      -101.17003      0.75000000
      -85.170029       1.1250000
      -69.170029       1.2500000
      -53.170029      0.87500000
      -37.170029      0.68750000
      -21.170029      0.68750000
      -5.1700287       1.0625000
       10.829971      0.50000000
       26.829971       1.0625000
       42.829971      0.93750000
       58.829971       1.1250000
       74.829971       1.0000000
       90.829971       1.0625000
       106.82997       1.0000000
       122.82997       1.2500000
       138.82997       1.1250000
       154.82997       1.1250000
       170.82997      0.87500000
       186.82997       2.0625000
       202.82997       1.3750000
       218.82997       1.6250000
       234.82997       1.2500000
       250.82997       1.4375000
       266.82997       1.5000000
       282.82997       1.5000000
       298.82997       1.1875000
       314.82997       1.4375000
       330.82997       1.0625000
       346.82997       1.3125000
       362.82997      0.93750000
       378.82997       1.1250000
       394.82997       1.1875000
       410.82997      0.75000000
       426.82997       1.4375000
       442.82997      0.93750000
       458.82997      0.75000000
       474.82997      0.62500000
       490.82997       0.0000000
       506.82997       0.0000000
       522.82997       0.0000000
       538.82997       0.0000000
       554.82997       0.0000000
       570.82997       0.0000000
       586.82997       0.0000000
       602.82997       0.0000000
       618.82997       0.0000000
       634.82997       0.0000000
       650.82997       0.0000000
       666.82997       0.0000000
       682.82997       0.0000000
       691.45000       0.0000000
