      -309.17003       0.0000000
      -293.17003       0.0000000
      -277.17003       0.0000000
      -261.17003       0.0000000
      -245.17003       0.0000000
      -229.17003       0.0000000
      -213.17003       0.0000000
      -197.17003       0.0000000
      -181.17003       0.0000000
      -165.17003       0.0000000
      -149.17003       0.0000000
      -133.17003       12.125000
      -117.17003       27.062500
      -101.17003       27.312500
      -85.170029       26.812500
      -69.170029       26.187500
      -53.170029       24.250000
      -37.170029       24.937500
      -21.170029       27.375000
      -5.1700287       27.562500
       10.829971       24.437500
       26.829971       24.500000
       42.829971       24.625000
       58.829971       26.625000
       74.829971       23.500000
       90.829971       23.687500
       106.82997       27.250000
       122.82997       25.687500
       138.82997       23.437500
       154.82997       26.937500
       170.82997       23.875000
       186.82997       35.125000
       202.82997       28.562500
       218.82997       25.750000
       234.82997       24.312500
       250.82997       22.687500
       266.82997       23.000000
       282.82997       26.437500
       298.82997       24.250000
       314.82997       25.125000
       330.82997       21.937500
       346.82997       21.750000
       362.82997       24.937500
       378.82997       23.187500
       394.82997       24.000000
       410.82997       22.750000
       426.82997       24.750000
       442.82997       25.562500
       458.82997       23.875000
       474.82997       19.750000
       490.82997       0.0000000
       506.82997       0.0000000
       522.82997       0.0000000
       538.82997       0.0000000
       554.82997       0.0000000
       570.82997       0.0000000
       586.82997       0.0000000
       602.82997       0.0000000
       618.82997       0.0000000
       634.82997       0.0000000
       650.82997       0.0000000
       666.82997       0.0000000
       682.82997       0.0000000
       691.45000       0.0000000
