      -309.17003       0.0000000
      -293.17003       0.0000000
      -277.17003       0.0000000
      -261.17003       0.0000000
      -245.17003       0.0000000
      -229.17003       0.0000000
      -213.17003       0.0000000
      -197.17003       0.0000000
      -181.17003       0.0000000
      -165.17003       0.0000000
      -149.17003       0.0000000
      -133.17003       33.375000
      -117.17003       58.312500
      -101.17003       59.187500
      -85.170029       54.437500
      -69.170029       62.875000
      -53.170029       61.375000
      -37.170029       56.625000
      -21.170029       62.562500
      -5.1700287       56.562500
       10.829971       57.250000
       26.829971       59.500000
       42.829971       63.062500
       58.829971       59.500000
       74.829971       59.187500
       90.829971       58.312500
       106.82997       59.187500
       122.82997       62.437500
       138.82997       63.375000
       154.82997       68.437500
       170.82997       66.125000
       186.82997       70.437500
       202.82997       68.187500
       218.82997       69.625000
       234.82997       73.812500
       250.82997       72.000000
       266.82997       72.000000
       282.82997       72.875000
       298.82997       69.125000
       314.82997       72.437500
       330.82997       70.000000
       346.82997       68.875000
       362.82997       69.062500
       378.82997       72.375000
       394.82997       69.875000
       410.82997       71.187500
       426.82997       75.750000
       442.82997       71.937500
       458.82997       72.125000
       474.82997       57.625000
       490.82997       0.0000000
       506.82997       0.0000000
       522.82997       0.0000000
       538.82997       0.0000000
       554.82997       0.0000000
       570.82997       0.0000000
       586.82997       0.0000000
       602.82997       0.0000000
       618.82997       0.0000000
       634.82997       0.0000000
       650.82997       0.0000000
       666.82997       0.0000000
       682.82997       0.0000000
       691.45000       0.0000000
