-1.62993292368953
1.49955451974333
2.3974392931093
0.385751282344867
0.718836715272198
0.332573715625124
0.53190555284675
0.0542691842825542
-0.616133359064298
0.254090788411411
-0.599703134894648
-0.937471435498937
-1.19972022899396
-1.50608983090058
-0.967565647813757
-0.999941915565613
-2.13847979982123
-1.22851459834629
-1.6166092352603
-1.40425082403427
60.8614369219895
78.4354336164826
2.12384839855314
-2.27812185163181
-0.98436759283376
-2.02743906207989
-1.62993384902158
0.299298160624449
0.543626412422588
0.893855479899731
0.712387319630829
0.746202005675369
1.62620361606121
1.24062909169847
1.17032382763081
1.06123676220737
-0.753020941767178
-0.565766847544772
0.951208881308959
