               -133.17002868652343750000                  2.06250000000000000000                 -1.62993288040161132812                  3.69243288040161132812
               -117.17002868652343750000                  5.43750000000000000000                  1.49955451488494873047                  3.93794536590576171875
               -101.17002868652343750000                  6.56250000000000000000                  2.39743924140930175781                  4.16506052017211914062
                -85.17002868652343750000                  4.75000000000000000000                  0.38575127720832824707                  4.36424875259399414062
                -69.17002868652343750000                  5.25000000000000000000                  0.71883672475814819336                  4.53116321563720703125
                -53.17002868652343750000                  5.00000000000000000000                  0.33257371187210083008                  4.66742610931396484375
                -37.17002868652343750000                  5.31250000000000000000                  0.53190553188323974609                  4.78059434890747070312
                -21.17002868652343750000                  4.93750000000000000000                  0.05426918342709541321                  4.88323068618774414062
                 -5.17002868652343750000                  4.37500000000000000000                 -0.61613333225250244141                  4.99113321304321289062
                 10.82997131347656250000                  5.37500000000000000000                  0.25409078598022460938                  5.12090921401977539062
                 26.82997131347656250000                  4.68750000000000000000                 -0.59970313310623168945                  5.28720331192016601562
                 42.82997131347656250000                  4.56250000000000000000                 -0.93747144937515258789                  5.49997138977050781250
                 58.82997131347656250000                  4.56250000000000000000                 -1.19972026348114013672                  5.76222038269042968750
                 74.82997131347656250000                  4.56250000000000000000                 -1.50608980655670166016                  6.06858968734741210938
                 90.82997131347656250000                  5.43750000000000000000                 -0.96756565570831298828                  6.40506553649902343750
                106.82997131347656250000                  5.75000000000000000000                 -0.99994194507598876953                  6.74994182586669921875
                122.82997131347656250000                  4.93750000000000000000                 -2.13847970962524414062                  7.07597970962524414062
                138.82997131347656250000                  6.12500000000000000000                 -1.22851455211639404297                  7.35351467132568359375
                154.82997131347656250000                  5.93750000000000000000                 -1.61660921573638916016                  7.55410909652709960938
                170.82997131347656250000                  6.25000000000000000000                 -1.40425086021423339844                  7.65425062179565429688
                186.82997131347656250000                 68.50000000000000000000                 60.86143875122070312500                  7.63856315612792968750
                202.82997131347656250000                 85.93750000000000000000                 78.43543243408203125000                  7.50206661224365234375
                218.82997131347656250000                  9.37500000000000000000                  2.12384843826293945312                  7.25115156173706054688
                234.82997131347656250000                  4.62500000000000000000                 -2.27812194824218750000                  6.90312194824218750000
                250.82997131347656250000                  5.50000000000000000000                 -0.98436760902404785156                  6.48436737060546875000
                266.82997131347656250000                  4.00000000000000000000                 -2.02743911743164062500                  6.02743911743164062500
                282.82997131347656250000                  3.93750000000000000000                 -1.62993383407592773438                  5.56743383407592773438
                298.82997131347656250000                  5.43750000000000000000                  0.29929816722869873047                  5.13820171356201171875
                314.82997131347656250000                  5.31250000000000000000                  0.54362642765045166016                  4.76887369155883789062
                330.82997131347656250000                  5.37500000000000000000                  0.89385545253753662109                  4.48114442825317382812
                346.82997131347656250000                  5.00000000000000000000                  0.71238732337951660156                  4.28761291503906250000
                362.82997131347656250000                  4.93750000000000000000                  0.74620199203491210938                  4.19129800796508789062
                378.82997131347656250000                  5.81250000000000000000                  1.62620365619659423828                  4.18629646301269531250
                394.82997131347656250000                  5.50000000000000000000                  1.24062907695770263672                  4.25937080383300781250
                410.82997131347656250000                  5.56250000000000000000                  1.17032384872436523438                  4.39217615127563476562
                426.82997131347656250000                  5.62500000000000000000                  1.06123673915863037109                  4.56376314163208007812
                442.82997131347656250000                  4.00000000000000000000                 -0.75302094221115112305                  4.75302076339721679688
                458.82997131347656250000                  4.37500000000000000000                 -0.56576687097549438477                  4.94076681137084960938
                474.82997131347656250000                  6.06250000000000000000                  0.95120888948440551758                  5.11129093170166015625
