3.69243292368953
3.93794548025667
4.1650607068907
4.36424871765513
4.5311632847278
4.66742628437488
4.78059444715325
4.88323081571745
4.9911333590643
5.12090921158859
5.28720313489465
5.49997143549894
5.76222022899396
6.06858983090058
6.40506564781376
6.74994191556561
7.07597979982123
7.35351459834629
7.5541092352603
7.65425082403427
7.63856307801046
7.50206638351735
7.25115160144686
6.90312185163181
6.48436759283376
6.02743906207989
5.56743384902158
5.13820183937555
4.76887358757741
4.48114452010027
4.28761268036917
4.19129799432463
4.18629638393879
4.25937090830153
4.39217617236919
4.56376323779263
4.75302094176718
4.94076684754477
5.11129111869104
