-13.4085276646079
1.39910443481799
1.96567999174884
1.02410170608747
-0.327485881102668
-0.254791486007854
2.122444030446
-1.95786929786022
1.22608729718753
-0.679196375600462
1.08984553802981
3.29478807621101
-3.0486084343483
-1.97732071142631
0.110647724857039
0.271034275755575
0.200854335645403
1.6737541847026
-2.33894640025215
-1.61088225151273
80.208857444674
90.5281842208438
3.18313927225977
-2.87680565409831
-1.96407087601226
-0.776523381743218
-1.51964948307434
-1.9654270866865
0.926437173069068
-4.17572312831054
1.96425345483491
0.901389783535706
0.446820092047858
2.85395307344272
1.50391460378529
1.27822458883554
-1.00583937172021
1.96567913746583
-2.30987432511726
