               -133.17002868652343750000                  0.68750000000000000000                 -0.66373687982559204102                  1.35123693943023681641
               -117.17002868652343750000                  1.25000000000000000000                 -0.10906578600406646729                  1.35906577110290527344
               -101.17002868652343750000                  1.87500000000000000000                  0.51234227418899536133                  1.36265766620635986328
                -85.17002868652343750000                  1.87500000000000000000                  0.51284784078598022461                  1.36215209960937500000
                -69.17002868652343750000                  1.25000000000000000000                 -0.10840792953968048096                  1.35840797424316406250
                -53.17002868652343750000                  1.93750000000000000000                  0.58452957868576049805                  1.35297048091888427734
                -37.17002868652343750000                  1.37500000000000000000                  0.02706318162381649017                  1.34793686866760253906
                -21.17002868652343750000                  1.18750000000000000000                 -0.15822714567184448242                  1.34572708606719970703
                 -5.17002868652343750000                  1.81250000000000000000                  0.46371501684188842773                  1.34878492355346679688
                 10.82997131347656250000                  1.25000000000000000000                 -0.10924311727285385132                  1.35924315452575683594
                 26.82997131347656250000                  1.25000000000000000000                 -0.12859892845153808594                  1.37859892845153808594
                 42.82997131347656250000                  1.25000000000000000000                 -0.15744557976722717285                  1.40744554996490478516
                 58.82997131347656250000                  1.81250000000000000000                  0.36719924211502075195                  1.44530069828033447266
                 74.82997131347656250000                  1.56250000000000000000                  0.07193747907876968384                  1.49056255817413330078
                 90.82997131347656250000                  1.43750000000000000000                 -0.10310570150613784790                  1.54060566425323486328
                106.82997131347656250000                  1.56250000000000000000                 -0.02951250970363616943                  1.59201252460479736328
                122.82997131347656250000                  1.75000000000000000000                  0.10908788442611694336                  1.64091217517852783203
                138.82997131347656250000                  1.43750000000000000000                 -0.24588790535926818848                  1.68338787555694580078
                154.82997131347656250000                  1.06250000000000000000                 -0.65340101718902587891                  1.71590101718902587891
                170.82997131347656250000                  1.87500000000000000000                  0.13932405412197113037                  1.73567593097686767578
                186.82997131347656250000                  6.25000000000000000000                  4.50900030136108398438                  1.74099957942962646484
                202.82997131347656250000                  5.93750000000000000000                  4.20610380172729492188                  1.73139619827270507812
                218.82997131347656250000                  2.12500000000000000000                  0.41734015941619873047                  1.70765984058380126953
                234.82997131347656250000                  1.56250000000000000000                 -0.10924305766820907593                  1.67174303531646728516
                250.82997131347656250000                  1.25000000000000000000                 -0.37652239203453063965                  1.62652242183685302734
                266.82997131347656250000                  1.25000000000000000000                 -0.32547378540039062500                  1.57547378540039062500
                282.82997131347656250000                  1.37500000000000000000                 -0.14730314910411834717                  1.52230310440063476562
                298.82997131347656250000                  1.37500000000000000000                 -0.09557864814996719360                  1.47057867050170898438
                314.82997131347656250000                  1.50000000000000000000                  0.07659175992012023926                  1.42340826988220214844
                330.82997131347656250000                  1.75000000000000000000                  0.36680382490158081055                  1.38319623470306396484
                346.82997131347656250000                  1.75000000000000000000                  0.39850097894668579102                  1.35149896144866943359
                362.82997131347656250000                  1.43750000000000000000                  0.10851339250802993774                  1.32898664474487304688
                378.82997131347656250000                  0.68750000000000000000                 -0.62800025939941406250                  1.31550025939941406250
                394.82997131347656250000                  1.12500000000000000000                 -0.18518875539302825928                  1.31018877029418945312
                410.82997131347656250000                  1.43750000000000000000                  0.12580452859401702881                  1.31169545650482177734
                426.82997131347656250000                  1.18750000000000000000                 -0.13086871802806854248                  1.31836867332458496094
                442.82997131347656250000                  1.43750000000000000000                  0.10903289169073104858                  1.32846713066101074219
                458.82997131347656250000                  1.75000000000000000000                  0.40966174006462097168                  1.34033823013305664062
                474.82997131347656250000                  0.93750000000000000000                 -0.41505533456802368164                  1.35255527496337890625
