-1.93783477398832
1.43117578443739
1.16696402644557
0.153639574681155
0.336389581916773
1.09527115745901
0.494270972631988
-0.156686442478081
1.94835292679011
0.174605701777256
-0.364612951769877
-0.618592074358578
1.02780088282925
-0.368920401944091
-0.246781128196397
0.650074580884922
0.646446100306935
-1.8647937094989
-2.67443253790466
-1.94680828945125
73.2149658119542
94.1413237059349
6.21900101133605
-1.11045537361119
-2.72621357870271
-1.70265680303472
-1.30794886289107
-1.93939162819175
-1.37089389653044
-1.56290929846113
-0.910180697155887
0.384942243304511
-0.499048816660868
1.93485145466273
0.189129918898086
-0.16682200507413
-1.37311765587118
-0.668390548336906
-1.79121135607667
