6.12533477398832
6.25632421556261
6.39553597355443
6.53386042531884
6.66361041808323
6.77972884254099
6.88072902736801
6.96918644247808
7.05164707320989
7.13789429822274
7.23961295176988
7.36859207435858
7.53469911717075
7.74392040194409
7.9967811281964
8.28742541911508
8.60355389969306
8.9272937094989
9.23693253790466
9.50930828945125
9.72253418804584
9.8586762940651
9.90599898866395
9.86045537361119
9.72621357870271
9.51515680303472
9.24544886289107
8.93939162819175
8.62089389653044
8.31290929846113
8.03518069715589
7.80255775669549
7.62404881666087
7.50264854533727
7.43587008110191
7.41682200507413
7.43561765587118
7.48089054833691
7.54121135607667
