-0.649851356714015
0.175116140418387
0.0644600895319374
-0.294944962710039
-0.0289979086988689
0.298653303723391
0.24916696127111
-0.0539067346313984
0.0754860914513271
-0.0514673346715304
-0.0608103851708995
0.234311485883322
-0.228743077800346
0.112958610964364
0.0104458827702576
-0.222186656767883
-0.0828653453294671
-0.444173104769433
0.196476969476738
0.0291464711374705
1.74367445610298
3.77954240475006
0.450510621514701
0.257467124600327
-0.237047993906472
0.0289033902987086
0.304192184213782
-0.537756979613542
0.0636816459147116
-0.0810085288511002
-0.161337290559
-0.366679634584891
-0.011178345485056
0.153818461456772
0.189785333118041
-0.02898247121621
0.122106324199787
-0.0446001143522582
-0.029042309113144
