               -133.17002868652343750000                  0.12500000000000000000                 -0.64985138177871704102                  0.77485138177871704102
               -117.17002868652343750000                  0.93750000000000000000                  0.17511613667011260986                  0.76238387823104858398
               -101.17002868652343750000                  0.81250000000000000000                  0.06446009129285812378                  0.74803990125656127930
                -85.17002868652343750000                  0.43750000000000000000                 -0.29494497179985046387                  0.73244494199752807617
                -69.17002868652343750000                  0.68750000000000000000                 -0.02899790927767753601                  0.71649789810180664062
                -53.17002868652343750000                  1.00000000000000000000                  0.29865330457687377930                  0.70134669542312622070
                -37.17002868652343750000                  0.93750000000000000000                  0.24916696548461914062                  0.68833303451538085938
                -21.17002868652343750000                  0.62500000000000000000                 -0.05390673503279685974                  0.67890673875808715820
                 -5.17002868652343750000                  0.75000000000000000000                  0.07548609375953674316                  0.67451393604278564453
                 10.82997131347656250000                  0.62500000000000000000                 -0.05146733298897743225                  0.67646735906600952148
                 26.82997131347656250000                  0.62500000000000000000                 -0.06081038340926170349                  0.68581038713455200195
                 42.82997131347656250000                  0.93750000000000000000                  0.23431149125099182129                  0.70318853855133056641
                 58.82997131347656250000                  0.50000000000000000000                 -0.22874307632446289062                  0.72874307632446289062
                 74.82997131347656250000                  0.87500000000000000000                  0.11295861005783081055                  0.76204138994216918945
                 90.82997131347656250000                  0.81250000000000000000                  0.01044588256627321243                  0.80205410718917846680
                106.82997131347656250000                  0.62500000000000000000                 -0.22218665480613708496                  0.84718668460845947266
                122.82997131347656250000                  0.81250000000000000000                 -0.08286534249782562256                  0.89536535739898681641
                138.82997131347656250000                  0.50000000000000000000                 -0.44417309761047363281                  0.94417309761047363281
                154.82997131347656250000                  1.18750000000000000000                  0.19647696614265441895                  0.99102300405502319336
                170.82997131347656250000                  1.06250000000000000000                  0.02914647199213504791                  1.03335356712341308594
                186.82997131347656250000                  2.81250000000000000000                  1.74367439746856689453                  1.06882560253143310547
                202.82997131347656250000                  4.87500000000000000000                  3.77954244613647460938                  1.09545755386352539062
                218.82997131347656250000                  1.56250000000000000000                  0.45051062107086181641                  1.11198937892913818359
                234.82997131347656250000                  1.37500000000000000000                  0.25746712088584899902                  1.11753284931182861328
                250.82997131347656250000                  0.87500000000000000000                 -0.23704800009727478027                  1.11204802989959716797
                266.82997131347656250000                  1.12500000000000000000                  0.02890339121222496033                  1.09609663486480712891
                282.82997131347656250000                  1.37500000000000000000                  0.30419218540191650391                  1.07080781459808349609
                298.82997131347656250000                  0.50000000000000000000                 -0.53775697946548461914                  1.03775703907012939453
                314.82997131347656250000                  1.06250000000000000000                  0.06368164718151092529                  0.99881833791732788086
                330.82997131347656250000                  0.87500000000000000000                 -0.08100853115320205688                  0.95600855350494384766
                346.82997131347656250000                  0.75000000000000000000                 -0.16133728623390197754                  0.91133731603622436523
                362.82997131347656250000                  0.50000000000000000000                 -0.36667963862419128418                  0.86667960882186889648
                378.82997131347656250000                  0.81250000000000000000                 -0.01117834541946649551                  0.82367837429046630859
                394.82997131347656250000                  0.93750000000000000000                  0.15381845831871032715                  0.78368151187896728516
                410.82997131347656250000                  0.93750000000000000000                  0.18978533148765563965                  0.74771463871002197266
                426.82997131347656250000                  0.68750000000000000000                 -0.02898247167468070984                  0.71648246049880981445
                442.82997131347656250000                  0.81250000000000000000                  0.12210632115602493286                  0.69039368629455566406
                458.82997131347656250000                  0.62500000000000000000                 -0.04460011422634124756                  0.66960012912750244141
                474.82997131347656250000                  0.62500000000000000000                 -0.02904230915009975433                  0.65404230356216430664
