0.73123495852242
0.734989511352607
0.735895171695451
0.733520267445061
0.727932732799996
0.719792806664515
0.710379706594006
0.701537039492723
0.695531318007184
0.6948299408835
0.701817775129082
0.718483085815349
0.746111957259732
0.785033773121771
0.834457632898063
0.892430543492027
0.955933654251547
1.02111453966063
1.08363420665968
1.1390901383189
1.18346419055048
1.21353879394123
1.22722784320331
1.22377968313978
1.20382713701616
1.1692808398506
1.12308382661668
1.0688639056018
1.01053290264281
0.951886560125565
0.896255280615106
0.846245020727636
0.803591667472336
0.769134108184063
0.742894039060855
0.724237034022294
0.712081330973617
0.705118877092046
0.702016959273238
