               -133.17002868652343750000                 45.87500000000000000000
               -117.17002868652343750000                 81.25000000000000000000
               -101.17002868652343750000                 84.18750000000000000000
                -85.17002868652343750000                 74.12500000000000000000
                -69.17002868652343750000                 78.50000000000000000000
                -53.17002868652343750000                 79.56250000000000000000
                -37.17002868652343750000                 82.75000000000000000000
                -21.17002868652343750000                 78.68750000000000000000
                 -5.17002868652343750000                 80.81250000000000000000
                 10.82997131347656250000                 80.68750000000000000000
                 26.82997131347656250000                 76.31250000000000000000
                 42.82997131347656250000                 75.68750000000000000000
                 58.82997131347656250000                 78.43750000000000000000
                 74.82997131347656250000                 78.87500000000000000000
                 90.82997131347656250000                 77.50000000000000000000
                106.82997131347656250000                 79.37500000000000000000
                122.82997131347656250000                 76.00000000000000000000
                138.82997131347656250000                 74.50000000000000000000
                154.82997131347656250000                 78.81250000000000000000
                170.82997131347656250000                 81.81250000000000000000
                186.82997131347656250000                654.31250000000000000000
                202.82997131347656250000                841.06250000000000000000
                218.82997131347656250000                124.81250000000000000000
                234.82997131347656250000                 83.00000000000000000000
                250.82997131347656250000                 79.68750000000000000000
                266.82997131347656250000                 75.62500000000000000000
                282.82997131347656250000                 77.68750000000000000000
                298.82997131347656250000                 77.75000000000000000000
                314.82997131347656250000                 82.25000000000000000000
                330.82997131347656250000                 77.06250000000000000000
                346.82997131347656250000                 76.81250000000000000000
                362.82997131347656250000                 80.00000000000000000000
                378.82997131347656250000                 79.62500000000000000000
                394.82997131347656250000                 73.93750000000000000000
                410.82997131347656250000                 77.06250000000000000000
                426.82997131347656250000                 77.68750000000000000000
                442.82997131347656250000                 73.00000000000000000000
                458.82997131347656250000                 76.68750000000000000000
                474.82997131347656250000                 63.06250000000000000000
