-32.8615454912802
2.38148238100651
5.21072368918954
-4.92952287609032
-0.596924516835145
0.460740910328695
3.68017218848324
-0.317558125166499
1.89824645956216
1.88100775526253
-2.37972541291479
-2.89467182603276
-0.0486399012796284
0.463074879421228
-0.864426310968582
1.029902044298
-2.35181113430166
-3.8791395300825
0.393471893787691
3.35074997095595
575.815479440897
762.547475839107
46.3046106248492
4.53052686074291
1.29074037995778
-2.66447759821011
-0.462489497552099
-0.232843728450661
4.45582249661622
-0.528567419946839
-0.568415281488512
2.82906574248463
2.65722869526606
-2.83977206568242
0.458130206550763
1.23443596962326
-3.32644931652402
0.46074166257587
-13.0928950223629
