               -133.17002868652343750000                 45.87500000000000000000                -32.86154556274414062500                 78.73654174804687500000
               -117.17002868652343750000                 81.25000000000000000000                  2.38148236274719238281                 78.86851501464843750000
               -101.17002868652343750000                 84.18750000000000000000                  5.21072387695312500000                 78.97677612304687500000
                -85.17002868652343750000                 74.12500000000000000000                 -4.92952299118041992188                 79.05451965332031250000
                -69.17002868652343750000                 78.50000000000000000000                 -0.59692454338073730469                 79.09692382812500000000
                -53.17002868652343750000                 79.56250000000000000000                  0.46074092388153076172                 79.10176086425781250000
                -37.17002868652343750000                 82.75000000000000000000                  3.68017220497131347656                 79.06982421875000000000
                -21.17002868652343750000                 78.68750000000000000000                 -0.31755813956260681152                 79.00505828857421875000
                 -5.17002868652343750000                 80.81250000000000000000                  1.89824640750885009766                 78.91425323486328125000
                 10.82997131347656250000                 80.68750000000000000000                  1.88100779056549072266                 78.80649566650390625000
                 26.82997131347656250000                 76.31250000000000000000                 -2.37972545623779296875                 78.69222259521484375000
                 42.82997131347656250000                 75.68750000000000000000                 -2.89467191696166992188                 78.58216857910156250000
                 58.82997131347656250000                 78.43750000000000000000                 -0.04863990098237991333                 78.48613739013671875000
                 74.82997131347656250000                 78.87500000000000000000                  0.46307489275932312012                 78.41192626953125000000
                 90.82997131347656250000                 77.50000000000000000000                 -0.86442631483078002930                 78.36442565917968750000
                106.82997131347656250000                 79.37500000000000000000                  1.02990210056304931641                 78.34510040283203125000
                122.82997131347656250000                 76.00000000000000000000                 -2.35181117057800292969                 78.35181427001953125000
                138.82997131347656250000                 74.50000000000000000000                 -3.87913942337036132812                 78.37914276123046875000
                154.82997131347656250000                 78.81250000000000000000                  0.39347189664840698242                 78.41902923583984375000
                170.82997131347656250000                 81.81250000000000000000                  3.35074996948242187500                 78.46174621582031250000
                186.82997131347656250000                654.31250000000000000000                575.81549072265625000000                 78.49701690673828125000
                202.82997131347656250000                841.06250000000000000000                762.54748535156250000000                 78.51502227783203125000
                218.82997131347656250000                124.81250000000000000000                 46.30461120605468750000                 78.50788879394531250000
                234.82997131347656250000                 83.00000000000000000000                  4.53052663803100585938                 78.46947479248046875000
                250.82997131347656250000                 79.68750000000000000000                  1.29074037075042724609                 78.39675903320312500000
                266.82997131347656250000                 75.62500000000000000000                 -2.66447758674621582031                 78.28947448730468750000
                282.82997131347656250000                 77.68750000000000000000                 -0.46248948574066162109                 78.14998626708984375000
                298.82997131347656250000                 77.75000000000000000000                 -0.23284372687339782715                 77.98284149169921875000
                314.82997131347656250000                 82.25000000000000000000                  4.45582246780395507812                 77.79417419433593750000
                330.82997131347656250000                 77.06250000000000000000                 -0.52856743335723876953                 77.59106445312500000000
                346.82997131347656250000                 76.81250000000000000000                 -0.56841528415679931641                 77.38091278076171875000
                362.82997131347656250000                 80.00000000000000000000                  2.82906579971313476562                 77.17093658447265625000
                378.82997131347656250000                 79.62500000000000000000                  2.65722870826721191406                 76.96777343750000000000
                394.82997131347656250000                 73.93750000000000000000                 -2.83977198600769042969                 76.77727508544921875000
                410.82997131347656250000                 77.06250000000000000000                  0.45813021063804626465                 76.60437011718750000000
                426.82997131347656250000                 77.68750000000000000000                  1.23443591594696044922                 76.45306396484375000000
                442.82997131347656250000                 73.00000000000000000000                 -3.32644939422607421875                 76.32644653320312500000
                458.82997131347656250000                 76.68750000000000000000                  0.46074166893959045410                 76.22676086425781250000
                474.82997131347656250000                 63.06250000000000000000                -13.09289455413818359375                 76.15539550781250000000
