63.7383933169054
66.05739297074
68.0527347367584
69.6098338566901
70.6699272027704
71.241255751468
71.4024956348317
71.2971750539402
71.1189576571308
71.0889554339395
71.4274743125079
72.3235989399124
73.9066122653194
76.2232916469469
79.2245725437125
82.7639617598297
86.608547603638
90.4617074922112
93.9949177726436
96.8846966322804
98.8498897322262
99.6843869892777
99.2809714389269
97.643257353951
94.8843745418859
91.2129235605598
86.9084618171984
82.2901121137665
77.6826201019083
73.3842422312149
69.6402575646073
66.6248073523145
64.4323899065989
63.0789173523155
62.5109995245227
62.6212272023004
63.2667718738785
64.2886081480078
65.5290305867774
