-0.61326215277174
0.0823746793159914
0.0303506294006004
-0.0824539398352833
0.118117974523249
0.381069619465976
-0.169658508575834
-0.0975871763568772
-0.278599219298109
0.474144683916379
-0.0272353348127903
-0.032812136002961
0.0826400207713012
-0.305394712636883
0.0537614585816593
0.0984009398445995
0.266849158749584
-0.25260833888062
-0.20928102679359
-0.102605109377881
2.94284977384333
3.92739635848905
0.351262153310873
-0.0353698051391691
-0.35732094676063
-0.176886392119862
-0.306319921047486
0.192161757369637
0.131355336857949
-0.0509688339140264
0.082883579713922
-0.092020693674046
-0.0757874770185751
-0.0562256349618926
-0.0963572535551263
0.303095519770795
0.328746751452558
-0.0828972978746751
-0.120368547439129
