               -133.17002868652343750000                  0.68750000000000000000                 -0.61326217651367187500                  1.30076217651367187500
               -117.17002868652343750000                  1.37500000000000000000                  0.08237467706203460693                  1.29262530803680419922
               -101.17002868652343750000                  1.31250000000000000000                  0.03035062924027442932                  1.28214931488037109375
                -85.17002868652343750000                  1.18750000000000000000                 -0.08245393633842468262                  1.26995396614074707031
                -69.17002868652343750000                  1.37500000000000000000                  0.11811797320842742920                  1.25688207149505615234
                -53.17002868652343750000                  1.62500000000000000000                  0.38106963038444519043                  1.24393033981323242188
                -37.17002868652343750000                  1.06250000000000000000                 -0.16965851187705993652                  1.23215854167938232422
                -21.17002868652343750000                  1.12500000000000000000                 -0.09758717566728591919                  1.22258722782135009766
                 -5.17002868652343750000                  0.93750000000000000000                 -0.27859923243522644043                  1.21609926223754882812
                 10.82997131347656250000                  1.68750000000000000000                  0.47414469718933105469                  1.21335530281066894531
                 26.82997131347656250000                  1.18750000000000000000                 -0.02723533473908901215                  1.21473538875579833984
                 42.82997131347656250000                  1.18750000000000000000                 -0.03281213715672492981                  1.22031211853027343750
                 58.82997131347656250000                  1.31250000000000000000                  0.08264002203941345215                  1.22985994815826416016
                 74.82997131347656250000                  0.93750000000000000000                 -0.30539470911026000977                  1.24289476871490478516
                 90.82997131347656250000                  1.31250000000000000000                  0.05376145988702774048                  1.25873851776123046875
                106.82997131347656250000                  1.37500000000000000000                  0.09840094298124313354                  1.27659904956817626953
                122.82997131347656250000                  1.56250000000000000000                  0.26684916019439697266                  1.29565083980560302734
                138.82997131347656250000                  1.06250000000000000000                 -0.25260832905769348145                  1.31510829925537109375
                154.82997131347656250000                  1.12500000000000000000                 -0.20928102731704711914                  1.33428096771240234375
                170.82997131347656250000                  1.25000000000000000000                 -0.10260511189699172974                  1.35260510444641113281
                186.82997131347656250000                  4.31250000000000000000                  2.94284987449645996094                  1.36965024471282958984
                202.82997131347656250000                  5.31250000000000000000                  3.92739629745483398438                  1.38510358333587646484
                218.82997131347656250000                  1.75000000000000000000                  0.35126215219497680664                  1.39873778820037841797
                234.82997131347656250000                  1.37500000000000000000                 -0.03536980599164962769                  1.41036975383758544922
                250.82997131347656250000                  1.06250000000000000000                 -0.35732093453407287598                  1.41982090473175048828
                266.82997131347656250000                  1.25000000000000000000                 -0.17688639461994171143                  1.42688643932342529297
                282.82997131347656250000                  1.12500000000000000000                 -0.30631992220878601074                  1.43131995201110839844
                298.82997131347656250000                  1.62500000000000000000                  0.19216175377368927002                  1.43283820152282714844
                314.82997131347656250000                  1.56250000000000000000                  0.13135533034801483154                  1.43114471435546875000
                330.82997131347656250000                  1.37500000000000000000                 -0.05096883326768875122                  1.42596888542175292969
                346.82997131347656250000                  1.50000000000000000000                  0.08288358151912689209                  1.41711640357971191406
                362.82997131347656250000                  1.31250000000000000000                 -0.09202069044113159180                  1.40452075004577636719
                378.82997131347656250000                  1.31250000000000000000                 -0.07578747719526290894                  1.38828742504119873047
                394.82997131347656250000                  1.31250000000000000000                 -0.05622563511133193970                  1.36872565746307373047
                410.82997131347656250000                  1.25000000000000000000                 -0.09635725617408752441                  1.34635722637176513672
                426.82997131347656250000                  1.62500000000000000000                  0.30309551954269409180                  1.32190442085266113281
                442.82997131347656250000                  1.62500000000000000000                  0.32874676585197448730                  1.29625320434570312500
                458.82997131347656250000                  1.18750000000000000000                 -0.08289729803800582886                  1.27039730548858642578
                474.82997131347656250000                  1.12500000000000000000                 -0.12036854773759841919                  1.24536859989166259766
