1.30076215277174
1.29262532068401
1.2821493705994
1.26995393983528
1.25688202547675
1.24393038053402
1.23215850857583
1.22258717635688
1.21609921929811
1.21335531608362
1.21473533481279
1.22031213600296
1.2298599792287
1.24289471263688
1.25873854141834
1.2765990601554
1.29565084125042
1.31510833888062
1.33428102679359
1.35260510937788
1.36965022615667
1.38510364151095
1.39873784668913
1.41036980513917
1.41982094676063
1.42688639211986
1.43131992104749
1.43283824263036
1.43114466314205
1.42596883391403
1.41711642028608
1.40452069367405
1.38828747701858
1.36872563496189
1.34635725355513
1.32190448022921
1.29625324854744
1.27039729787468
1.24536854743913
