0.782943903098769
0.771843576171027
0.760286024467712
0.748787356704374
0.73799932259706
0.728681190571362
0.721654535573148
0.717743196702703
0.717702978589746
0.72214767919615
0.731479371039035
0.745831246828543
0.765030594707284
0.788587596073259
0.81571283448696
0.845363033976514
0.876311094018893
0.907233478107757
0.93680590769434
0.963797434791456
0.987153432660725
1.00605974867489
1.01998290000848
1.02868431642576
1.03220974919667
1.03085761652364
1.02513190853598
1.01568616094225
1.00326493577046
0.988648382881528
0.972604060861062
0.955848571877499
0.939019990898662
0.922660756435943
0.907209758339997
0.893001837716903
0.880272760733013
0.869167851609447
0.859752762986364
