-0.532943903098769
0.290656423828973
0.0522139755322877
-0.373787356704374
0.0120006774029402
-0.166181190571362
0.0908454644268522
0.0947568032972967
-0.155202978589746
-0.0346476791961503
0.393520628960965
0.129168753171457
-0.202530594707284
-0.0385875960732586
-0.0657128344869597
0.467136966023486
-0.0013110940188934
-0.032233478107757
0.0631940923056601
-0.0262974347914564
0.387846567339275
1.18144025132511
-0.144982900008476
-0.091184316425758
-0.032209749196668
0.0941423834763551
-0.33763190853598
0.0468138390577519
0.309235064229543
-0.238648382881528
-0.347604060861062
0.0441514281225014
0.185980009101338
-0.0476607564359431
-0.0322097583399965
-0.205501837716903
0.307227239266987
0.193332148390553
-0.0472527629863644
