               -133.17002868652343750000                  0.25000000000000000000                 -0.53294390439987182617                  0.78294390439987182617
               -117.17002868652343750000                  1.06250000000000000000                  0.29065641760826110840                  0.77184355258941650391
               -101.17002868652343750000                  0.81250000000000000000                  0.05221397429704666138                  0.76028603315353393555
                -85.17002868652343750000                  0.37500000000000000000                 -0.37378734350204467773                  0.74878734350204467773
                -69.17002868652343750000                  0.75000000000000000000                  0.01200067717581987381                  0.73799932003021240234
                -53.17002868652343750000                  0.56250000000000000000                 -0.16618119180202484131                  0.72868120670318603516
                -37.17002868652343750000                  0.81250000000000000000                  0.09084546566009521484                  0.72165453433990478516
                -21.17002868652343750000                  0.81250000000000000000                  0.09475680440664291382                  0.71774321794509887695
                 -5.17002868652343750000                  0.56250000000000000000                 -0.15520298480987548828                  0.71770298480987548828
                 10.82997131347656250000                  0.68750000000000000000                 -0.03464768081903457642                  0.72214770317077636719
                 26.82997131347656250000                  1.12500000000000000000                  0.39352062344551086426                  0.73147934675216674805
                 42.82997131347656250000                  0.87500000000000000000                  0.12916874885559082031                  0.74583125114440917969
                 58.82997131347656250000                  0.56250000000000000000                 -0.20253059267997741699                  0.76503062248229980469
                 74.82997131347656250000                  0.75000000000000000000                 -0.03858759626746177673                  0.78858757019042968750
                 90.82997131347656250000                  0.75000000000000000000                 -0.06571283191442489624                  0.81571280956268310547
                106.82997131347656250000                  1.31250000000000000000                  0.46713697910308837891                  0.84536302089691162109
                122.82997131347656250000                  0.87500000000000000000                 -0.00131109403446316719                  0.87631112337112426758
                138.82997131347656250000                  0.87500000000000000000                 -0.03223347663879394531                  0.90723347663879394531
                154.82997131347656250000                  1.00000000000000000000                  0.06319408863782882690                  0.93680590391159057617
                170.82997131347656250000                  0.93750000000000000000                 -0.02629743516445159912                  0.96379745006561279297
                186.82997131347656250000                  1.37500000000000000000                  0.38784655928611755371                  0.98715341091156005859
                202.82997131347656250000                  2.18750000000000000000                  1.18144023418426513672                  1.00605976581573486328
                218.82997131347656250000                  0.87500000000000000000                 -0.14498290419578552246                  1.01998293399810791016
                234.82997131347656250000                  0.93750000000000000000                 -0.09118431806564331055                  1.02868425846099853516
                250.82997131347656250000                  1.00000000000000000000                 -0.03220975026488304138                  1.03220975399017333984
                266.82997131347656250000                  1.12500000000000000000                  0.09414238482713699341                  1.03085756301879882812
                282.82997131347656250000                  0.68750000000000000000                 -0.33763191103935241699                  1.02513194084167480469
                298.82997131347656250000                  1.06250000000000000000                  0.04681383818387985229                  1.01568615436553955078
                314.82997131347656250000                  1.31250000000000000000                  0.30923506617546081543                  1.00326490402221679688
                330.82997131347656250000                  0.75000000000000000000                 -0.23864838480949401855                  0.98864835500717163086
                346.82997131347656250000                  0.62500000000000000000                 -0.34760406613349914551                  0.97260403633117675781
                362.82997131347656250000                  1.00000000000000000000                  0.04415142908692359924                  0.95584857463836669922
                378.82997131347656250000                  1.12500000000000000000                  0.18598000705242156982                  0.93901997804641723633
                394.82997131347656250000                  0.87500000000000000000                 -0.04766075685620307922                  0.92266076803207397461
                410.82997131347656250000                  0.87500000000000000000                 -0.03220975771546363831                  0.90720975399017333984
                426.82997131347656250000                  0.68750000000000000000                 -0.20550183951854705811                  0.89300185441970825195
                442.82997131347656250000                  1.18750000000000000000                  0.30722725391387939453                  0.88027274608612060547
                458.82997131347656250000                  1.06250000000000000000                  0.19333215057849884033                  0.86916786432266235352
                474.82997131347656250000                  0.81250000000000000000                 -0.04725276306271553040                  0.85975277423858642578
