1.12907463996513
1.15687615302371
1.18964446543459
1.22624937428309
1.26539811921825
1.30572854082922
1.34590452382831
1.3847042198723
1.42109284669201
1.45427411575295
1.48371714247263
1.50915857987935
1.53058226718233
1.54818059547411
1.56230292256611
1.57339674190885
1.58194707975477
1.58841897941166
1.59320714673276
1.59659603007915
1.59873285176314
1.59962143830354
1.59909533178393
1.5968976587264
1.59265416368454
1.58594938882702
1.57637472938255
1.56358588484277
1.54735790224491
1.52763190884806
1.50454817223114
1.47846137400108
1.4499358131528
1.41972043646741
1.38870583240335
1.35786731678717
1.32819971924569
1.30065026703443
1.27605598207553
