-0.316574639965133
-0.0318761530237115
0.0603555345654097
-0.413749374283087
-0.077898119218246
0.319271459170779
0.154095476171687
0.427795780127699
0.453907153307995
-0.266774115752949
-0.233717142472632
-0.571658579879348
0.0319177328176712
0.264319404525893
-0.0623029225661091
0.17660325809115
-0.581947079754766
-0.0259189794116577
0.0317928532672405
0.215903969920852
2.77626714823686
4.90037856169646
0.213404668216069
-0.284397658726395
-0.155154163684543
-0.273449388827016
0.111125270617449
0.12391411515723
0.202642097755094
0.347368091151939
-0.0670481722311356
0.0215386259989225
-0.324935813152798
-0.0447204364674085
0.0487941675966539
0.517132683212828
0.234300280754312
-0.0506502670344269
-0.0885559820755275
