1.0306171152135
1.0914859044471
1.15514265200061
1.21851767669366
1.27884475558258
1.33393772234497
1.38239188285722
1.42368051622464
1.45813183634782
1.48678993394164
1.51118135289687
1.53302389084039
1.55392324232894
1.57510453679373
1.59721935012814
1.62025553517016
1.64355961707031
1.66596271554045
1.68598433607412
1.70207678858068
1.71286830262511
1.71736563581849
1.71508625509562
1.70610399293379
1.69100771183855
1.67078706409869
1.6466704195844
1.61994579589448
1.59179558414965
1.56317053755481
1.53471929898194
1.50677866627679
1.47941894902146
1.45253001900049
1.42592829268609
1.3994634652933
1.37310614801754
1.34700281919162
1.32149145381015
