23.337355496478
23.394033184094
23.4385518421362
23.4687329854057
23.4833986498494
23.4825521202072
23.4674544734349
23.4405786808645
23.4054355357642
23.3662800744796
23.3277217389233
23.2942743803104
23.2698914744614
23.2575360956157
23.2588333867425
23.2738454068892
23.300995179964
23.3371501985369
23.3778578229971
23.4177084420819
23.4507891765409
23.471182929889
23.4734654254514
23.4531562356271
23.4070875744524
23.3336651181373
23.2330065401316
23.1069542574368
22.9589680758805
22.7939106103883
22.6177436853525
22.4371578244209
22.2591598576087
22.0906458127466
21.9379874783951
21.8066608853763
21.7009428904353
21.62369762093
21.5762676750605
