               -133.17002868652343750000                 13.75000000000000000000                 -9.58735561370849609375                 23.33735466003417968750
               -117.17002868652343750000                 23.68750000000000000000                  0.29346680641174316406                 23.39403343200683593750
               -101.17002868652343750000                 24.56250000000000000000                  1.12394821643829345703                 23.43855094909667968750
                -85.17002868652343750000                 23.31250000000000000000                 -0.15623298287391662598                 23.46873283386230468750
                -69.17002868652343750000                 21.06250000000000000000                 -2.42089867591857910156                 23.48339843750000000000
                -53.17002868652343750000                 24.31250000000000000000                  0.82994788885116577148                 23.48255157470703125000
                -37.17002868652343750000                 22.43750000000000000000                 -1.02995443344116210938                 23.46745491027832031250
                -21.17002868652343750000                 25.56250000000000000000                  2.12192130088806152344                 23.44057846069335937500
                 -5.17002868652343750000                 22.75000000000000000000                 -0.65543556213378906250                 23.40543556213378906250
                 10.82997131347656250000                 23.75000000000000000000                  0.38371992111206054688                 23.36627960205078125000
                 26.82997131347656250000                 23.06250000000000000000                 -0.26522174477577209473                 23.32772254943847656250
                 42.82997131347656250000                 23.00000000000000000000                 -0.29427438974380493164                 23.29427528381347656250
                 58.82997131347656250000                 23.31250000000000000000                  0.04260852560400962830                 23.26989173889160156250
                 74.82997131347656250000                 22.25000000000000000000                 -1.00753605365753173828                 23.25753593444824218750
                 90.82997131347656250000                 23.75000000000000000000                  0.49116662144660949707                 23.25883293151855468750
                106.82997131347656250000                 25.06250000000000000000                  1.78865456581115722656                 23.27384567260742187500
                122.82997131347656250000                 21.75000000000000000000                 -1.55099523067474365234                 23.30099487304687500000
                138.82997131347656250000                 21.00000000000000000000                 -2.33715009689331054688                 23.33715057373046875000
                154.82997131347656250000                 23.18750000000000000000                 -0.19035781919956207275                 23.37785720825195312500
                170.82997131347656250000                 23.12500000000000000000                 -0.29270845651626586914                 23.41770935058593750000
                186.82997131347656250000                 34.18750000000000000000                 10.73671054840087890625                 23.45078849792480468750
                202.82997131347656250000                 30.06250000000000000000                  6.59131717681884765625                 23.47118377685546875000
                218.82997131347656250000                 24.12500000000000000000                  0.65153455734252929688                 23.47346496582031250000
                234.82997131347656250000                 22.87500000000000000000                 -0.57815623283386230469                 23.45315551757812500000
                250.82997131347656250000                 23.93750000000000000000                  0.53041243553161621094                 23.40708732604980468750
                266.82997131347656250000                 22.06250000000000000000                 -1.27116513252258300781                 23.33366584777832031250
                282.82997131347656250000                 20.56250000000000000000                 -2.67050647735595703125                 23.23300743103027343750
                298.82997131347656250000                 22.81250000000000000000                 -0.29445424675941467285                 23.10695457458496093750
                314.82997131347656250000                 23.87500000000000000000                  0.91603189706802368164                 22.95896720886230468750
                330.82997131347656250000                 22.50000000000000000000                 -0.29391062259674072266                 22.79391098022460937500
                346.82997131347656250000                 24.12500000000000000000                  1.50725626945495605469                 22.61774444580078125000
                362.82997131347656250000                 22.25000000000000000000                 -0.18715782463550567627                 22.43715858459472656250
                378.82997131347656250000                 23.18750000000000000000                  0.92834013700485229492                 22.25915908813476562500
                394.82997131347656250000                 21.75000000000000000000                 -0.34064581990242004395                 22.09064674377441406250
                410.82997131347656250000                 20.62500000000000000000                 -1.31298744678497314453                 21.93798828125000000000
                426.82997131347656250000                 21.37500000000000000000                 -0.43166089057922363281                 21.80666160583496093750
                442.82997131347656250000                 24.56250000000000000000                  2.86155700683593750000                 21.70094299316406250000
                458.82997131347656250000                 23.12500000000000000000                  1.50130236148834228516                 21.62369728088378906250
                474.82997131347656250000                 18.87500000000000000000                 -2.70126771926879882812                 21.57626724243164062500
