-0.703238568420992
0.485802443144877
0.428615695277287
0.38099409338884
0.597179618803322
0.266875328353958
-0.484982265756858
-0.473141134724294
-0.201636032282703
0.449382869439171
0.224508026098689
0.368997874763899
-0.432873156236929
0.130327292553643
-0.127485466119172
-0.452469043318887
-0.713797299775351
-0.40443663686626
-0.079646196903
-0.483054221498791
19.0773529600569
22.790982407116
0.0942441528923008
0.108081669058324
-0.486579243878273
-0.198030221777096
-0.722749036953909
-0.444290538384423
0.00523908534362505
0.370981662142974
0.0257968315588459
-0.217146741905324
0.2703510161632
0.368438384736067
-0.229073862548434
0.484423221787729
-0.484982235090794
0.555108567523616
-0.829540429214997
