-4.88218943181601
-0.157072413335001
-1.24177892991463
0.434114923102008
0.440528242516544
0.158686615928319
-0.156980087761527
-0.0667773718972509
-0.320962760403646
0.765295991749914
1.18722514451328
1.75098207789326
-1.55063536830105
-0.0998917354787157
-0.215826189150429
0.158928996822702
-0.353859317095869
-0.505279790910697
-0.481802422687405
0.156936607967426
4.54013726927713
3.04769811653509
0.247027420272955
-1.85760585514131
-0.263100410780092
-0.155370645324187
1.21551708019897
0.160420705287539
-0.573616393544508
1.57203084616399
-0.156962282661162
-1.07739514173217
-0.755619143929149
0.492787416967357
1.10322086135458
-0.550376459127556
0.156936648822596
1.47595940827056
-2.15435258788463
