               -133.17002868652343750000                  5.56250000000000000000                 -4.88218927383422851562                 10.44468975067138671875
               -117.17002868652343750000                 10.43750000000000000000                 -0.15707240998744964600                 10.59457206726074218750
               -101.17002868652343750000                  9.50000000000000000000                 -1.24177896976470947266                 10.74177932739257812500
                -85.17002868652343750000                 11.31250000000000000000                  0.43411493301391601562                 10.87838554382324218750
                -69.17002868652343750000                 11.43750000000000000000                  0.44052824378013610840                 10.99697208404541015625
                -53.17002868652343750000                 11.25000000000000000000                  0.15868662297725677490                 11.09131336212158203125
                -37.17002868652343750000                 11.00000000000000000000                 -0.15698008239269256592                 11.15698051452636718750
                -21.17002868652343750000                 11.12500000000000000000                 -0.06677737087011337280                 11.19177722930908203125
                 -5.17002868652343750000                 10.87500000000000000000                 -0.32096275687217712402                 11.19596290588378906250
                 10.82997131347656250000                 11.93750000000000000000                  0.76529598236083984375                 11.17220401763916015625
                 26.82997131347656250000                 12.31250000000000000000                  1.18722510337829589844                 11.12527465820312500000
                 42.82997131347656250000                 12.81250000000000000000                  1.75098204612731933594                 11.06151771545410156250
                 58.82997131347656250000                  9.43750000000000000000                 -1.55063533782958984375                 10.98813533782958984375
                 74.82997131347656250000                 10.81250000000000000000                 -0.09989173710346221924                 10.91239166259765625000
                 90.82997131347656250000                 10.62500000000000000000                 -0.21582618355751037598                 10.84082603454589843750
                106.82997131347656250000                 10.93750000000000000000                  0.15892899036407470703                 10.77857112884521484375
                122.82997131347656250000                 10.37500000000000000000                 -0.35385930538177490234                 10.72885894775390625000
                138.82997131347656250000                 10.18750000000000000000                 -0.50527977943420410156                 10.69277954101562500000
                154.82997131347656250000                 10.18750000000000000000                 -0.48180243372917175293                 10.66930198669433593750
                170.82997131347656250000                 10.81250000000000000000                  0.15693660080432891846                 10.65556335449218750000
                186.82997131347656250000                 15.18750000000000000000                  4.54013729095458984375                 10.64736270904541015625
                202.82997131347656250000                 13.68750000000000000000                  3.04769802093505859375                 10.63980197906494140625
                218.82997131347656250000                 10.87500000000000000000                  0.24702742695808410645                 10.62797260284423828125
                234.82997131347656250000                  8.75000000000000000000                 -1.85760581493377685547                 10.60760593414306640625
                250.82997131347656250000                 10.31250000000000000000                 -0.26310041546821594238                 10.57560062408447265625
                266.82997131347656250000                 10.37500000000000000000                 -0.15537065267562866211                 10.53037071228027343750
                282.82997131347656250000                 11.68750000000000000000                  1.21551704406738281250                 10.47198295593261718750
                298.82997131347656250000                 10.56250000000000000000                  0.16042070090770721436                 10.40207958221435546875
                314.82997131347656250000                  9.75000000000000000000                 -0.57361638545989990234                 10.32361602783203125000
                330.82997131347656250000                 11.81250000000000000000                  1.57203090190887451172                 10.24046897888183593750
                346.82997131347656250000                 10.00000000000000000000                 -0.15696227550506591797                 10.15696239471435546875
                362.82997131347656250000                  9.00000000000000000000                 -1.07739520072937011719                 10.07739543914794921875
                378.82997131347656250000                  9.25000000000000000000                 -0.75561916828155517578                 10.00561904907226562500
                394.82997131347656250000                 10.43750000000000000000                  0.49278742074966430664                  9.94471263885498046875
                410.82997131347656250000                 11.00000000000000000000                  1.10322082042694091797                  9.89677906036376953125
                426.82997131347656250000                  9.31250000000000000000                 -0.55037647485733032227                  9.86287689208984375000
                442.82997131347656250000                 10.00000000000000000000                  0.15693664550781250000                  9.84306335449218750000
                458.82997131347656250000                 11.31250000000000000000                  1.47595942020416259766                  9.83654022216796875000
                474.82997131347656250000                  7.68750000000000000000                 -2.15435266494750976562                  9.84185218811035156250
