10.444689431816
10.594572413335
10.7417789299146
10.878385076898
10.9969717574835
11.0913133840717
11.1569800877615
11.1917773718973
11.1959627604036
11.1722040082501
11.1252748554867
11.0615179221067
10.988135368301
10.9123917354787
10.8408261891504
10.7785710031773
10.7288593170959
10.6927797909107
10.6693024226874
10.6555633920326
10.6473627307229
10.6398018834649
10.627972579727
10.6076058551413
10.5756004107801
10.5303706453242
10.471982919801
10.4020792947125
10.3236163935445
10.240469153836
10.1569622826612
10.0773951417322
10.0056191439291
9.94471258303264
9.89677913864542
9.86287645912756
9.8430633511774
9.83654059172944
9.84185258788463
