-0.659550015673958
0.264032274339079
-0.184105066348
-0.0030025736586714
0.557731249427146
-0.00219161097471754
0.253730145170298
-0.113650690518215
-0.106473924786174
0.0853641783836836
0.334500801774277
-0.0485860612189319
-0.190293947506241
-0.0286759222269115
-0.313316785529636
-0.0428253963925376
0.0350529876046572
0.173217327879952
-0.187587603508714
-0.106609827608348
4.1690747788359
4.64177303522048
0.0629649209620884
-0.066804175482623
0.00207755045690883
-0.106609854227468
-0.0197360135645019
-0.052087015519642
-0.268613834974003
0.26580624681704
0.236569447749539
-0.483010848397084
0.0433756637725426
-0.059946548689457
-0.0431752777039485
0.0938931536705812
-0.0857362345519443
0.106134585822917
-0.0797065700865465
