               -133.17002868652343750000                  0.56250000000000000000                 -0.65955001115798950195                  1.22205007076263427734
               -117.17002868652343750000                  1.50000000000000000000                  0.26403227448463439941                  1.23596775531768798828
               -101.17002868652343750000                  1.06250000000000000000                 -0.18410506844520568848                  1.24660503864288330078
                -85.17002868652343750000                  1.25000000000000000000                 -0.00300257373601198196                  1.25300252437591552734
                -69.17002868652343750000                  1.81250000000000000000                  0.55773127079010009766                  1.25476872920989990234
                -53.17002868652343750000                  1.25000000000000000000                 -0.00219161086715757847                  1.25219166278839111328
                -37.17002868652343750000                  1.50000000000000000000                  0.25373014807701110840                  1.24626982212066650391
                -21.17002868652343750000                  1.12500000000000000000                 -0.11365068703889846802                  1.23865067958831787109
                 -5.17002868652343750000                  1.12500000000000000000                 -0.10647392272949218750                  1.23147392272949218750
                 10.82997131347656250000                  1.31250000000000000000                  0.08536417782306671143                  1.22713577747344970703
                 26.82997131347656250000                  1.56250000000000000000                  0.33450078964233398438                  1.22799921035766601562
                 42.82997131347656250000                  1.18750000000000000000                 -0.04858605936169624329                  1.23608601093292236328
                 58.82997131347656250000                  1.06250000000000000000                 -0.19029395282268524170                  1.25279390811920166016
                 74.82997131347656250000                  1.25000000000000000000                 -0.02867592312395572662                  1.27867591381072998047
                 90.82997131347656250000                  1.00000000000000000000                 -0.31331679224967956543                  1.31331682205200195312
                106.82997131347656250000                  1.31250000000000000000                 -0.04282539710402488708                  1.35532534122467041016
                122.82997131347656250000                  1.43750000000000000000                  0.03505298867821693420                  1.40244698524475097656
                138.82997131347656250000                  1.62500000000000000000                  0.17321732640266418457                  1.45178270339965820312
                154.82997131347656250000                  1.31250000000000000000                 -0.18758760392665863037                  1.50008761882781982422
                170.82997131347656250000                  1.43750000000000000000                 -0.10660982877016067505                  1.54410982131958007812
                186.82997131347656250000                  5.75000000000000000000                  4.16907501220703125000                  1.58092522621154785156
                202.82997131347656250000                  6.25000000000000000000                  4.64177322387695312500                  1.60822701454162597656
                218.82997131347656250000                  1.68750000000000000000                  0.06296492367982864380                  1.62453508377075195312
                234.82997131347656250000                  1.56250000000000000000                 -0.06680417805910110474                  1.62930417060852050781
                250.82997131347656250000                  1.62500000000000000000                  0.00207755039446055889                  1.62292242050170898438
                266.82997131347656250000                  1.50000000000000000000                 -0.10660985112190246582                  1.60660982131958007812
                282.82997131347656250000                  1.56250000000000000000                 -0.01973601430654525757                  1.58223605155944824219
                298.82997131347656250000                  1.50000000000000000000                 -0.05208701640367507935                  1.55208706855773925781
                314.82997131347656250000                  1.25000000000000000000                 -0.26861384510993957520                  1.51861381530761718750
                330.82997131347656250000                  1.75000000000000000000                  0.26580625772476196289                  1.48419380187988281250
                346.82997131347656250000                  1.68750000000000000000                  0.23656944930553436279                  1.45093059539794921875
                362.82997131347656250000                  0.93750000000000000000                 -0.48301085829734802246                  1.42051088809967041016
                378.82997131347656250000                  1.43750000000000000000                  0.04337566345930099487                  1.39412438869476318359
                394.82997131347656250000                  1.31250000000000000000                 -0.05994654819369316101                  1.37244653701782226562
                410.82997131347656250000                  1.31250000000000000000                 -0.04317527636885643005                  1.35567522048950195312
                426.82997131347656250000                  1.43750000000000000000                  0.09389315545558929443                  1.34360682964324951172
                442.82997131347656250000                  1.25000000000000000000                 -0.08573623746633529663                  1.33573627471923828125
                458.82997131347656250000                  1.43750000000000000000                  0.10613458603620529175                  1.33136546611785888672
                474.82997131347656250000                  1.25000000000000000000                 -0.07970657199621200562                  1.32970654964447021484
