25.9321221089223
26.1240706717249
26.3398500196004
26.5741229621828
26.8207293161969
27.0730534964982
27.3243977428614
27.5683234996909
27.7989316501326
28.0110645646167
28.2004266909885
28.3636328029396
28.4982014786053
28.6025142844655
28.6757582317471
28.7178615634099
28.7294232538026
28.7116278532277
28.6661324700929
28.5949138367006
28.5000711104193
28.3836244512149
28.2471138024241
28.0916947327577
27.9176791120154
27.7246639408456
27.5116229220556
27.2771925587005
27.0201054082386
26.7397246442503
26.4366084231854
26.1130167257333
25.7732714245992
25.4238939080221
25.0734722910302
24.7322479087379
24.4114522015831
24.1224632137591
23.8758791934308
