-11.4321221089223
0.938429328275117
0.0976499803995878
-0.261622962182756
-0.44572931619685
0.926946503501831
1.17560225713855
-0.380823499690923
4.20106834986741
0.863935435383251
-0.262926690988493
-0.113632802939559
-0.435701478605253
-2.04001428446549
0.26174176825285
0.469638436590103
0.708076746197392
-1.14912785322769
-0.791132470092858
2.53008616329943
68.6249288895807
112.053875548785
22.1903861975759
2.90830526724227
1.45732088798456
-0.537163940845595
-0.261622922055583
-0.277192558700452
0.292394591761386
-1.30222464425031
1.62589157681459
-0.175516725733349
1.47672857540084
0.888606091977923
-0.260972291030189
3.14275209126205
-0.723952201583099
-1.43496321375905
-4.75087919343077
