4.14721978216925
4.18234311137966
4.21914241123627
4.25542868992321
4.28893668123108
4.31755471239005
4.33956166795144
4.3538411277162
4.36004243648613
4.35866268912023
4.35103219339255
4.33919793811635
4.32571330936614
4.31335570620715
4.30480467635499
4.3023198936216
4.30745954821317
4.32087520351909
4.34220951203092
4.37010983212346
4.40235577204643
4.43606085629711
4.46808384621093
4.49512271193788
4.5142716353915
4.52318658503609
4.52032181712382
4.50505467294504
4.4777146137473
4.4395203315308
4.39243849378719
4.33898480586784
4.28199205543266
4.22437056707842
4.16888438090311
4.11796211477631
4.0735556828725
4.03705366966163
4.00924997932981
