-1.52221978216925
0.0676568886203377
0.655857588763728
-0.442928689923206
-0.851436681231078
-0.0675547123900486
0.285438332048563
-0.291341127716204
0.202457563513872
0.266337310879767
0.148967806607447
-0.0266979381163477
0.299286690633862
-0.188355706207147
-0.117304676354994
-0.6773198936216
0.0675404517868303
-0.508375203519087
0.157790487969081
0.0673901678765434
42.2851442279536
56.1889391437029
3.21941615378907
-0.057622711937884
0.360728364608495
0.289313414963914
-0.707821817123823
-0.0675546729450387
-1.3527146137473
0.810479668469197
0.482561506212812
0.723515194132157
-0.594492055432659
0.0256294329215816
-0.418884380903107
-0.242962114776309
0.363944317127499
0.150446330338369
-0.571749979329809
