               -133.17002868652343750000                  2.62500000000000000000                 -1.52221977710723876953                  4.14721965789794921875
               -117.17002868652343750000                  4.25000000000000000000                  0.06765688955783843994                  4.18234300613403320312
               -101.17002868652343750000                  4.87500000000000000000                  0.65585756301879882812                  4.21914243698120117188
                -85.17002868652343750000                  3.81250000000000000000                 -0.44292870163917541504                  4.25542879104614257812
                -69.17002868652343750000                  3.43750000000000000000                 -0.85143667459487915039                  4.28893661499023437500
                -53.17002868652343750000                  4.25000000000000000000                 -0.06755471229553222656                  4.31755495071411132812
                -37.17002868652343750000                  4.62500000000000000000                  0.28543832898139953613                  4.33956146240234375000
                -21.17002868652343750000                  4.06250000000000000000                 -0.29134112596511840820                  4.35384130477905273438
                 -5.17002868652343750000                  4.56250000000000000000                  0.20245756208896636963                  4.36004257202148437500
                 10.82997131347656250000                  4.62500000000000000000                  0.26633730530738830566                  4.35866260528564453125
                 26.82997131347656250000                  4.50000000000000000000                  0.14896780252456665039                  4.35103225708007812500
                 42.82997131347656250000                  4.31250000000000000000                 -0.02669793739914894104                  4.33919811248779296875
                 58.82997131347656250000                  4.62500000000000000000                  0.29928669333457946777                  4.32571315765380859375
                 74.82997131347656250000                  4.12500000000000000000                 -0.18835569918155670166                  4.31335592269897460938
                 90.82997131347656250000                  4.18750000000000000000                 -0.11730467528104782104                  4.30480480194091796875
                106.82997131347656250000                  3.62500000000000000000                 -0.67731988430023193359                  4.30232000350952148438
                122.82997131347656250000                  4.37500000000000000000                  0.06754045188426971436                  4.30745935440063476562
                138.82997131347656250000                  3.81250000000000000000                 -0.50837522745132446289                  4.32087516784667968750
                154.82997131347656250000                  4.50000000000000000000                  0.15779048204421997070                  4.34220933914184570312
                170.82997131347656250000                  4.43750000000000000000                  0.06739016622304916382                  4.37011003494262695312
                186.82997131347656250000                 46.68750000000000000000                 42.28514480590820312500                  4.40235567092895507812
                202.82997131347656250000                 60.62500000000000000000                 56.18893814086914062500                  4.43606090545654296875
                218.82997131347656250000                  7.68750000000000000000                  3.21941614151000976562                  4.46808385848999023438
                234.82997131347656250000                  4.43750000000000000000                 -0.05762271210551261902                  4.49512290954589843750
                250.82997131347656250000                  4.87500000000000000000                  0.36072835326194763184                  4.51427173614501953125
                266.82997131347656250000                  4.81250000000000000000                  0.28931340575218200684                  4.52318668365478515625
                282.82997131347656250000                  3.81250000000000000000                 -0.70782184600830078125                  4.52032184600830078125
                298.82997131347656250000                  4.43750000000000000000                 -0.06755467504262924194                  4.50505447387695312500
                314.82997131347656250000                  3.12500000000000000000                 -1.35271465778350830078                  4.47771453857421875000
                330.82997131347656250000                  5.25000000000000000000                  0.81047964096069335938                  4.43952035903930664062
                346.82997131347656250000                  4.87500000000000000000                  0.48256149888038635254                  4.39243841171264648438
                362.82997131347656250000                  5.06250000000000000000                  0.72351521253585815430                  4.33898496627807617188
                378.82997131347656250000                  3.68750000000000000000                 -0.59449207782745361328                  4.28199195861816406250
                394.82997131347656250000                  4.25000000000000000000                  0.02562943287193775177                  4.22437047958374023438
                410.82997131347656250000                  3.75000000000000000000                 -0.41888436675071716309                  4.16888427734375000000
                426.82997131347656250000                  3.87500000000000000000                 -0.24296212196350097656                  4.11796188354492187500
                442.82997131347656250000                  4.43750000000000000000                  0.36394432187080383301                  4.07355546951293945312
                458.82997131347656250000                  4.18750000000000000000                  0.15044632554054260254                  4.03705358505249023438
                474.82997131347656250000                  3.43750000000000000000                 -0.57174998521804809570                  4.00925016403198242188
