3.73746345611891
3.75389100740402
3.75392191434294
3.73638577017721
3.70296729541255
3.65848596815434
3.61078409675156
3.57017507572131
3.54846101871779
3.55759408969552
3.60811936294741
3.70758839811663
3.85916179347017
4.06061795032234
4.30395038807029
4.5756688059821
4.85782713182098
5.12969766869491
5.36991025727977
5.55879604197699
5.68063161774507
5.72548045550828
5.69037658294958
5.5796843417304
5.40458402207764
5.18175753746949
4.9314605883863
4.67524964529498
4.43367078946966
4.22420808466902
4.05973537613475
3.94762843191374
3.88959043788352
3.8821410640313
3.91763397221229
3.98561153700295
4.07428426984956
4.17193498756134
4.26808758778131
