-17.5230616788882
5.07589939887811
6.03868658553777
1.8481622578463
3.34789620366214
3.92564512230712
3.44896632190501
0.765872664666198
4.45811025939642
-1.15322237182706
0.437157421701343
0.426853184438251
0.0261611463189411
2.40209237763492
-4.81739569204979
0.332888416224421
-5.09654511937553
-3.91230168694675
-5.97294568190594
-4.32280187050452
193.611439741104
241.700002404192
5.10372873605156
-2.66703434201423
-5.44051464850035
-3.50613050472408
-4.23461287108289
-4.6964071104376
-1.40429658597381
-1.1187085715101
-2.154040944693
0.000881269188440115
3.12289979071514
3.31764496261945
5.08092143468467
3.23377873949178
4.60678311003717
1.5990127287717
-5.07526983539138
