49.1480616788882
50.1116006011219
51.0238134144622
51.8393377421537
52.5271037963379
53.0743548776929
53.488533678095
53.7966273353338
54.0418897406036
54.2782223718271
54.5628425782987
54.9481468155617
55.4738388536811
56.1604076223651
57.0048956920498
57.9796115837756
59.0340451193755
60.0998016869468
61.0979456819059
61.9478018705045
62.5760602588957
62.9249975958076
62.9587712639484
62.6670343420142
62.0655146485004
61.1936305047241
60.1096128710829
58.8839071104376
57.5917965859738
56.3062085715101
55.091540944693
53.9991187308116
53.0646002092849
52.3073550373806
51.7315785653153
51.3287212605082
51.0807168899628
50.9634872712283
50.9502698353914
