               -133.17002868652343750000                 10.06250000000000000000                 -8.76576423645019531250                 18.82826423645019531250
               -117.17002868652343750000                 20.12500000000000000000                  1.20862627029418945312                 18.91637420654296875000
               -101.17002868652343750000                 19.87500000000000000000                  0.87820899486541748047                 18.99679183959960937500
                -85.17002868652343750000                 18.12500000000000000000                 -0.93873471021652221680                 19.06373405456542968750
                -69.17002868652343750000                 18.25000000000000000000                 -0.86179363727569580078                 19.11179351806640625000
                -53.17002868652343750000                 19.43750000000000000000                  0.30097553133964538574                 19.13652420043945312500
                -37.17002868652343750000                 18.87500000000000000000                 -0.26003560423851013184                 19.13503646850585937500
                -21.17002868652343750000                 21.12500000000000000000                  2.01851987838745117188                 19.10647964477539062500
                 -5.17002868652343750000                 19.31250000000000000000                  0.26011896133422851562                 19.05238151550292968750
                 10.82997131347656250000                 18.62500000000000000000                 -0.35172280669212341309                 18.97672271728515625000
                 26.82997131347656250000                 21.81250000000000000000                  2.92673134803771972656                 18.88576889038085937500
                 42.82997131347656250000                 19.87500000000000000000                  1.08740627765655517578                 18.78759384155273437500
                 58.82997131347656250000                 18.50000000000000000000                 -0.19136202335357666016                 18.69136238098144531250
                 74.82997131347656250000                 18.12500000000000000000                 -0.48141795396804809570                 18.60641860961914062500
                 90.82997131347656250000                 19.00000000000000000000                  0.45871281623840332031                 18.54128646850585937500
                106.82997131347656250000                 18.75000000000000000000                  0.24729131162166595459                 18.50270843505859375000
                122.82997131347656250000                 17.68750000000000000000                 -0.80731928348541259766                 18.49481964111328125000
                138.82997131347656250000                 17.56250000000000000000                 -0.95609897375106811523                 18.51859855651855468750
                154.82997131347656250000                 18.31250000000000000000                 -0.25915572047233581543                 18.57165527343750000000
                170.82997131347656250000                 17.93750000000000000000                 -0.71088564395904541016                 18.64838600158691406250
                186.82997131347656250000                 30.00000000000000000000                 11.25950431823730468750                 18.74049568176269531250
                202.82997131347656250000                 21.75000000000000000000                  2.91217160224914550781                 18.83782768249511718750
                218.82997131347656250000                 19.56250000000000000000                  0.63310486078262329102                 18.92939567565917968750
                234.82997131347656250000                 20.25000000000000000000                  1.24551331996917724609                 19.00448608398437500000
                250.82997131347656250000                 18.43750000000000000000                 -0.61624085903167724609                 19.05374145507812500000
                266.82997131347656250000                 18.62500000000000000000                 -0.44504076242446899414                 19.07004165649414062500
                282.82997131347656250000                 18.87500000000000000000                 -0.17415174841880798340                 19.04915237426757812500
                298.82997131347656250000                 19.25000000000000000000                  0.25995981693267822266                 18.99003982543945312500
                314.82997131347656250000                 18.81250000000000000000                 -0.08235606551170349121                 18.89485549926757812500
                330.82997131347656250000                 19.75000000000000000000                  0.98139554262161254883                 18.76860427856445312500
                346.82997131347656250000                 18.50000000000000000000                 -0.11856301873922348022                 18.61856269836425781250
                362.82997131347656250000                 18.25000000000000000000                 -0.20352718234062194824                 18.45352745056152343750
                378.82997131347656250000                 17.87500000000000000000                 -0.40797606110572814941                 18.28297615051269531250
                394.82997131347656250000                 18.37500000000000000000                  0.25874927639961242676                 18.11625099182128906250
                410.82997131347656250000                 16.06250000000000000000                 -1.89932548999786376953                 17.96182632446289062500
                426.82997131347656250000                 16.56250000000000000000                 -1.26423287391662597656                 17.82673263549804687500
                442.82997131347656250000                 18.00000000000000000000                  0.28382080793380737305                 17.71617889404296875000
                458.82997131347656250000                 18.75000000000000000000                  1.11663675308227539062                 17.63336372375488281250
                474.82997131347656250000                 17.06250000000000000000                 -0.51698607206344604492                 17.57948684692382812500
