18.8282642244842
18.9163737873614
18.9967909801183
19.0637346973677
19.1117936477898
19.1365244686626
19.135035599512
19.1064801678617
19.0523810393291
18.976722799483
18.8857687292911
18.7875936800444
18.6913620236152
18.6064179543069
18.5412871693872
18.5027086934551
18.494819289854
18.5185989514956
18.5716557199846
18.6483856669746
18.7404955288882
18.8378285023153
18.9293951336063
19.0044866684647
19.0537408884801
19.0700407523652
19.0491517419393
18.9900401718981
18.8948560637682
18.7686044675049
18.6185630188229
18.4535271831167
18.2829760590379
18.1162507204811
17.9618254645402
17.8267328179104
17.7161791934155
17.6333632162058
17.5794860800901
