4.46206796301698
4.51869135495478
4.57568922065662
4.63012036571536
4.67937172818884
4.72144070998653
4.75515815418563
4.78031936638032
4.79770153652069
4.80896091006086
4.81641986861105
4.8227700223691
4.83072980345269
4.84270170690939
4.86047403127294
4.8850047205385
4.91631195793716
4.9534798003136
4.99477026440276
5.03781881447699
5.07988054686503
5.11809122450657
5.14970766656621
5.17230892859035
5.18393333457433
5.18316040553888
5.16913918046971
5.14157969204194
5.1007237286774
5.04730887772316
4.98253422322031
4.90802908483689
4.825819805799
4.73828550072418
4.64809286248861
4.5581027429695
4.47124656816468
4.39037739969705
4.31810700332224
