-1.52456796301698
-0.456191354954782
0.174310779343377
0.182379634284637
-0.179371728188835
-0.533940709986528
0.182341845814368
0.844680633619676
0.0772984634793081
0.378539089939143
0.18358013138895
-0.385270022369098
-0.08072980345269
-1.21770170690939
0.0770259687270558
-0.510004720538498
-0.728811957937159
0.421520199686402
-0.18227026440276
0.0871811855230114
64.295119453135
85.3194087754934
5.53779233343379
0.0776910714096539
1.06606666542567
-0.620660405538884
-0.606639180469706
-0.26657969204194
-0.350723728677398
0.0776911222768444
0.0799657767796935
0.591970915163107
-0.0758198057989974
0.136714499275822
-0.710592862488615
0.00439725703050087
0.278753431835315
-0.640377399697048
-1.06810700332224
