               -133.17002868652343750000                  2.93750000000000000000                 -1.52456796169281005859                  4.46206808090209960938
               -117.17002868652343750000                  4.06250000000000000000                 -0.45619136095046997070                  4.51869153976440429688
               -101.17002868652343750000                  4.75000000000000000000                  0.17431077361106872559                  4.57568931579589843750
                -85.17002868652343750000                  4.81250000000000000000                  0.18237963318824768066                  4.63012027740478515625
                -69.17002868652343750000                  4.50000000000000000000                 -0.17937172949314117432                  4.67937183380126953125
                -53.17002868652343750000                  4.18750000000000000000                 -0.53394073247909545898                  4.72144079208374023438
                -37.17002868652343750000                  4.93750000000000000000                  0.18234184384346008301                  4.75515794754028320312
                -21.17002868652343750000                  5.62500000000000000000                  0.84468060731887817383                  4.78031921386718750000
                 -5.17002868652343750000                  4.87500000000000000000                  0.07729846239089965820                  4.79770135879516601562
                 10.82997131347656250000                  5.18750000000000000000                  0.37853908538818359375                  4.80896091461181640625
                 26.82997131347656250000                  5.00000000000000000000                  0.18358013033866882324                  4.81642007827758789062
                 42.82997131347656250000                  4.43750000000000000000                 -0.38527002930641174316                  4.82277011871337890625
                 58.82997131347656250000                  4.75000000000000000000                 -0.08072980493307113647                  4.83072996139526367188
                 74.82997131347656250000                  3.62500000000000000000                 -1.21770167350769042969                  4.84270191192626953125
                 90.82997131347656250000                  4.93750000000000000000                  0.07702597230672836304                  4.86047410964965820312
                106.82997131347656250000                  4.37500000000000000000                 -0.51000469923019409180                  4.88500452041625976562
                122.82997131347656250000                  4.18750000000000000000                 -0.72881197929382324219                  4.91631174087524414062
                138.82997131347656250000                  5.37500000000000000000                  0.42152020335197448730                  4.95347976684570312500
                154.82997131347656250000                  4.81250000000000000000                 -0.18227025866508483887                  4.99477005004882812500
                170.82997131347656250000                  5.12500000000000000000                  0.08718118816614151001                  5.03781890869140625000
                186.82997131347656250000                 69.37500000000000000000                 64.29512023925781250000                  5.07988071441650390625
                202.82997131347656250000                 90.43750000000000000000                 85.31941223144531250000                  5.11809110641479492188
                218.82997131347656250000                 10.68750000000000000000                  5.53779220581054687500                  5.14970779418945312500
                234.82997131347656250000                  5.25000000000000000000                  0.07769107073545455933                  5.17230892181396484375
                250.82997131347656250000                  6.25000000000000000000                  1.06606662273406982422                  5.18393325805664062500
                266.82997131347656250000                  4.56250000000000000000                 -0.62066042423248291016                  5.18316030502319335938
                282.82997131347656250000                  4.56250000000000000000                 -0.60663920640945434570                  5.16913938522338867188
                298.82997131347656250000                  4.87500000000000000000                 -0.26657968759536743164                  5.14157962799072265625
                314.82997131347656250000                  4.75000000000000000000                 -0.35072374343872070312                  5.10072374343872070312
                330.82997131347656250000                  5.12500000000000000000                  0.07769112288951873779                  5.04730892181396484375
                346.82997131347656250000                  5.06250000000000000000                  0.07996577769517898560                  4.98253440856933593750
                362.82997131347656250000                  5.50000000000000000000                  0.59197092056274414062                  4.90802907943725585938
                378.82997131347656250000                  4.75000000000000000000                 -0.07581980526447296143                  4.82581996917724609375
                394.82997131347656250000                  4.87500000000000000000                  0.13671450316905975342                  4.73828554153442382812
                410.82997131347656250000                  3.93750000000000000000                 -0.71059286594390869141                  4.64809274673461914062
                426.82997131347656250000                  4.56250000000000000000                  0.00439725723117589951                  4.55810260772705078125
                442.82997131347656250000                  4.75000000000000000000                  0.27875342965126037598                  4.47124671936035156250
                458.82997131347656250000                  3.75000000000000000000                 -0.64037740230560302734                  4.39037752151489257812
                474.82997131347656250000                  3.25000000000000000000                 -1.06810700893402099609                  4.31810712814331054688
