3.12024147649002
3.2922530582297
3.44971099417461
3.58428794086387
3.69061883249433
3.76694450203222
3.81530307597714
3.84121923021875
3.85291332831647
3.86012519825598
3.87270895563812
3.89919523346462
3.94552801120041
4.01416215005533
4.10365720253728
4.20883052498845
4.32144945857378
4.43136159781478
4.52789690559103
4.60133613800866
4.64423289203315
4.65240239987842
4.6254442960784
4.5667396676915
4.48294249286669
4.38305903053277
4.27726431557544
4.17563459549971
4.08697502654155
4.01789504197319
3.97223581742294
3.95089457501113
3.9520296694615
3.97157828269894
4.00398247137301
4.04300312011308
4.08250512067985
4.11711755325164
4.14270419644875
