27.1311826986801
27.2029143582168
27.2676528579937
27.3242677190599
27.3719536993015
27.4103289171683
27.4395096048001
27.4601434827914
27.4733858188979
27.480807872047
27.4842361677867
27.4855316908443
27.4863288328305
27.4877627790925
27.4902191257767
27.4931396581633
27.494913078449
27.4928697568937
27.4833869158556
27.4620972395723
27.424182032499
27.3646863363416
27.2790717794012
27.1632356512126
27.0142049094467
26.8302503010765
26.6111482050724
26.3583349961745
26.0749838908958
25.76599965542
25.4379260121748
25.0987603149404
24.7576716907777
24.4246235602673
24.1099095750847
23.8236228138706
23.5750898202221
23.3723113742729
23.2214582850311
