-11.1311826986801
0.297085641783195
-0.267652857993667
1.92573228094012
-0.309453699301546
-0.285328917168275
0.747990395199949
-0.0851434827914446
6.15161418110209
-2.60580787204698
1.89076383221327
0.514468309155721
-0.236328832830456
-2.11276277909252
-0.740219125776715
4.06936034183672
1.192586921551
0.00713024310634225
-1.42088691585557
-0.649597239572252
82.388317967501
133.697813663658
21.4084282205988
1.96176434878739
-0.701704909446729
0.2322496989235
-0.236148205072393
0.266665003825519
-1.38748389089575
0.234000344579975
-0.187926012174827
-0.536260314940392
1.86732830922232
3.38787643973266
0.452590424915282
-1.82362281387065
0.23741017977791
-0.872311374272851
-3.72145828503111
