               -133.17002868652343750000                 16.00000000000000000000                -11.13118267059326171875                 27.13118362426757812500
               -117.17002868652343750000                 27.50000000000000000000                  0.29708564281463623047                 27.20291519165039062500
               -101.17002868652343750000                 27.00000000000000000000                 -0.26765286922454833984                 27.26765251159667968750
                -85.17002868652343750000                 29.25000000000000000000                  1.92573225498199462891                 27.32426834106445312500
                -69.17002868652343750000                 27.06250000000000000000                 -0.30945369601249694824                 27.37195396423339843750
                -53.17002868652343750000                 27.12500000000000000000                 -0.28532892465591430664                 27.41032981872558593750
                -37.17002868652343750000                 28.18750000000000000000                  0.74799036979675292969                 27.43951034545898437500
                -21.17002868652343750000                 27.37500000000000000000                 -0.08514348417520523071                 27.46014404296875000000
                 -5.17002868652343750000                 33.62500000000000000000                  6.15161418914794921875                 27.47338676452636718750
                 10.82997131347656250000                 24.87500000000000000000                 -2.60580778121948242188                 27.48080825805664062500
                 26.82997131347656250000                 29.37500000000000000000                  1.89076387882232666016                 27.48423576354980468750
                 42.82997131347656250000                 28.00000000000000000000                  0.51446831226348876953                 27.48553085327148437500
                 58.82997131347656250000                 27.25000000000000000000                 -0.23632884025573730469                 27.48632812500000000000
                 74.82997131347656250000                 25.37500000000000000000                 -2.11276268959045410156                 27.48776245117187500000
                 90.82997131347656250000                 26.75000000000000000000                 -0.74021911621093750000                 27.49021911621093750000
                106.82997131347656250000                 31.56250000000000000000                  4.06936025619506835938                 27.49313926696777343750
                122.82997131347656250000                 28.68750000000000000000                  1.19258689880371093750                 27.49491310119628906250
                138.82997131347656250000                 27.50000000000000000000                  0.00713024288415908813                 27.49287033081054687500
                154.82997131347656250000                 26.06250000000000000000                 -1.42088687419891357422                 27.48338699340820312500
                170.82997131347656250000                 26.81250000000000000000                 -0.64959722757339477539                 27.46209716796875000000
                186.82997131347656250000                109.81250000000000000000                 82.38832092285156250000                 27.42418289184570312500
                202.82997131347656250000                161.06250000000000000000                133.69781494140625000000                 27.36468696594238281250
                218.82997131347656250000                 48.68750000000000000000                 21.40842819213867187500                 27.27907180786132812500
                234.82997131347656250000                 29.12500000000000000000                  1.96176433563232421875                 27.16323471069335937500
                250.82997131347656250000                 26.31250000000000000000                 -0.70170491933822631836                 27.01420402526855468750
                266.82997131347656250000                 27.06250000000000000000                  0.23224969208240509033                 26.83024978637695312500
                282.82997131347656250000                 26.37500000000000000000                 -0.23614820837974548340                 26.61114883422851562500
                298.82997131347656250000                 26.62500000000000000000                  0.26666501164436340332                 26.35833549499511718750
                314.82997131347656250000                 24.68750000000000000000                 -1.38748383522033691406                 26.07498359680175781250
                330.82997131347656250000                 26.00000000000000000000                  0.23400034010410308838                 25.76599884033203125000
                346.82997131347656250000                 25.25000000000000000000                 -0.18792600929737091064                 25.43792533874511718750
                362.82997131347656250000                 24.56250000000000000000                 -0.53626030683517456055                 25.09876060485839843750
                378.82997131347656250000                 26.62500000000000000000                  1.86732828617095947266                 24.75767135620117187500
                394.82997131347656250000                 27.81250000000000000000                  3.38787651062011718750                 24.42462348937988281250
                410.82997131347656250000                 24.56250000000000000000                  0.45259043574333190918                 24.10990905761718750000
                426.82997131347656250000                 22.00000000000000000000                 -1.82362282276153564453                 23.82362365722656250000
                442.82997131347656250000                 23.81250000000000000000                  0.23741017282009124756                 23.57509040832519531250
                458.82997131347656250000                 22.50000000000000000000                 -0.87231135368347167969                 23.37231063842773437500
                474.82997131347656250000                 19.50000000000000000000                 -3.72145819664001464844                 23.22145843505859375000
