24.1701705890377
24.9711980818689
25.7150715876497
26.3658926256477
26.8977970427928
27.2977228935386
27.5666784645398
27.719276098142
27.7815354613346
27.7872102394653
27.7731152950151
27.7740899884307
27.8182994980294
27.9235357346674
28.095036145738
28.3251129072409
28.5946115925542
28.8759410704697
29.1371803948513
29.3466129099009
29.4769887137954
29.5088820533612
29.4326784702795
29.248967875357
28.9673915606642
28.6042455558809
28.1793353054245
27.712674809538
27.2216124713029
26.718851802117
26.2116428511448
25.70218860771
25.1890844807019
24.6694300537915
24.1411513043843
23.6050623928609
23.0662745373037
22.5347045018931
22.0246147832192
