9.32972444957681
9.39951512052792
9.47410435483528
9.55155194910123
9.63034391138092
9.70957389124075
9.78902748427872
9.86914853784192
9.95088416218975
10.0354245797332
10.1238719095359
10.2168852385737
10.3143553431064
10.4151599084073
10.5170393143786
10.6166158023756
10.7095581088613
10.7908730495625
10.8552885603575
10.8976820427943
10.913504901739
10.8990580832549
10.8522892435474
10.7719776514189
10.658824258051
10.5149303886768
10.343793648063
10.1501347349066
9.93967363618457
9.71886989493193
9.4946377907399
9.27404443512691
9.06399811437247
8.87093597755251
8.70052372748433
8.55738400531824
8.44487306279096
8.36492566731013
8.31798514004243
