               -133.17002868652343750000                  5.00000000000000000000                 -4.32972431182861328125                  9.32972431182861328125
               -117.17002868652343750000                  8.06250000000000000000                 -1.33701515197753906250                  9.39951515197753906250
               -101.17002868652343750000                  8.87500000000000000000                 -0.59910434484481811523                  9.47410392761230468750
                -85.17002868652343750000                 10.56250000000000000000                  1.01094806194305419922                  9.55155181884765625000
                -69.17002868652343750000                  9.50000000000000000000                 -0.13034391403198242188                  9.63034343719482421875
                -53.17002868652343750000                 11.06250000000000000000                  1.35292613506317138672                  9.70957374572753906250
                -37.17002868652343750000                 10.25000000000000000000                  0.46097251772880554199                  9.78902721405029296875
                -21.17002868652343750000                  9.31250000000000000000                 -0.55664855241775512695                  9.86914825439453125000
                 -5.17002868652343750000                 12.62500000000000000000                  2.67411589622497558594                  9.95088386535644531250
                 10.82997131347656250000                 11.25000000000000000000                  1.21457540988922119141                 10.03542423248291015625
                 26.82997131347656250000                  9.87500000000000000000                 -0.24887190759181976318                 10.12387180328369140625
                 42.82997131347656250000                 10.00000000000000000000                 -0.21688523888587951660                 10.21688556671142578125
                 58.82997131347656250000                  9.50000000000000000000                 -0.81435531377792358398                 10.31435489654541015625
                 74.82997131347656250000                 10.56250000000000000000                  0.14734008908271789551                 10.41516017913818359375
                 90.82997131347656250000                  9.43750000000000000000                 -1.07953929901123046875                 10.51703929901123046875
                106.82997131347656250000                 10.75000000000000000000                  0.13338419795036315918                 10.61661624908447265625
                122.82997131347656250000                 10.56250000000000000000                 -0.14705811440944671631                 10.70955848693847656250
                138.82997131347656250000                 11.43750000000000000000                  0.64662694931030273438                 10.79087257385253906250
                154.82997131347656250000                  9.12500000000000000000                 -1.73028850555419921875                 10.85528850555419921875
                170.82997131347656250000                 11.18750000000000000000                  0.28981795907020568848                 10.89768218994140625000
                186.82997131347656250000                 91.25000000000000000000                 80.33649444580078125000                 10.91350460052490234375
                202.82997131347656250000                128.93750000000000000000                118.03844451904296875000                 10.89905834197998046875
                218.82997131347656250000                 21.81250000000000000000                 10.96021080017089843750                 10.85228919982910156250
                234.82997131347656250000                 12.56250000000000000000                  1.79052233695983886719                 10.77197742462158203125
                250.82997131347656250000                  8.75000000000000000000                 -1.90882420539855957031                 10.65882396697998046875
                266.82997131347656250000                 10.37500000000000000000                 -0.13993038237094879150                 10.51493072509765625000
                282.82997131347656250000                 10.12500000000000000000                 -0.21879364550113677979                 10.34379386901855468750
                298.82997131347656250000                  9.56250000000000000000                 -0.58763474225997924805                 10.15013504028320312500
                314.82997131347656250000                 10.81250000000000000000                  0.87282633781433105469                  9.93967342376708984375
                330.82997131347656250000                 10.75000000000000000000                  1.03113007545471191406                  9.71887016296386718750
                346.82997131347656250000                  9.62500000000000000000                  0.13036221265792846680                  9.49463748931884765625
                362.82997131347656250000                  9.93750000000000000000                  0.66345554590225219727                  9.27404403686523437500
                378.82997131347656250000                 10.12500000000000000000                  1.06100189685821533203                  9.06399822235107421875
                394.82997131347656250000                  7.93750000000000000000                 -0.93343597650527954102                  8.87093639373779296875
                410.82997131347656250000                  8.50000000000000000000                 -0.20052373409271240234                  8.70052337646484375000
                426.82997131347656250000                  8.25000000000000000000                 -0.30738401412963867188                  8.55738353729248046875
                442.82997131347656250000                  7.62500000000000000000                 -0.81987303495407104492                  8.44487285614013671875
                458.82997131347656250000                  8.56250000000000000000                  0.19757433235645294189                  8.36492538452148437500
                474.82997131347656250000                  8.18750000000000000000                 -0.13048514723777770996                  8.31798553466796875000
