7.28769254923945
7.71918248978734
8.17377502057264
8.62782649655292
9.05971285288895
9.45240913302832
9.79559291882694
10.0869221303527
10.3322299163475
10.5445238473385
10.7418542001175
10.9442994534968
11.1704749991478
11.4340740081493
11.7409753917233
12.0873932094462
12.4594001761445
12.8339556038439
13.1813376295285
13.468659638949
13.6639792251889
13.7404145334839
13.6796833018571
13.4745732830065
13.130021449853
12.6626929507464
12.0991718926745
11.473067843536
10.8214748930672
10.1812769288222
9.58577076032385
9.06198895341147
8.62896824112166
8.29705407029779
8.06818402351569
7.93697441530728
7.89235907869696
7.91950170226623
8.00171895539746
