16.4768341369387
16.4873411689577
16.4771925599971
16.4454198733349
16.3921453379832
16.3186756075804
16.2275275194975
16.1223764187563
16.0079200687584
15.8896548216903
15.7735662113152
15.665743814193
15.5719398830248
15.4971019235326
15.4449193725802
15.4174316619882
15.4147469912578
15.4349163494836
15.4739950070015
15.5263045067078
15.5848842575855
15.6420965287694
15.6903260002776
15.7226990139183
15.7337413862238
15.7198986666829
15.6798587140297
15.6146411775882
15.5274481413057
15.4233002102092
15.3085080990463
15.1900475669736
15.0749130557309
14.9695221645333
14.8792304403543
14.8079965954981
14.7582157168815
14.7307159559151
14.7248957168448
