-6.53933413693867
1.13765883104233
1.33530744000285
-0.195419873334902
1.67035466201685
-0.318675607580417
0.334972480502536
-2.49737641875632
-0.19542006875842
0.110345178309656
1.16393378868477
0.45925618580705
-0.196939883024786
0.87789807646741
-0.819919372580223
0.145068338011756
0.710253008742217
-2.5599163494836
-0.348995007001513
-0.588804506707795
6.3526157424145
3.48290347123055
-1.50282600027758
0.464800986081656
-1.42124138622378
0.217601333317109
0.195141285970347
0.510358822411765
-1.90244814130566
-1.1733002102092
-0.18350809904625
0.372452433026435
-0.637413055730862
-0.157022164533263
-0.379230440354306
0.754503404501861
-0.195715716881544
0.206784044084852
-2.78739571684482
