3.73648780134174
3.76681871625046
3.80073990381241
3.83637380493193
3.87160576608429
3.90427007031965
3.93236141423672
3.95424872115376
3.96886514208788
3.97584851473553
3.97561076014593
3.96932243035393
3.95880899308231
3.94636704700742
3.93451978372666
3.92573989805468
3.92217331879433
3.92539765968918
3.93624498336959
3.95470993182608
3.97995281192229
4.01038068834421
4.04388922822441
4.07794869553051
4.10999250913661
4.13759054118251
4.15867308731215
4.17168809651833
4.17569453451139
4.17039004139711
4.15607919460005
4.13359465603145
4.10418669110108
4.06939699273194
4.03093091487561
3.99053892569703
3.94991424319428
3.91061002672444
3.87397672623869
