-1.98648780134174
0.170681283749536
0.0742600961875852
-0.64887380493193
1.62839423391571
-0.341770070319652
-0.432361414236724
0.0457512788462369
0.843634857912116
0.399151485264472
0.211889239854071
-0.719322430353932
0.103691006917688
-0.38386704700742
0.00298021627333567
0.0742601019453204
-1.10967331879433
0.0746023403108151
0.56375501663041
-0.142209931826081
38.8950471880777
55.1146193116558
3.64361077177559
0.54705130446949
0.327507490863386
0.924909458817486
0.716326912687848
-0.421688096518331
0.0743054654886137
-0.732890041397107
-0.656079194600048
0.303905343968552
-0.166686691101084
0.555603007268057
0.656569085124389
-1.05303892569703
0.362585756805717
0.0268899732755612
-0.561476726238686
