2.81554205802038
3.14475182608928
3.45219086820656
3.71881847163054
3.9299337467114
4.0769948771054
4.15878943047245
4.18175019000478
4.15931496106856
4.1103567162398
4.0568442665824
4.02101292933021
4.02240973659386
4.07521310213072
4.18620412936402
4.35368648836284
4.56752404184561
4.81030845314556
5.05950669550249
5.29029620964662
5.47869625133305
5.60456382651664
5.65404793681239
5.62118212564811
5.50842782144914
5.3261374865831
5.09106138789416
4.82415035958096
4.54799016804262
4.28423057396135
4.05134349420959
3.86296881297072
3.72699953663812
3.64543996777817
3.61496105619478
3.62799212369285
3.67413779540681
3.74169623276912
3.81907608732607
