               -133.17002868652343750000                  0.37500000000000000000                 -0.59495687484741210938                  0.96995687484741210938
               -117.17002868652343750000                  0.87500000000000000000                 -0.10876389592885971069                  0.98376387357711791992
               -101.17002868652343750000                  1.06250000000000000000                  0.06184168159961700439                  1.00065827369689941406
                -85.17002868652343750000                  1.06250000000000000000                  0.04236026480793952942                  1.02013969421386718750
                -69.17002868652343750000                  0.81250000000000000000                 -0.22909194231033325195                  1.04159200191497802734
                -53.17002868652343750000                  1.12500000000000000000                  0.06068317592144012451                  1.06431686878204345703
                -37.17002868652343750000                  1.06250000000000000000                 -0.02507215365767478943                  1.08757209777832031250
                -21.17002868652343750000                  0.93750000000000000000                 -0.17311076819896697998                  1.11061072349548339844
                 -5.17002868652343750000                  1.18750000000000000000                  0.05478121712803840637                  1.13271880149841308594
                 10.82997131347656250000                  1.43750000000000000000                  0.28424873948097229004                  1.15325129032135009766
                 26.82997131347656250000                  1.00000000000000000000                 -0.17166376113891601562                  1.17166376113891601562
                 42.82997131347656250000                  1.31250000000000000000                  0.12496100366115570068                  1.18753898143768310547
                 58.82997131347656250000                  0.68750000000000000000                 -0.51310735940933227539                  1.20060729980468750000
                 74.82997131347656250000                  1.31250000000000000000                  0.10173990577459335327                  1.21076011657714843750
                 90.82997131347656250000                  1.06250000000000000000                 -0.15555423498153686523                  1.21805429458618164062
                106.82997131347656250000                  0.87500000000000000000                 -0.34770691394805908203                  1.22270691394805908203
                122.82997131347656250000                  1.37500000000000000000                  0.14992149174213409424                  1.22507846355438232422
                138.82997131347656250000                  1.25000000000000000000                  0.02435623854398727417                  1.22564375400543212891
                154.82997131347656250000                  1.25000000000000000000                  0.02504883520305156708                  1.22495114803314208984
                170.82997131347656250000                  1.25000000000000000000                  0.02642697095870971680                  1.22357308864593505859
                186.82997131347656250000                  3.25000000000000000000                  2.02794575691223144531                  1.22205424308776855469
                202.82997131347656250000                  1.62500000000000000000                  0.40416574478149414062                  1.22083425521850585938
                218.82997131347656250000                  1.12500000000000000000                 -0.09524146467447280884                  1.22024142742156982422
                234.82997131347656250000                  1.06250000000000000000                 -0.15791191160678863525                  1.22041189670562744141
                250.82997131347656250000                  0.87500000000000000000                 -0.34629261493682861328                  1.22129261493682861328
                266.82997131347656250000                  1.18750000000000000000                 -0.03514054045081138611                  1.22264051437377929688
                282.82997131347656250000                  1.56250000000000000000                  0.33845096826553344727                  1.22404897212982177734
                298.82997131347656250000                  1.25000000000000000000                  0.02500455826520919800                  1.22499549388885498047
                314.82997131347656250000                  1.25000000000000000000                  0.02509555779397487640                  1.22490441799163818359
                330.82997131347656250000                  1.43750000000000000000                  0.21428044140338897705                  1.22321951389312744141
                346.82997131347656250000                  1.18750000000000000000                 -0.03197392821311950684                  1.21947395801544189453
                362.82997131347656250000                  1.37500000000000000000                  0.16164870560169219971                  1.21335124969482421875
                378.82997131347656250000                  1.43750000000000000000                  0.23277059197425842285                  1.20472943782806396484
                394.82997131347656250000                  1.00000000000000000000                 -0.19370077550411224365                  1.19370079040527343750
                410.82997131347656250000                  1.06250000000000000000                 -0.11806844174861907959                  1.18056845664978027344
                426.82997131347656250000                  1.25000000000000000000                  0.08418168872594833374                  1.16581833362579345703
                442.82997131347656250000                  1.12500000000000000000                 -0.02507216669619083405                  1.15007221698760986328
                458.82997131347656250000                  1.43750000000000000000                  0.30347195267677307129                  1.13402807712554931641
                474.82997131347656250000                  0.87500000000000000000                 -0.24339579045772552490                  1.11839580535888671875
