-1.30080648031603
1.25762577378633
0.822275947700051
1.02447286504261
-0.444285506100259
0.917035286856489
1.04372332892517
-0.069540589274717
1.25689656424385
0.888636889281868
0.128501506420857
0.342938846206813
-0.0991148849744379
-0.70011481224318
-1.0831948447214
-0.804482466483417
-0.603489666982895
-2.02904841525266
-1.25318092979772
-1.07273165760943
47.6514502238109
60.4929955048166
0.958858550456016
-1.26134247749465
-1.04542379391341
-0.33818679352485
-0.400508605226437
-0.995614951393385
0.299791624136384
0.0343722176827654
-0.0541926357454319
0.149156669665432
-0.425136837624995
0.0313967914654327
-0.544922119079736
0.15965466724024
0.21072645758934
0.300105672501941
-0.5047992100306
