1.33569653283979
1.35913044497366
1.37371715956485
1.37824736038202
1.37249477131782
1.35731383829923
1.3346101932232
1.30717788011598
1.27841633770086
1.25195854562931
1.23125644757196
1.2191780920149
1.21767116327479
1.22753931408718
1.24836201691166
1.27856790711869
1.31564911749727
1.35648358282395
1.39771711544071
1.4361497018577
1.46907207232077
1.49450871555584
1.5113402419913
1.51929832135409
1.51884676845294
1.51097926958022
1.49697501229225
1.47815659004758
1.45568992149014
1.43045485805474
1.4030000347756
1.3735793071452
1.34225276743431
1.30902525234043
1.27399088748583
1.23745385560915
1.2000024000364
1.16252339048426
1.12615641628265
