23.8985140381783
24.0020448226393
24.09902840192
24.1884600107601
24.2693520765467
24.3405923822418
24.4008149646061
24.4483154361956
24.4810385216099
24.4966561634996
24.4927406402785
24.4670206836203
24.4176921370258
24.3437410278345
24.2452285893405
24.1234866829355
23.9811791622639
23.8221997180888
23.6513981101059
23.4741517597439
23.2958249374756
23.1211837785523
22.9538139437198
22.7957159335122
22.6469959922453
22.5058615290408
22.3688512306254
22.2313185606073
22.0881150010447
21.9343918597731
21.7664176322314
21.582300227632
21.3825117566006
21.1701373803166
20.9508057191326
20.7323011898052
20.523901838853
20.3355231214647
20.1767730575607
