               -133.17002868652343750000                 14.06250000000000000000                 -9.83601379394531250000                 23.89851379394531250000
               -117.17002868652343750000                 24.25000000000000000000                  0.24795517325401306152                 24.00204467773437500000
               -101.17002868652343750000                 25.25000000000000000000                  1.15097165107727050781                 24.09902763366699218750
                -85.17002868652343750000                 25.00000000000000000000                  0.81154000759124755859                 24.18845939636230468750
                -69.17002868652343750000                 23.93750000000000000000                 -0.33185207843780517578                 24.26935195922851562500
                -53.17002868652343750000                 24.37500000000000000000                  0.03440761938691139221                 24.34059143066406250000
                -37.17002868652343750000                 22.25000000000000000000                 -2.15081501007080078125                 24.40081405639648437500
                -21.17002868652343750000                 24.50000000000000000000                  0.05168456211686134338                 24.44831466674804687500
                 -5.17002868652343750000                 27.25000000000000000000                  2.76896142959594726562                 24.48103904724121093750
                 10.82997131347656250000                 24.00000000000000000000                 -0.49665614962577819824                 24.49665641784667968750
                 26.82997131347656250000                 26.31250000000000000000                  1.81975936889648437500                 24.49274063110351562500
                 42.82997131347656250000                 22.06250000000000000000                 -2.40452075004577636719                 24.46702003479003906250
                 58.82997131347656250000                 25.18750000000000000000                  0.76980787515640258789                 24.41769218444824218750
                 74.82997131347656250000                 25.06250000000000000000                  0.71875900030136108398                 24.34374046325683593750
                 90.82997131347656250000                 22.68750000000000000000                 -1.55772864818572998047                 24.24522781372070312500
                106.82997131347656250000                 23.87500000000000000000                 -0.24848668277263641357                 24.12348747253417968750
                122.82997131347656250000                 24.25000000000000000000                  0.26882085204124450684                 23.98117828369140625000
                138.82997131347656250000                 22.31250000000000000000                 -1.50969970226287841797                 23.82219886779785156250
                154.82997131347656250000                 26.18750000000000000000                  2.53610181808471679688                 23.65139770507812500000
                170.82997131347656250000                 25.12500000000000000000                  1.65084826946258544922                 23.47415161132812500000
                186.82997131347656250000                102.25000000000000000000                 78.95417785644531250000                 23.29582405090332031250
                202.82997131347656250000                146.12500000000000000000                123.00381469726562500000                 23.12118339538574218750
                218.82997131347656250000                 43.50000000000000000000                 20.54618644714355468750                 22.95381355285644531250
                234.82997131347656250000                 27.81250000000000000000                  5.01678419113159179688                 22.79571533203125000000
                250.82997131347656250000                 23.68750000000000000000                  1.04050397872924804688                 22.64699554443359375000
                266.82997131347656250000                 22.12500000000000000000                 -0.38086152076721191406                 22.50586128234863281250
                282.82997131347656250000                 21.75000000000000000000                 -0.61885124444961547852                 22.36885070800781250000
                298.82997131347656250000                 20.18750000000000000000                 -2.04381847381591796875                 22.23131942749023437500
                314.82997131347656250000                 22.87500000000000000000                  0.78688502311706542969                 22.08811569213867187500
                330.82997131347656250000                 21.68750000000000000000                 -0.24689185619354248047                 21.93439102172851562500
                346.82997131347656250000                 24.25000000000000000000                  2.48358225822448730469                 21.76641845703125000000
                362.82997131347656250000                 20.25000000000000000000                 -1.33230018615722656250                 21.58230018615722656250
                378.82997131347656250000                 22.25000000000000000000                  0.86748826503753662109                 21.38251113891601562500
                394.82997131347656250000                 23.50000000000000000000                  2.32986259460449218750                 21.17013740539550781250
                410.82997131347656250000                 21.56250000000000000000                  0.61169427633285522461                 20.95080566406250000000
                426.82997131347656250000                 19.62500000000000000000                 -1.10730123519897460938                 20.73230171203613281250
                442.82997131347656250000                 20.75000000000000000000                  0.22609816491603851318                 20.52390098571777343750
                458.82997131347656250000                 19.37500000000000000000                 -0.96052312850952148438                 20.33552360534667968750
                474.82997131347656250000                 16.50000000000000000000                 -3.67677307128906250000                 20.17677307128906250000
