21.537243074855
22.2586070089221
22.9112087124288
23.4617098086033
23.8880373692225
24.1823058416813
24.3520329064963
24.4193319771608
24.4180456194118
24.3891001844547
24.374661625862
24.411902398748
24.527303299066
24.7323825523688
25.0215618006978
25.3725664487619
25.749363062859
26.1072244347476
26.3991558375163
26.5826797380066
26.6259070140836
26.5119372481003
26.2409116533938
25.829440679827
25.3075725365904
24.713877877273
24.0895256092212
23.4723625306531
22.8919642438222
22.3664108338813
21.9012040623824
21.4903507376256
21.1192642311076
20.7688497316017
20.4199851134364
20.0576062315428
19.673741214768
19.2690760059326
18.8529204525792
