32.8399038501769
33.1776905108045
33.4761132439905
33.7173437796612
33.8882527415082
33.9819336473824
33.998592909934
33.9456597045613
33.8370694098865
33.6917865179453
33.5317400524559
33.3794291009134
33.2555035821208
33.1766271799317
33.1538844686246
33.1919097365267
33.2888050284198
33.4367982121964
33.623488344791
33.8334526204408
34.0499582151492
34.2565368150623
34.4382342932221
34.5824301393572
34.679213312992
34.7213845235941
34.7042136321177
34.6251049634437
34.4833106791541
34.2797887678335
34.0172397507186
33.700290324165
33.3357381380754
32.9327415072002
32.5028369648892
32.0596952932627
31.6185759302464
31.1954991652164
30.8062124791114
