               -133.17002868652343750000                 20.00000000000000000000                -12.83990383148193359375                 32.83990478515625000000
               -117.17002868652343750000                 35.68750000000000000000                  2.50980949401855468750                 33.17769241333007812500
               -101.17002868652343750000                 32.93750000000000000000                 -0.53861325979232788086                 33.47611236572265625000
                -85.17002868652343750000                 30.87500000000000000000                 -2.84234380722045898438                 33.71734237670898437500
                -69.17002868652343750000                 36.37500000000000000000                  2.48674726486206054688                 33.88825225830078125000
                -53.17002868652343750000                 34.37500000000000000000                  0.39306634664535522461                 33.98193359375000000000
                -37.17002868652343750000                 33.93750000000000000000                 -0.06109290942549705505                 33.99859237670898437500
                -21.17002868652343750000                 35.43750000000000000000                  1.49184024333953857422                 33.94565963745117187500
                 -5.17002868652343750000                 32.37500000000000000000                 -1.46206939220428466797                 33.83707046508789062500
                 10.82997131347656250000                 33.81250000000000000000                  0.12071347981691360474                 33.69178771972656250000
                 26.82997131347656250000                 32.93750000000000000000                 -0.59424006938934326172                 33.53173828125000000000
                 42.82997131347656250000                 31.87500000000000000000                 -1.50442910194396972656                 33.37942886352539062500
                 58.82997131347656250000                 33.68750000000000000000                  0.43199640512466430664                 33.25550460815429687500
                 74.82997131347656250000                 33.43750000000000000000                  0.26087281107902526855                 33.17662811279296875000
                 90.82997131347656250000                 35.31250000000000000000                  2.15861558914184570312                 33.15388488769531250000
                106.82997131347656250000                 34.12500000000000000000                  0.93309026956558227539                 33.19190979003906250000
                122.82997131347656250000                 30.81250000000000000000                 -2.47630500793457031250                 33.28880691528320312500
                138.82997131347656250000                 34.93750000000000000000                  1.50070178508758544922                 33.43679809570312500000
                154.82997131347656250000                 32.12500000000000000000                 -1.49848830699920654297                 33.62348937988281250000
                170.82997131347656250000                 34.43750000000000000000                  0.60404735803604125977                 33.83345413208007812500
                186.82997131347656250000                 98.37500000000000000000                 64.32504272460937500000                 34.04995727539062500000
                202.82997131347656250000                 99.25000000000000000000                 64.99346160888671875000                 34.25653839111328125000
                218.82997131347656250000                 35.87500000000000000000                  1.43676567077636718750                 34.43823242187500000000
                234.82997131347656250000                 35.18750000000000000000                  0.60506987571716308594                 34.58243179321289062500
                250.82997131347656250000                 33.18750000000000000000                 -1.49171328544616699219                 34.67921447753906250000
                266.82997131347656250000                 32.06250000000000000000                 -2.65888452529907226562                 34.72138595581054687500
                282.82997131347656250000                 33.68750000000000000000                 -1.01671361923217773438                 34.70421218872070312500
                298.82997131347656250000                 34.50000000000000000000                 -0.12510496377944946289                 34.62510681152343750000
                314.82997131347656250000                 33.31250000000000000000                 -1.17081069946289062500                 34.48331069946289062500
                330.82997131347656250000                 34.25000000000000000000                 -0.02978876791894435883                 34.27978897094726562500
                346.82997131347656250000                 32.75000000000000000000                 -1.26723980903625488281                 34.01723861694335937500
                362.82997131347656250000                 35.93750000000000000000                  2.23720955848693847656                 33.70029067993164062500
                378.82997131347656250000                 33.31250000000000000000                 -0.02323813736438751221                 33.33573913574218750000
                394.82997131347656250000                 31.43750000000000000000                 -1.49524152278900146484                 32.93274307250976562500
                410.82997131347656250000                 32.37500000000000000000                 -0.12783695757389068604                 32.50283813476562500000
                426.82997131347656250000                 32.93750000000000000000                  0.87780469655990600586                 32.05969619750976562500
                442.82997131347656250000                 30.12500000000000000000                 -1.49357593059539794922                 31.61857604980468750000
                458.82997131347656250000                 33.06250000000000000000                  1.86700081825256347656                 31.19549942016601562500
                474.82997131347656250000                 27.62500000000000000000                 -3.18121242523193359375                 30.80621337890625000000
