               -133.17002868652343750000                  0.62500000000000000000                 -0.49203366041183471680                  1.11703372001647949219
               -117.17002868652343750000                  1.43750000000000000000                  0.28104564547538757324                  1.15645432472229003906
               -101.17002868652343750000                  1.31250000000000000000                  0.11194094270467758179                  1.20055902004241943359
                -85.17002868652343750000                  1.12500000000000000000                 -0.12255466729402542114                  1.24755465984344482422
                -69.17002868652343750000                  1.68750000000000000000                  0.39205920696258544922                  1.29544079303741455078
                -53.17002868652343750000                  1.25000000000000000000                 -0.09216865152120590210                  1.34216868877410888672
                -37.17002868652343750000                  1.37500000000000000000                 -0.01081096753478050232                  1.38581097126007080078
                -21.17002868652343750000                  1.31250000000000000000                 -0.11222361028194427490                  1.42472362518310546875
                 -5.17002868652343750000                  1.37500000000000000000                 -0.08267839998006820679                  1.45767843723297119141
                 10.82997131347656250000                  0.93750000000000000000                 -0.54644989967346191406                  1.48394989967346191406
                 26.82997131347656250000                  1.62500000000000000000                  0.12165610492229461670                  1.50334393978118896484
                 42.82997131347656250000                  1.68750000000000000000                  0.17133581638336181641                  1.51616418361663818359
                 58.82997131347656250000                  1.68750000000000000000                  0.16437807679176330566                  1.52312195301055908203
                 74.82997131347656250000                  1.43750000000000000000                 -0.08770199865102767944                  1.52520203590393066406
                 90.82997131347656250000                  0.93750000000000000000                 -0.58600640296936035156                  1.52350640296936035156
                106.82997131347656250000                  1.37500000000000000000                 -0.14409841597080230713                  1.51909840106964111328
                122.82997131347656250000                  1.62500000000000000000                  0.11212872713804244995                  1.51287126541137695312
                138.82997131347656250000                  1.56250000000000000000                  0.05704102665185928345                  1.50545895099639892578
                154.82997131347656250000                  1.06250000000000000000                 -0.43470063805580139160                  1.49720060825347900391
                170.82997131347656250000                  1.43750000000000000000                 -0.05065904930233955383                  1.48815906047821044922
                186.82997131347656250000                  6.12500000000000000000                  4.64681529998779296875                  1.47818470001220703125
                202.82997131347656250000                  6.31250000000000000000                  4.84549045562744140625                  1.46700966358184814453
                218.82997131347656250000                  1.18750000000000000000                 -0.26685065031051635742                  1.45435059070587158203
                234.82997131347656250000                  1.81250000000000000000                  0.37249845266342163086                  1.44000160694122314453
                250.82997131347656250000                  1.31250000000000000000                 -0.11139857023954391479                  1.42389857769012451172
                266.82997131347656250000                  1.68750000000000000000                  0.28135111927986145020                  1.40614891052246093750
                282.82997131347656250000                  1.12500000000000000000                 -0.26202160120010375977                  1.38702166080474853516
                298.82997131347656250000                  1.25000000000000000000                 -0.11690734326839447021                  1.36690735816955566406
                314.82997131347656250000                  1.43750000000000000000                  0.09124139696359634399                  1.34625864028930664062
                330.82997131347656250000                  1.43750000000000000000                  0.11197399348020553589                  1.32552599906921386719
                346.82997131347656250000                  1.31250000000000000000                  0.00739571964368224144                  1.30510425567626953125
                362.82997131347656250000                  1.37500000000000000000                  0.08970166742801666260                  1.28529834747314453125
                378.82997131347656250000                  1.62500000000000000000                  0.35868570208549499512                  1.26631426811218261719
                394.82997131347656250000                  0.87500000000000000000                 -0.37327423691749572754                  1.24827420711517333984
                410.82997131347656250000                  1.56250000000000000000                  0.33125197887420654297                  1.23124802112579345703
                426.82997131347656250000                  1.12500000000000000000                 -0.09029299765825271606                  1.21529304981231689453
                442.82997131347656250000                  1.06250000000000000000                 -0.13799045979976654053                  1.20049047470092773438
                458.82997131347656250000                  1.31250000000000000000                  0.12552914023399353027                  1.18697082996368408203
                474.82997131347656250000                  1.06250000000000000000                 -0.11242140084505081177                  1.17492139339447021484
