               -133.17002868652343750000                 39.56250000000000000000
               -117.17002868652343750000                 65.56250000000000000000
               -101.17002868652343750000                 64.00000000000000000000
                -85.17002868652343750000                 62.43750000000000000000
                -69.17002868652343750000                 65.06250000000000000000
                -53.17002868652343750000                 64.50000000000000000000
                -37.17002868652343750000                 64.56250000000000000000
                -21.17002868652343750000                 66.06250000000000000000
                 -5.17002868652343750000                 69.93750000000000000000
                 10.82997131347656250000                 65.25000000000000000000
                 26.82997131347656250000                 60.56250000000000000000
                 42.82997131347656250000                 63.87500000000000000000
                 58.82997131347656250000                 63.18750000000000000000
                 74.82997131347656250000                 64.00000000000000000000
                 90.82997131347656250000                 65.06250000000000000000
                106.82997131347656250000                 66.68750000000000000000
                122.82997131347656250000                 62.37500000000000000000
                138.82997131347656250000                 67.18750000000000000000
                154.82997131347656250000                 69.37500000000000000000
                170.82997131347656250000                 66.68750000000000000000
                186.82997131347656250000                424.18750000000000000000
                202.82997131347656250000                513.93750000000000000000
                218.82997131347656250000                 88.81250000000000000000
                234.82997131347656250000                 68.43750000000000000000
                250.82997131347656250000                 64.56250000000000000000
                266.82997131347656250000                 66.75000000000000000000
                282.82997131347656250000                 62.75000000000000000000
                298.82997131347656250000                 68.25000000000000000000
                314.82997131347656250000                 68.56250000000000000000
                330.82997131347656250000                 65.06250000000000000000
                346.82997131347656250000                 64.93750000000000000000
                362.82997131347656250000                 66.00000000000000000000
                378.82997131347656250000                 65.25000000000000000000
                394.82997131347656250000                 60.75000000000000000000
                410.82997131347656250000                 63.25000000000000000000
                426.82997131347656250000                 64.87500000000000000000
                442.82997131347656250000                 64.00000000000000000000
                458.82997131347656250000                 64.75000000000000000000
                474.82997131347656250000                 53.18750000000000000000
