               -133.17002868652343750000                 39.56250000000000000000                -15.89130687713623046875                 55.45380783081054687500
               -117.17002868652343750000                 65.56250000000000000000                  9.07990264892578125000                 56.48259735107421875000
               -101.17002868652343750000                 64.00000000000000000000                  6.55289411544799804688                 57.44710540771484375000
                -85.17002868652343750000                 62.43750000000000000000                  4.13839721679687500000                 58.29910278320312500000
                -69.17002868652343750000                 65.06250000000000000000                  6.05174684524536132812                 59.01075363159179687500
                -53.17002868652343750000                 64.50000000000000000000                  4.92016696929931640625                 59.57983398437500000000
                -37.17002868652343750000                 64.56250000000000000000                  4.53059673309326171875                 60.03190231323242187500
                -21.17002868652343750000                 66.06250000000000000000                  5.64371204376220703125                 60.41878890991210937500
                 -5.17002868652343750000                 69.93750000000000000000                  9.12434101104736328125                 60.81315994262695312500
                 10.82997131347656250000                 65.25000000000000000000                  3.95042800903320312500                 61.29957199096679687500
                 26.82997131347656250000                 60.56250000000000000000                 -1.40037500858306884766                 61.96287536621093750000
                 42.82997131347656250000                 63.87500000000000000000                  0.99962699413299560547                 62.87537384033203125000
                 58.82997131347656250000                 63.18750000000000000000                 -0.89695644378662109375                 64.08445739746093750000
                 74.82997131347656250000                 64.00000000000000000000                 -1.60248148441314697266                 65.60247802734375000000
                 90.82997131347656250000                 65.06250000000000000000                 -2.33800578117370605469                 67.40050506591796875000
                106.82997131347656250000                 66.68750000000000000000                 -2.71953797340393066406                 69.40703582763671875000
                122.82997131347656250000                 62.37500000000000000000                 -9.13730716705322265625                 71.51230621337890625000
                138.82997131347656250000                 67.18750000000000000000                 -6.39029073715209960938                 73.57778930664062500000
                154.82997131347656250000                 69.37500000000000000000                 -6.07495975494384765625                 75.44995880126953125000
                170.82997131347656250000                 66.68750000000000000000                -10.28908348083496093750                 76.97658538818359375000
                186.82997131347656250000                424.18750000000000000000                346.16400146484375000000                 78.02349090576171875000
                202.82997131347656250000                513.93750000000000000000                435.44787597656250000000                 78.48961639404296875000
                218.82997131347656250000                 88.81250000000000000000                 10.49411106109619140625                 78.31838989257812500000
                234.82997131347656250000                 68.43750000000000000000                 -9.06647300720214843750                 77.50397491455078125000
                250.82997131347656250000                 64.56250000000000000000                -11.52923870086669921875                 76.09173583984375000000
                266.82997131347656250000                 66.75000000000000000000                 -7.42297792434692382812                 74.17298126220703125000
                282.82997131347656250000                 62.75000000000000000000                 -9.12481117248535156250                 71.87480926513671875000
                298.82997131347656250000                 68.25000000000000000000                 -1.09672474861145019531                 69.34672546386718750000
                314.82997131347656250000                 68.56250000000000000000                  1.81690287590026855469                 66.74559783935546875000
                330.82997131347656250000                 65.06250000000000000000                  0.84140032529830932617                 64.22109985351562500000
                346.82997131347656250000                 64.93750000000000000000                  3.03433489799499511719                 61.90316390991210937500
                362.82997131347656250000                 66.00000000000000000000                  6.10723304748535156250                 59.89276504516601562500
                378.82997131347656250000                 65.25000000000000000000                  6.99330186843872070312                 58.25669860839843750000
                394.82997131347656250000                 60.75000000000000000000                  3.72356009483337402344                 57.02643966674804687500
                410.82997131347656250000                 63.25000000000000000000                  7.04931879043579101562                 56.20067977905273437500
                426.82997131347656250000                 64.87500000000000000000                  9.12434387207031250000                 55.75065612792968750000
                442.82997131347656250000                 64.00000000000000000000                  8.37274837493896484375                 55.62725067138671875000
                458.82997131347656250000                 64.75000000000000000000                  8.98120212554931640625                 55.76879882812500000000
                474.82997131347656250000                 53.18750000000000000000                 -2.92105317115783691406                 56.10855484008789062500
