55.4538069530766
56.4825973978092
57.4471060913941
58.2991027418675
59.0107532403654
59.5798329890117
60.0319030454414
60.4187881412063
60.8131591270662
61.2995720755917
61.9628750354782
62.8753729924258
64.0844564190231
65.6024815258396
67.4005058425862
69.407037997562
71.5123074912171
73.577790566586
75.4499599263496
76.976583582209
78.0234902799637
78.4896179502575
78.318388647952
77.5039734540678
76.0917384261696
74.1729778038246
71.8748109479326
69.3467247644002
66.7455970845748
64.2210996936104
61.9031650907538
59.892766765175
58.2566979690415
57.0264399207045
56.2006810943324
55.7506558574483
55.6272520594725
55.7687978561257
56.108553103008
