1.47330136225761
1.48335425056425
1.48943068372483
1.49129110897544
1.4891281005631
1.48357741193996
1.47567376895772
1.46675114421259
1.45829510386063
1.45176253702935
1.44839046708153
1.44901954248605
1.45395828019901
1.46291067267735
1.4749824329865
1.48877066318694
1.50252945058289
1.51439167747115
1.52261724698442
1.52583191516616
1.52322038312274
1.51464278243677
1.50065465436548
1.48242538332363
1.46156635936062
1.43989505513756
1.41917197910689
1.40085205754586
1.38588947189187
1.37462573944499
1.36677655791051
1.36151626904106
1.35764278417036
1.35379331076572
1.34867432549095
1.34126891544157
1.33099053874056
1.3177629805138
1.30201956052442
