-1.03580136225761
0.329145749435754
-0.114430683724827
0.133708891024561
-0.114128100563101
0.703922588060035
-0.288173768957716
0.220748855787406
-0.145795103860626
0.048237462970653
0.114109532918473
-0.136519542486049
0.296041719800993
-0.08791067267735
0.150017567013499
-0.113770663186938
-0.252529450582891
-0.139391677471146
0.227382753015577
-0.338331915166162
4.66427961687726
5.04785721756323
0.249345345634518
0.20507461667637
-0.274066359360624
-0.189895055137563
-0.356671979106885
0.0366479424541415
0.114110528108125
0.0628742605550112
-0.179276557910514
0.325983730958936
-0.107642784170362
0.0837066892342759
0.463825674509048
-0.0287689154415742
-0.0809905387405583
-0.067762980513796
-0.11451956052442
