               -133.17002868652343750000                  0.43750000000000000000                 -1.03580141067504882812                  1.47330141067504882812
               -117.17002868652343750000                  1.81250000000000000000                  0.32914575934410095215                  1.48335421085357666016
               -101.17002868652343750000                  1.37500000000000000000                 -0.11443068087100982666                  1.48943066596984863281
                -85.17002868652343750000                  1.62500000000000000000                  0.13370889425277709961                  1.49129116535186767578
                -69.17002868652343750000                  1.37500000000000000000                 -0.11412809789180755615                  1.48912811279296875000
                -53.17002868652343750000                  2.18750000000000000000                  0.70392256975173950195                  1.48357737064361572266
                -37.17002868652343750000                  1.18750000000000000000                 -0.28817376494407653809                  1.47567379474639892578
                -21.17002868652343750000                  1.68750000000000000000                  0.22074885666370391846                  1.46675109863281250000
                 -5.17002868652343750000                  1.31250000000000000000                 -0.14579510688781738281                  1.45829510688781738281
                 10.82997131347656250000                  1.50000000000000000000                  0.04823746159672737122                  1.45176255702972412109
                 26.82997131347656250000                  1.56250000000000000000                  0.11410953104496002197                  1.44839048385620117188
                 42.82997131347656250000                  1.31250000000000000000                 -0.13651953637599945068                  1.44901955127716064453
                 58.82997131347656250000                  1.75000000000000000000                  0.29604172706604003906                  1.45395827293395996094
                 74.82997131347656250000                  1.37500000000000000000                 -0.08791067451238632202                  1.46291065216064453125
                 90.82997131347656250000                  1.62500000000000000000                  0.15001757442951202393                  1.47498238086700439453
                106.82997131347656250000                  1.37500000000000000000                 -0.11377066373825073242                  1.48877060413360595703
                122.82997131347656250000                  1.25000000000000000000                 -0.25252944231033325195                  1.50252950191497802734
                138.82997131347656250000                  1.37500000000000000000                 -0.13939167559146881104                  1.51439166069030761719
                154.82997131347656250000                  1.75000000000000000000                  0.22738274931907653809                  1.52261722087860107422
                170.82997131347656250000                  1.18750000000000000000                 -0.33833190798759460449                  1.52583193778991699219
                186.82997131347656250000                  6.18750000000000000000                  4.66427946090698242188                  1.52322041988372802734
                202.82997131347656250000                  6.56250000000000000000                  5.04785728454589843750                  1.51464283466339111328
                218.82997131347656250000                  1.75000000000000000000                  0.24934534728527069092                  1.50065469741821289062
                234.82997131347656250000                  1.68750000000000000000                  0.20507462322711944580                  1.48242533206939697266
                250.82997131347656250000                  1.18750000000000000000                 -0.27406635880470275879                  1.46156632900238037109
                266.82997131347656250000                  1.25000000000000000000                 -0.18989504873752593994                  1.43989503383636474609
                282.82997131347656250000                  1.06250000000000000000                 -0.35667198896408081055                  1.41917192935943603516
                298.82997131347656250000                  1.43750000000000000000                  0.03664794191718101501                  1.40085208415985107422
                314.82997131347656250000                  1.50000000000000000000                  0.11411052942276000977                  1.38588953018188476562
                330.82997131347656250000                  1.43750000000000000000                  0.06287425756454467773                  1.37462568283081054688
                346.82997131347656250000                  1.18750000000000000000                 -0.17927655577659606934                  1.36677658557891845703
                362.82997131347656250000                  1.68750000000000000000                  0.32598373293876647949                  1.36151623725891113281
                378.82997131347656250000                  1.25000000000000000000                 -0.10764278471469879150                  1.35764276981353759766
                394.82997131347656250000                  1.43750000000000000000                  0.08370669186115264893                  1.35379326343536376953
                410.82997131347656250000                  1.81250000000000000000                  0.46382567286491394043                  1.34867429733276367188
                426.82997131347656250000                  1.31250000000000000000                 -0.02876891568303108215                  1.34126889705657958984
                442.82997131347656250000                  1.25000000000000000000                 -0.08099053800106048584                  1.33099055290222167969
                458.82997131347656250000                  1.25000000000000000000                 -0.06776297837495803833                  1.31776297092437744141
                474.82997131347656250000                  1.18750000000000000000                 -0.11451955884695053101                  1.30201959609985351562
