31.0002048283396
30.9761624440052
30.9098767308879
30.804162453476
30.6657095317594
30.5047332370407
30.3341569415444
30.168384521453
30.021784349839
29.9070599988563
29.8337146483042
29.8068197706272
29.8262710126493
29.886657299672
29.9777899341293
30.0858478052511
30.1950062067695
30.2893439964008
30.3547788486827
30.3807711157133
30.3615658322343
30.296806120132
30.1914404123605
30.0549469690029
29.899996404013
29.7407511576428
29.59104787614
29.4627174969743
29.3642678523385
29.3000906047464
29.2702694762843
29.2709744856667
29.2953423978106
29.3346799435513
29.3797924725337
29.4222398670341
29.455351247919
29.4748827539908
29.4792677338454
