               -133.17002868652343750000                 17.25000000000000000000                -13.75020503997802734375                 31.00020408630371093750
               -117.17002868652343750000                 31.37500000000000000000                  0.39883756637573242188                 30.97616195678710937500
               -101.17002868652343750000                 33.68750000000000000000                  2.77762317657470703125                 30.90987586975097656250
                -85.17002868652343750000                 28.31250000000000000000                 -2.49166250228881835938                 30.80416297912597656250
                -69.17002868652343750000                 31.06250000000000000000                  0.39679047465324401855                 30.66571044921875000000
                -53.17002868652343750000                 31.50000000000000000000                  0.99526673555374145508                 30.50473403930664062500
                -37.17002868652343750000                 34.37500000000000000000                  4.04084300994873046875                 30.33415603637695312500
                -21.17002868652343750000                 30.25000000000000000000                  0.08161547780036926270                 30.16838455200195312500
                 -5.17002868652343750000                 29.00000000000000000000                 -1.02178430557250976562                 30.02178382873535156250
                 10.82997131347656250000                 28.18750000000000000000                 -1.71956002712249755859                 29.90706062316894531250
                 26.82997131347656250000                 29.81250000000000000000                 -0.02121464908123016357                 29.83371543884277343750
                 42.82997131347656250000                 28.37500000000000000000                 -1.43181979656219482422                 29.80681991577148437500
                 58.82997131347656250000                 31.31250000000000000000                  1.48622894287109375000                 29.82627105712890625000
                 74.82997131347656250000                 32.37500000000000000000                  2.48834276199340820312                 29.88665771484375000000
                 90.82997131347656250000                 27.81250000000000000000                 -2.16528987884521484375                 29.97779083251953125000
                106.82997131347656250000                 29.68750000000000000000                 -0.39834779500961303711                 30.08584785461425781250
                122.82997131347656250000                 29.87500000000000000000                 -0.32000622153282165527                 30.19500541687011718750
                138.82997131347656250000                 30.43750000000000000000                  0.14815600216388702393                 30.28934478759765625000
                154.82997131347656250000                 30.31250000000000000000                 -0.04227884858846664429                 30.35477828979492187500
                170.82997131347656250000                 31.06250000000000000000                  0.68172889947891235352                 30.38077163696289062500
                186.82997131347656250000                 45.75000000000000000000                 15.38843441009521484375                 30.36156654357910156250
                202.82997131347656250000                 38.81250000000000000000                  8.51569366455078125000                 30.29680633544921875000
                218.82997131347656250000                 28.75000000000000000000                 -1.44144046306610107422                 30.19144058227539062500
                234.82997131347656250000                 27.62500000000000000000                 -2.42994689941406250000                 30.05494689941406250000
                250.82997131347656250000                 30.62500000000000000000                  0.72500360012054443359                 29.89999580383300781250
                266.82997131347656250000                 33.12500000000000000000                  3.38424873352050781250                 29.74075126647949218750
                282.82997131347656250000                 28.75000000000000000000                 -0.84104788303375244141                 29.59104728698730468750
                298.82997131347656250000                 29.06250000000000000000                 -0.40021750330924987793                 29.46271705627441406250
                314.82997131347656250000                 28.68750000000000000000                 -0.67676782608032226562                 29.36426734924316406250
                330.82997131347656250000                 28.50000000000000000000                 -0.80009061098098754883                 29.30009078979492187500
                346.82997131347656250000                 29.56250000000000000000                  0.29223051667213439941                 29.27026939392089843750
                362.82997131347656250000                 30.37500000000000000000                  1.10402548313140869141                 29.27097511291503906250
                378.82997131347656250000                 30.43750000000000000000                  1.14215755462646484375                 29.29534149169921875000
                394.82997131347656250000                 28.93750000000000000000                 -0.39717993140220642090                 29.33468055725097656250
                410.82997131347656250000                 30.87500000000000000000                  1.49520754814147949219                 29.37979316711425781250
                426.82997131347656250000                 29.25000000000000000000                 -0.17223986983299255371                 29.42223930358886718750
                442.82997131347656250000                 29.31250000000000000000                 -0.14285124838352203369                 29.45535087585449218750
                458.82997131347656250000                 29.87500000000000000000                  0.40011724829673767090                 29.47488212585449218750
                474.82997131347656250000                 24.62500000000000000000                 -4.85426759719848632812                 29.47926712036132812500
