35.2103626214685
35.2351655035054
35.2465607874413
35.248612979967
35.2443464592599
35.2352554457749
35.2210594182983
35.1997550784009
35.1679686779287
35.1215607632777
35.0563881358779
34.9690940184691
34.8577842421065
34.7224586643275
34.5651026802042
34.3893987898536
34.2000840519997
34.0020447104318
33.7992926177491
33.5939991972212
33.3857650210648
33.1712567905603
32.9444339474469
32.6970050740577
32.419692036113
32.1035346362069
31.7414316672574
31.3295786985584
30.8686135960698
30.3642989998361
29.827632491528
29.2743519867575
28.723884083935
28.1978547704265
27.7183350031944
27.3060215998241
26.9785541415929
26.7491429957328
26.625637514573
