-15.3978626214685
1.32733449649459
-0.371560787441346
-0.498612979966971
-0.181846459259873
-1.04775544577493
0.403940581701718
-0.699755078400891
4.33203132207127
-0.371560763277671
0.00611186412206166
-1.96909401846906
0.76721575789351
2.5275413356725
-1.44010268020421
5.11060121014636
1.36241594800031
0.372955289568196
-1.61179261774905
-0.468999197221223
43.8642349789352
69.9537432094397
7.93056605255308
2.99049492594234
-0.169692036112998
2.70896536379312
2.0085683327426
-1.01707869855839
0.193886403930168
-0.364298999836123
1.79736750847202
2.28814801324253
-1.59888408393499
-2.32285477042652
0.156664996805617
-0.931021599824113
1.02144585840707
-0.374142995732797
-2.37563751457303
