               -133.17002868652343750000                 19.81250000000000000000                -15.39786243438720703125                 35.21036148071289062500
               -117.17002868652343750000                 36.56250000000000000000                  1.32733452320098876953                 35.23516464233398437500
               -101.17002868652343750000                 34.87500000000000000000                 -0.37156078219413757324                 35.24655914306640625000
                -85.17002868652343750000                 34.75000000000000000000                 -0.49861297011375427246                 35.24861145019531250000
                -69.17002868652343750000                 35.06250000000000000000                 -0.18184645473957061768                 35.24434661865234375000
                -53.17002868652343750000                 34.18750000000000000000                 -1.04775547981262207031                 35.23525619506835937500
                -37.17002868652343750000                 35.62500000000000000000                  0.40394058823585510254                 35.22105789184570312500
                -21.17002868652343750000                 34.50000000000000000000                 -0.69975507259368896484                 35.19975662231445312500
                 -5.17002868652343750000                 39.50000000000000000000                  4.33203125000000000000                 35.16796875000000000000
                 10.82997131347656250000                 34.75000000000000000000                 -0.37156075239181518555                 35.12155914306640625000
                 26.82997131347656250000                 35.06250000000000000000                  0.00611186400055885315                 35.05638885498046875000
                 42.82997131347656250000                 33.00000000000000000000                 -1.96909403800964355469                 34.96909332275390625000
                 58.82997131347656250000                 35.62500000000000000000                  0.76721572875976562500                 34.85778427124023437500
                 74.82997131347656250000                 37.25000000000000000000                  2.52754139900207519531                 34.72245788574218750000
                 90.82997131347656250000                 33.12500000000000000000                 -1.44010269641876220703                 34.56510162353515625000
                106.82997131347656250000                 39.50000000000000000000                  5.11060142517089843750                 34.38940048217773437500
                122.82997131347656250000                 35.56250000000000000000                  1.36241590976715087891                 34.20008468627929687500
                138.82997131347656250000                 34.37500000000000000000                  0.37295529246330261230                 34.00204467773437500000
                154.82997131347656250000                 32.18750000000000000000                 -1.61179256439208984375                 33.79929351806640625000
                170.82997131347656250000                 33.12500000000000000000                 -0.46899920701980590820                 33.59399795532226562500
                186.82997131347656250000                 77.25000000000000000000                 43.86423492431640625000                 33.38576507568359375000
                202.82997131347656250000                103.12500000000000000000                 69.95374298095703125000                 33.17125701904296875000
                218.82997131347656250000                 40.87500000000000000000                  7.93056583404541015625                 32.94443511962890625000
                234.82997131347656250000                 35.68750000000000000000                  2.99049496650695800781                 32.69700622558593750000
                250.82997131347656250000                 32.25000000000000000000                 -0.16969203948974609375                 32.41969299316406250000
                266.82997131347656250000                 34.81250000000000000000                  2.70896530151367187500                 32.10353469848632812500
                282.82997131347656250000                 33.75000000000000000000                  2.00856828689575195312                 31.74143218994140625000
                298.82997131347656250000                 30.31250000000000000000                 -1.01707875728607177734                 31.32957839965820312500
                314.82997131347656250000                 31.06250000000000000000                  0.19388639926910400391                 30.86861419677734375000
                330.82997131347656250000                 30.00000000000000000000                 -0.36429899930953979492                 30.36429977416992187500
                346.82997131347656250000                 31.62500000000000000000                  1.79736745357513427734                 29.82763290405273437500
                362.82997131347656250000                 31.56250000000000000000                  2.28814792633056640625                 29.27435111999511718750
                378.82997131347656250000                 27.12500000000000000000                 -1.59888410568237304688                 28.72388458251953125000
                394.82997131347656250000                 25.87500000000000000000                 -2.32285475730895996094                 28.19785499572753906250
                410.82997131347656250000                 27.87500000000000000000                  0.15666499733924865723                 27.71833419799804687500
                426.82997131347656250000                 26.37500000000000000000                 -0.93102157115936279297                 27.30602073669433593750
                442.82997131347656250000                 28.00000000000000000000                  1.02144587039947509766                 26.97855377197265625000
                458.82997131347656250000                 26.37500000000000000000                 -0.37414300441741943359                 26.74914360046386718750
                474.82997131347656250000                 24.25000000000000000000                 -2.37563753128051757812                 26.62563705444335937500
