-2.63429197032417
0.128153645231091
0.0248878029950728
-0.572773113387854
-0.356749412709886
0.418071468087845
0.184175719104396
-0.000691352524802902
-0.890629634389607
0.88628232939978
-0.109215100513032
-0.314869470784133
-0.416853551676305
-0.974845987059496
-0.234752253233775
0.120953502894332
0.285299883230305
-0.0486520842277383
0.436729320816379
0.245742570878
37.9440483955374
50.6585882005459
2.20207409983773
-0.925964475026269
0.335083363984837
-0.392325101257912
-0.0486520577063674
-0.324454428126249
-0.222600441939864
0.0669450355130872
-0.20774852555391
0.4519682151858
0.295294634846302
-0.303106234959385
0.344272885166026
0.425155066790045
-0.247637638343642
-0.0487746141872663
0.0220268315687786
