               -133.17002868652343750000                  1.81250000000000000000                 -2.63429188728332519531                  4.44679212570190429688
               -117.17002868652343750000                  4.50000000000000000000                  0.12815365195274353027                  4.37184619903564453125
               -101.17002868652343750000                  4.31250000000000000000                  0.02488780207931995392                  4.28761196136474609375
                -85.17002868652343750000                  3.62500000000000000000                 -0.57277309894561767578                  4.19777297973632812500
                -69.17002868652343750000                  3.75000000000000000000                 -0.35674941539764404297                  4.10674953460693359375
                -53.17002868652343750000                  4.43750000000000000000                  0.41807147860527038574                  4.01942873001098632812
                -37.17002868652343750000                  4.12500000000000000000                  0.18417571485042572021                  3.94082427024841308594
                -21.17002868652343750000                  3.87500000000000000000                 -0.00069135252851992846                  3.87569141387939453125
                 -5.17002868652343750000                  2.93750000000000000000                 -0.89062964916229248047                  3.82812952995300292969
                 10.82997131347656250000                  4.68750000000000000000                  0.88628232479095458984                  3.80121755599975585938
                 26.82997131347656250000                  3.68750000000000000000                 -0.10921510308980941772                  3.79671502113342285156
                 42.82997131347656250000                  3.50000000000000000000                 -0.31486946344375610352                  3.81486940383911132812
                 58.82997131347656250000                  3.43750000000000000000                 -0.41685354709625244141                  3.85435366630554199219
                 74.82997131347656250000                  2.93750000000000000000                 -0.97484600543975830078                  3.91234588623046875000
                 90.82997131347656250000                  3.75000000000000000000                 -0.23475225269794464111                  3.98475217819213867188
                106.82997131347656250000                  4.18750000000000000000                  0.12095350027084350586                  4.06654644012451171875
                122.82997131347656250000                  4.43750000000000000000                  0.28529989719390869141                  4.15220022201538085938
                138.82997131347656250000                  4.18750000000000000000                 -0.04865208268165588379                  4.23615217208862304688
                154.82997131347656250000                  4.75000000000000000000                  0.43672931194305419922                  4.31327056884765625000
                170.82997131347656250000                  4.62500000000000000000                  0.24574257433414459229                  4.37925720214843750000
                186.82997131347656250000                 42.37500000000000000000                 37.94404983520507812500                  4.43095159530639648438
                202.82997131347656250000                 55.12500000000000000000                 50.65858840942382812500                  4.46641159057617187500
                218.82997131347656250000                  6.68750000000000000000                  2.20207405090332031250                  4.48542594909667968750
                234.82997131347656250000                  3.56250000000000000000                 -0.92596447467803955078                  4.48846435546875000000
                250.82997131347656250000                  4.81250000000000000000                  0.33508336544036865234                  4.47741651535034179688
                266.82997131347656250000                  4.06250000000000000000                 -0.39232510328292846680                  4.45482492446899414062
                282.82997131347656250000                  4.37500000000000000000                 -0.04865205660462379456                  4.42365217208862304688
                298.82997131347656250000                  4.06250000000000000000                 -0.32445442676544189453                  4.38695430755615234375
                314.82997131347656250000                  4.12500000000000000000                 -0.22260044515132904053                  4.34760046005249023438
                330.82997131347656250000                  4.37500000000000000000                  0.06694503873586654663                  4.30805492401123046875
                346.82997131347656250000                  4.06250000000000000000                 -0.20774853229522705078                  4.27024841308593750000
                362.82997131347656250000                  4.68750000000000000000                  0.45196822285652160645                  4.23553180694580078125
                378.82997131347656250000                  4.50000000000000000000                  0.29529464244842529297                  4.20470523834228515625
                394.82997131347656250000                  3.87500000000000000000                 -0.30310624837875366211                  4.17810630798339843750
                410.82997131347656250000                  4.50000000000000000000                  0.34427288174629211426                  4.15572690963745117188
                426.82997131347656250000                  4.56250000000000000000                  0.42515507340431213379                  4.13734483718872070312
                442.82997131347656250000                  3.87500000000000000000                 -0.24763764441013336182                  4.12263774871826171875
                458.82997131347656250000                  4.06250000000000000000                 -0.04877461493015289307                  4.11127471923828125000
                474.82997131347656250000                  4.12500000000000000000                  0.02202683128416538239                  4.10297298431396484375
