3.39005071086378
3.4917865759146
3.5750845773278
3.63468637150763
3.66886941087945
3.68006051316533
3.67492690861957
3.663863271595
3.65987675412433
3.6769661466111
3.72818111683467
3.82361699354287
3.96863550457158
4.16259270749348
4.39829958492805
4.66234418466431
4.93628041055875
5.19855713745273
5.4269442947324
5.60113046353261
5.70513435726953
5.72919671756215
5.67089606533499
5.53534835886032
5.33448689374515
5.08555156057936
4.80902396574669
4.52631037807116
4.25748964844448
4.0194091224987
3.82433759517431
3.67928610840758
3.58600313664003
3.54155779664348
3.53935654577421
3.57040287059727
3.62460671195184
3.69197608939055
3.76356884107733
