0.965943398384265
0.96881623422306
0.970705470928515
0.97138108119479
0.970892281615917
0.969606110492604
0.968203526189693
0.967627991474719
0.968988481275274
0.973426327707505
0.981962032651784
0.995342870722198
1.01391375648
1.03753190901824
1.06554038005352
1.09680723626175
1.12982738149827
1.1628742989056
1.19418107309643
1.22212534236522
1.24539221021534
1.26309276798197
1.27482313018368
1.28065848514396
1.28108691933679
1.2768968931136
1.26903868136118
1.25848283119032
1.24609742464466
1.23256110259469
1.21832146672998
1.20360008327205
1.18843741423021
1.17276494737184
1.15648849159856
1.13956638109584
1.12206893181831
1.10421017397556
1.08634860160167
