               -133.17002868652343750000                  0.50000000000000000000                 -0.46594339609146118164                  0.96594339609146118164
               -117.17002868652343750000                  0.93750000000000000000                 -0.03131623566150665283                  0.96881622076034545898
               -101.17002868652343750000                  1.25000000000000000000                  0.27929452061653137207                  0.97070544958114624023
                -85.17002868652343750000                  0.81250000000000000000                 -0.15888108313083648682                  0.97138106822967529297
                -69.17002868652343750000                  1.18750000000000000000                  0.21660771965980529785                  0.97089231014251708984
                -53.17002868652343750000                  1.25000000000000000000                  0.28039389848709106445                  0.96960610151290893555
                -37.17002868652343750000                  0.56250000000000000000                 -0.40570351481437683105                  0.96820354461669921875
                -21.17002868652343750000                  1.12500000000000000000                  0.15737201273441314697                  0.96762800216674804688
                 -5.17002868652343750000                  0.93750000000000000000                 -0.03148848190903663635                  0.96898847818374633789
                 10.82997131347656250000                  1.06250000000000000000                  0.08907367289066314697                  0.97342634201049804688
                 26.82997131347656250000                  0.87500000000000000000                 -0.10696203261613845825                  0.98196202516555786133
                 42.82997131347656250000                  1.18750000000000000000                  0.19215713441371917725                  0.99534285068511962891
                 58.82997131347656250000                  0.75000000000000000000                 -0.26391375064849853516                  1.01391375064849853516
                 74.82997131347656250000                  0.62500000000000000000                 -0.41253191232681274414                  1.03753185272216796875
                 90.82997131347656250000                  1.00000000000000000000                 -0.06554038077592849731                  1.06554043292999267578
                106.82997131347656250000                  1.06250000000000000000                 -0.03430723771452903748                  1.09680724143981933594
                122.82997131347656250000                  1.25000000000000000000                  0.12017261981964111328                  1.12982738018035888672
                138.82997131347656250000                  0.87500000000000000000                 -0.28787431120872497559                  1.16287434101104736328
                154.82997131347656250000                  1.25000000000000000000                  0.05581892654299736023                  1.19418108463287353516
                170.82997131347656250000                  1.31250000000000000000                  0.09037465602159500122                  1.22212529182434082031
                186.82997131347656250000                  1.93750000000000000000                  0.69210779666900634766                  1.24539220333099365234
                202.82997131347656250000                  1.43750000000000000000                  0.17440722882747650146                  1.26309275627136230469
                218.82997131347656250000                  1.56250000000000000000                  0.28767687082290649414                  1.27482318878173828125
                234.82997131347656250000                  0.62500000000000000000                 -0.65565848350524902344                  1.28065848350524902344
                250.82997131347656250000                  1.31250000000000000000                  0.03141308203339576721                  1.28108692169189453125
                266.82997131347656250000                  1.06250000000000000000                 -0.21439689397811889648                  1.27689683437347412109
                282.82997131347656250000                  1.18750000000000000000                 -0.08153868466615676880                  1.26903867721557617188
                298.82997131347656250000                  1.43750000000000000000                  0.17901717126369476318                  1.25848281383514404297
                314.82997131347656250000                  0.75000000000000000000                 -0.49609741568565368652                  1.24609744548797607422
                330.82997131347656250000                  0.93750000000000000000                 -0.29506111145019531250                  1.23256111145019531250
                346.82997131347656250000                  1.43750000000000000000                  0.21917852759361267090                  1.21832144260406494141
                362.82997131347656250000                  1.50000000000000000000                  0.29639992117881774902                  1.20360004901885986328
                378.82997131347656250000                  1.06250000000000000000                 -0.12593741714954376221                  1.18843746185302734375
                394.82997131347656250000                  1.50000000000000000000                  0.32723504304885864258                  1.17276489734649658203
                410.82997131347656250000                  1.12500000000000000000                 -0.03148849308490753174                  1.15648853778839111328
                426.82997131347656250000                  1.37500000000000000000                  0.23543362319469451904                  1.13956642150878906250
                442.82997131347656250000                  1.25000000000000000000                  0.12793107330799102783                  1.12206888198852539062
                458.82997131347656250000                  0.68750000000000000000                 -0.41671016812324523926                  1.10421013832092285156
                474.82997131347656250000                  0.81250000000000000000                 -0.27384859323501586914                  1.08634865283966064453
