29.2786305491185
29.5190547929409
29.7699217559989
30.0248708060623
30.2766513227434
30.517411784003
30.739047601781
30.9335853438972
31.093576309194
31.212470095777
31.2849392398083
31.307129347472
31.2768152277446
31.193451880256
31.0581190417035
30.8733683620602
30.6429920395458
30.3717397212105
30.0650155895259
29.7285889501872
29.3683488391772
28.9901232302507
28.5995968926843
28.2022655176263
27.8035179632429
27.4087174661574
27.0233119253654
26.6529165411579
26.3033388387248
25.9805217349412
25.6903935539137
25.4386297230904
25.2303466909379
25.0697617228963
24.9598603990468
24.9021154477643
24.8962957071187
24.9403933602574
25.0306829522977
