-13.8411305491185
0.855945207059111
0.480078244001056
-3.14987080606225
-1.46415132274335
1.10758821599702
-0.301547601781039
-0.308585343897217
3.59392369080597
-1.46247009577696
1.59006076019167
-1.05712934747205
1.28568477225535
1.61904811974395
-0.93311904170347
-0.310868362060223
1.91950796045419
-0.871739721210464
0.309984410474105
-0.103588950187216
55.5691511608228
86.5098767697493
10.7129031073157
0.110234482373734
-0.366017963242875
0.341282533842627
0.101688074634591
-1.59041654115792
1.4466611612752
1.08197826505876
0.309606446086342
-0.688629723090393
-1.79284669093794
-0.194761722896331
0.165139600953172
-1.96461544776431
0.978704292881336
0.309606639742569
-5.34318295229767
