1.1686897583172
1.16707404802106
1.16472687386497
1.1618568056649
1.15889184468098
1.1564586692467
1.15532790864757
1.15632915615382
1.16024480226117
1.16769622789828
1.17903856107941
1.19428042903267
1.21304267801632
1.23456509745275
1.25776344555912
1.28133156565118
1.30387633339147
1.32406778925838
1.34078404664651
1.35323095638536
1.361020050406
1.36419443312169
1.36320003736233
1.35880773374682
1.35199885120404
1.34383159416922
1.33530788076689
1.32725904320455
1.32026493614713
1.3146150685011
1.3103134954596
1.30712256695301
1.30463529351777
1.30236282703603
1.29982271109795
1.29661503780626
1.29247697023303
1.28731050428429
1.28118300036506
