-0.543689758317204
0.0204259519789411
0.0227731261350308
0.0256431943351043
0.278608155319022
0.218541330753299
-0.0303279086475658
-0.0313291561538156
0.652255197738826
-0.417696227898284
-0.116538561079408
-0.00678042903267051
-0.0255426780163219
-0.172065097452752
0.0547365544408795
-0.0313315656511832
0.0086236666085322
0.488432210741616
-0.278284046646508
0.209269043614643
0.701479949594001
0.385805566878314
-0.363200037362328
0.203692266253175
-0.601998851204036
-0.031331594169224
-0.585307880766894
-0.0772590432045537
0.429735063852868
-0.00211506850110399
-0.122813495459596
0.13037743304699
0.0078647064822257
0.385137172963968
0.200177288902049
-0.171615037806262
-0.0424769702330252
0.212689495715708
-0.0311830003650582
