               -133.17002868652343750000                  0.62500000000000000000                 -0.54368978738784790039                  1.16868972778320312500
               -117.17002868652343750000                  1.18750000000000000000                  0.02042595110833644867                  1.16707408428192138672
               -101.17002868652343750000                  1.18750000000000000000                  0.02277312614023685455                  1.16472685337066650391
                -85.17002868652343750000                  1.18750000000000000000                  0.02564319409430027008                  1.16185677051544189453
                -69.17002868652343750000                  1.43750000000000000000                  0.27860814332962036133                  1.15889179706573486328
                -53.17002868652343750000                  1.37500000000000000000                  0.21854132413864135742                  1.15645861625671386719
                -37.17002868652343750000                  1.12500000000000000000                 -0.03032790869474411011                  1.15532791614532470703
                -21.17002868652343750000                  1.12500000000000000000                 -0.03132915496826171875                  1.15632915496826171875
                 -5.17002868652343750000                  1.81250000000000000000                  0.65225517749786376953                  1.16024482250213623047
                 10.82997131347656250000                  0.75000000000000000000                 -0.41769623756408691406                  1.16769623756408691406
                 26.82997131347656250000                  1.06250000000000000000                 -0.11653856188058853149                  1.17903852462768554688
                 42.82997131347656250000                  1.18750000000000000000                 -0.00678042881190776825                  1.19428038597106933594
                 58.82997131347656250000                  1.18750000000000000000                 -0.02554267831146717072                  1.21304273605346679688
                 74.82997131347656250000                  1.06250000000000000000                 -0.17206509411334991455                  1.23456513881683349609
                 90.82997131347656250000                  1.31250000000000000000                  0.05473655462265014648                  1.25776350498199462891
                106.82997131347656250000                  1.25000000000000000000                 -0.03133156523108482361                  1.28133153915405273438
                122.82997131347656250000                  1.31250000000000000000                  0.00862366706132888794                  1.30387628078460693359
                138.82997131347656250000                  1.81250000000000000000                  0.48843219876289367676                  1.32406783103942871094
                154.82997131347656250000                  1.06250000000000000000                 -0.27828404307365417480                  1.34078407287597656250
                170.82997131347656250000                  1.56250000000000000000                  0.20926904678344726562                  1.35323095321655273438
                186.82997131347656250000                  2.06250000000000000000                  0.70147997140884399414                  1.36102008819580078125
                202.82997131347656250000                  1.75000000000000000000                  0.38580557703971862793                  1.36419439315795898438
                218.82997131347656250000                  1.00000000000000000000                 -0.36320003867149353027                  1.36320006847381591797
                234.82997131347656250000                  1.56250000000000000000                  0.20369227230548858643                  1.35880768299102783203
                250.82997131347656250000                  0.75000000000000000000                 -0.60199886560440063477                  1.35199880599975585938
                266.82997131347656250000                  1.31250000000000000000                 -0.03133159503340721130                  1.34383153915405273438
                282.82997131347656250000                  0.75000000000000000000                 -0.58530789613723754883                  1.33530783653259277344
                298.82997131347656250000                  1.25000000000000000000                 -0.07725904136896133423                  1.32725906372070312500
                314.82997131347656250000                  1.75000000000000000000                  0.42973506450653076172                  1.32026493549346923828
                330.82997131347656250000                  1.31250000000000000000                 -0.00211506849154829979                  1.31461501121520996094
                346.82997131347656250000                  1.18750000000000000000                 -0.12281349301338195801                  1.31031346321105957031
                362.82997131347656250000                  1.43750000000000000000                  0.13037742674350738525                  1.30712258815765380859
                378.82997131347656250000                  1.31250000000000000000                  0.00786470621824264526                  1.30463528633117675781
                394.82997131347656250000                  1.68750000000000000000                  0.38513717055320739746                  1.30236279964447021484
                410.82997131347656250000                  1.50000000000000000000                  0.20017728209495544434                  1.29982268810272216797
                426.82997131347656250000                  1.12500000000000000000                 -0.17161503434181213379                  1.29661500453948974609
                442.82997131347656250000                  1.25000000000000000000                 -0.04247697070240974426                  1.29247701168060302734
                458.82997131347656250000                  1.50000000000000000000                  0.21268948912620544434                  1.28731048107147216797
                474.82997131347656250000                  1.25000000000000000000                 -0.03118300065398216248                  1.28118300437927246094
