               -133.17002868652343750000                  1.06250000000000000000                  0.03214949369430541992                  1.03035044670104980469
               -117.17002868652343750000                  1.18750000000000000000                  0.18093173205852508545                  1.00656831264495849609
               -101.17002868652343750000                  0.93750000000000000000                 -0.04506975039839744568                  0.98256975412368774414
                -85.17002868652343750000                  1.06250000000000000000                  0.10273192822933197021                  0.95976805686950683594
                -69.17002868652343750000                  0.75000000000000000000                 -0.18959738314151763916                  0.93959736824035644531
                -53.17002868652343750000                  0.56250000000000000000                 -0.36090454459190368652                  0.92340451478958129883
                -37.17002868652343750000                  1.18750000000000000000                  0.27515718340873718262                  0.91234284639358520508
                -21.17002868652343750000                  0.87500000000000000000                 -0.03227714821696281433                  0.90727716684341430664
                 -5.17002868652343750000                  0.62500000000000000000                 -0.28370931744575500488                  0.90870934724807739258
                 10.82997131347656250000                  1.12500000000000000000                  0.20827032625675201416                  0.91672968864440917969
                 26.82997131347656250000                  0.62500000000000000000                 -0.30599892139434814453                  0.93099892139434814453
                 42.82997131347656250000                  1.06250000000000000000                  0.11173870414495468140                  0.95076131820678710938
                 58.82997131347656250000                  0.87500000000000000000                 -0.09988766163587570190                  0.97488766908645629883
                 74.82997131347656250000                  1.18750000000000000000                  0.18555486202239990234                  1.00194513797760009766
                 90.82997131347656250000                  1.06250000000000000000                  0.03221188113093376160                  1.03028810024261474609
                106.82997131347656250000                  1.06250000000000000000                  0.00433549424633383751                  1.05816447734832763672
                122.82997131347656250000                  0.87500000000000000000                 -0.20883043110370635986                  1.08383047580718994141
                138.82997131347656250000                  1.37500000000000000000                  0.26933389902114868164                  1.10566604137420654297
                154.82997131347656250000                  0.87500000000000000000                 -0.24728523194789886475                  1.12228524684906005859
                170.82997131347656250000                  1.12500000000000000000                 -0.00763081759214401245                  1.13263082504272460938
                186.82997131347656250000                  2.12500000000000000000                  0.98895019292831420898                  1.13604986667633056641
                202.82997131347656250000                  1.62500000000000000000                  0.49265944957733154297                  1.13234055042266845703
                218.82997131347656250000                  1.06250000000000000000                 -0.05926741287112236023                  1.12176740169525146484
                234.82997131347656250000                  0.87500000000000000000                 -0.23004086315631866455                  1.10504090785980224609
                250.82997131347656250000                  1.12500000000000000000                  0.04173833876848220825                  1.08326160907745361328
                266.82997131347656250000                  1.68750000000000000000                  0.62966650724411010742                  1.05783355236053466797
                282.82997131347656250000                  1.06250000000000000000                  0.03214950859546661377                  1.03035044670104980469
                298.82997131347656250000                  0.87500000000000000000                 -0.12746959924697875977                  1.00246965885162353516
                314.82997131347656250000                  1.62500000000000000000                  0.64922004938125610352                  0.97577995061874389648
                330.82997131347656250000                  0.81250000000000000000                 -0.13918192684650421143                  0.95168191194534301758
                346.82997131347656250000                  0.87500000000000000000                 -0.05628845468163490295                  0.93128848075866699219
                362.82997131347656250000                  0.87500000000000000000                 -0.04035738483071327209                  0.91535741090774536133
                378.82997131347656250000                  0.81250000000000000000                 -0.09176144003868103027                  0.90426146984100341797
                394.82997131347656250000                  1.12500000000000000000                  0.22700349986553192139                  0.89799648523330688477
                410.82997131347656250000                  1.25000000000000000000                  0.35377502441406250000                  0.89622497558593750000
                426.82997131347656250000                  1.06250000000000000000                  0.16415356099605560303                  0.89834642410278320312
                442.82997131347656250000                  0.75000000000000000000                 -0.15358568727970123291                  0.90358567237854003906
                458.82997131347656250000                  1.18750000000000000000                  0.27641418576240539551                  0.91108578443527221680
                474.82997131347656250000                  0.50000000000000000000                 -0.41999602317810058594                  0.91999602317810058594
