               -133.17002868652343750000                  7.12500000000000000000
               -117.17002868652343750000                 11.25000000000000000000
               -101.17002868652343750000                  9.25000000000000000000
                -85.17002868652343750000                 12.25000000000000000000
                -69.17002868652343750000                 10.75000000000000000000
                -53.17002868652343750000                  8.93750000000000000000
                -37.17002868652343750000                  9.18750000000000000000
                -21.17002868652343750000                 10.43750000000000000000
                 -5.17002868652343750000                 11.75000000000000000000
                 10.82997131347656250000                 11.37500000000000000000
                 26.82997131347656250000                 11.68750000000000000000
                 42.82997131347656250000                 10.25000000000000000000
                 58.82997131347656250000                 10.43750000000000000000
                 74.82997131347656250000                 10.87500000000000000000
                 90.82997131347656250000                 10.06250000000000000000
                106.82997131347656250000                  9.43750000000000000000
                122.82997131347656250000                 11.50000000000000000000
                138.82997131347656250000                 10.87500000000000000000
                154.82997131347656250000                 10.31250000000000000000
                170.82997131347656250000                  9.62500000000000000000
                186.82997131347656250000                 65.12500000000000000000
                202.82997131347656250000                 85.18750000000000000000
                218.82997131347656250000                 18.87500000000000000000
                234.82997131347656250000                 11.43750000000000000000
                250.82997131347656250000                 10.68750000000000000000
                266.82997131347656250000                 10.00000000000000000000
                282.82997131347656250000                 10.81250000000000000000
                298.82997131347656250000                 10.06250000000000000000
                314.82997131347656250000                 10.75000000000000000000
                330.82997131347656250000                  9.18750000000000000000
                346.82997131347656250000                  9.56250000000000000000
                362.82997131347656250000                  9.93750000000000000000
                378.82997131347656250000                  7.93750000000000000000
                394.82997131347656250000                 10.68750000000000000000
                410.82997131347656250000                  9.00000000000000000000
                426.82997131347656250000                 10.18750000000000000000
                442.82997131347656250000                  9.25000000000000000000
                458.82997131347656250000                 10.25000000000000000000
                474.82997131347656250000                  7.56250000000000000000
