-0.315315085745164
-0.126621358148554
-0.119415526417712
0.400480990549668
-0.498961121678081
0.560946299207146
-0.168277623490755
-0.249924396366489
0.438032662797469
-0.171673202918304
-0.772500919262859
0.191636297684419
-0.535349640971072
0.353999193909208
-0.206241513693489
-0.155024203036531
-0.116730210617638
-0.651327545374877
-0.00475400694672556
-0.171966504709726
12.6649202174444
14.6359883089415
-0.317057519298141
-0.316330861065384
-0.360530007346473
-0.137513326790425
-0.274190982783736
-0.211260687036218
0.547170037127084
-0.315975573307584
-0.0552923112026673
-0.112478980342059
-0.241000378644651
-0.443351979159755
-0.0334404259175229
0.050920517652314
0.560410935360572
-0.315975561849751
0.298834454164016
