1.56531508574516
1.68912135814855
1.80691552641771
1.91201900945033
1.99896112167808
2.06405370079285
2.10577762349076
2.12492439636649
2.12446733720253
2.1091732029183
2.08500091926286
2.05836370231558
2.03534964097107
2.02100080609079
2.01874151369349
2.03002420303653
2.05423021061764
2.08882754537488
2.12975400694673
2.17196650470973
2.21007978255562
2.23901169105849
2.25455751929814
2.25383086106538
2.23553000734647
2.20001332679042
2.14919098278374
2.08626068703622
2.01532996287292
1.94097557330758
1.86779231120267
1.79997898034206
1.74100037864465
1.69335197915975
1.65844042591752
1.63657948234769
1.62708906463943
1.62847556184975
1.63866554583598
