-33.0807913957608
3.18471324677182
3.0385549388112
1.60977692787684
0.635818239499642
3.83167607226778
1.19880849587092
-2.97560955068145
-1.74131869129435
0.895341893943865
-0.0208846668427043
-2.69757218394086
-1.21026619252298
-0.619130177819656
2.16230853522362
-3.19199364303749
-3.79553248920725
1.44763712622209
-0.537796250289986
0.244259221525823
125.66596935088
147.40591937532
0.443616263858019
-3.19370706585403
-2.86926747150375
0.414894084541714
-4.60374648159591
1.7435389441913
-2.56402784031249
-1.92076998823788
-0.967420877997867
-0.965540836445854
-2.42337462436772
1.58974427224128
3.19101675179685
0.74445353963128
-1.70314970112275
3.20233018554922
-7.56441589404326
