               -133.17002868652343750000                 46.37500000000000000000                -33.08079147338867187500                 79.45578765869140625000
               -117.17002868652343750000                 83.87500000000000000000                  3.18471336364746093750                 80.69028472900390625000
               -101.17002868652343750000                 84.81250000000000000000                  3.03855490684509277344                 81.77394866943359375000
                -85.17002868652343750000                 84.25000000000000000000                  1.60977697372436523438                 82.64022064208984375000
                -69.17002868652343750000                 83.87500000000000000000                  0.63581824302673339844                 83.23918151855468750000
                -53.17002868652343750000                 87.37500000000000000000                  3.83167600631713867188                 83.54332733154296875000
                -37.17002868652343750000                 84.75000000000000000000                  1.19880855083465576172                 83.55119323730468750000
                -21.17002868652343750000                 80.31250000000000000000                 -2.97560954093933105469                 83.28810882568359375000
                 -5.17002868652343750000                 81.06250000000000000000                 -1.74131870269775390625                 82.80381774902343750000
                 10.82997131347656250000                 83.06250000000000000000                  0.89534187316894531250                 82.16716003417968750000
                 26.82997131347656250000                 81.43750000000000000000                 -0.02088466659188270569                 81.45838165283203125000
                 42.82997131347656250000                 78.06250000000000000000                 -2.69757223129272460938                 80.76007080078125000000
                 58.82997131347656250000                 78.93750000000000000000                 -1.21026623249053955078                 80.14776611328125000000
                 74.82997131347656250000                 79.06250000000000000000                 -0.61913019418716430664                 79.68163299560546875000
                 90.82997131347656250000                 81.56250000000000000000                  2.16230845451354980469                 79.40019226074218750000
                106.82997131347656250000                 76.12500000000000000000                 -3.19199371337890625000                 79.31699371337890625000
                122.82997131347656250000                 75.62500000000000000000                 -3.79553246498107910156                 79.42053222656250000000
                138.82997131347656250000                 81.12500000000000000000                  1.44763708114624023438                 79.67736053466796875000
                154.82997131347656250000                 79.50000000000000000000                 -0.53779625892639160156                 80.03779602050781250000
                170.82997131347656250000                 80.68750000000000000000                  0.24425922334194183350                 80.44323730468750000000
                186.82997131347656250000                206.50000000000000000000                125.66596984863281250000                 80.83403015136718750000
                202.82997131347656250000                228.56250000000000000000                147.40591430664062500000                 81.15657806396484375000
                218.82997131347656250000                 81.81250000000000000000                  0.44361627101898193359                 81.36888122558593750000
                234.82997131347656250000                 78.25000000000000000000                 -3.19370698928833007812                 81.44371032714843750000
                250.82997131347656250000                 78.50000000000000000000                 -2.86926746368408203125                 81.36927032470703125000
                266.82997131347656250000                 81.56250000000000000000                  0.41489407420158386230                 81.14760589599609375000
                282.82997131347656250000                 76.18750000000000000000                 -4.60374641418457031250                 80.79124450683593750000
                298.82997131347656250000                 82.06250000000000000000                  1.74353897571563720703                 80.31896209716796875000
                314.82997131347656250000                 77.18750000000000000000                 -2.56402778625488281250                 79.75152587890625000000
                330.82997131347656250000                 77.18750000000000000000                 -1.92076992988586425781                 79.10826873779296875000
                346.82997131347656250000                 77.43750000000000000000                 -0.96742087602615356445                 78.40492248535156250000
                362.82997131347656250000                 76.68750000000000000000                 -0.96554082632064819336                 77.65303802490234375000
                378.82997131347656250000                 74.43750000000000000000                 -2.42337465286254882812                 76.86087799072265625000
                394.82997131347656250000                 77.62500000000000000000                  1.58974432945251464844                 76.03525543212890625000
                410.82997131347656250000                 78.37500000000000000000                  3.19101667404174804688                 75.18398284912109375000
                426.82997131347656250000                 75.06250000000000000000                  0.74445354938507080078                 74.31804656982421875000
                442.82997131347656250000                 71.75000000000000000000                 -1.70314967632293701172                 73.45314788818359375000
                458.82997131347656250000                 75.81250000000000000000                  3.20233011245727539062                 72.61016845703125000000
                474.82997131347656250000                 64.25000000000000000000                 -7.56441593170166015625                 71.81441497802734375000
