-2.8966327432466
-0.995994238941622
1.27252279843792
0.538048613886259
0.242435594376351
-0.360075145453015
-0.328190590857101
-0.471371171028553
2.64992861578243
0.349111646923323
0.125899504050176
1.54140945785117
-0.0316600997386161
-0.283755155879691
0.0943683857020226
0.0995039981058792
0.103841845252726
-0.519730062116375
-0.272398790710342
0.220707312582489
74.9605497650359
109.886657008964
11.7517178569325
-0.128178627367223
0.125672293763239
-1.10800350358802
-0.513352943205915
0.162275103616519
-0.579457187530707
1.51190264203608
1.18546369215406
0.126460819410916
-0.418665271714341
0.982921923686105
0.263242916903076
-0.583633379204237
-0.126180083969507
0.00500537121670419
-0.319911810321388
