               -133.17002868652343750000                  6.06250000000000000000                 -2.89663267135620117188                  8.95913314819335937500
               -117.17002868652343750000                  8.06250000000000000000                 -0.99599421024322509766                  9.05849456787109375000
               -101.17002868652343750000                 10.43750000000000000000                  1.27252280712127685547                  9.16497707366943359375
                -85.17002868652343750000                  9.81250000000000000000                  0.53804862499237060547                  9.27445125579833984375
                -69.17002868652343750000                  9.62500000000000000000                  0.24243558943271636963                  9.38256454467773437500
                -53.17002868652343750000                  9.12500000000000000000                 -0.36007514595985412598                  9.48507499694824218750
                -37.17002868652343750000                  9.25000000000000000000                 -0.32819059491157531738                  9.57819080352783203125
                -21.17002868652343750000                  9.18750000000000000000                 -0.47137117385864257812                  9.65887069702148437500
                 -5.17002868652343750000                 12.37500000000000000000                  2.64992856979370117188                  9.72507095336914062500
                 10.82997131347656250000                 10.12500000000000000000                  0.34911164641380310059                  9.77588844299316406250
                 26.82997131347656250000                  9.93750000000000000000                  0.12589950859546661377                  9.81160068511962890625
                 42.82997131347656250000                 11.37500000000000000000                  1.54140949249267578125                  9.83359050750732421875
                 58.82997131347656250000                  9.81250000000000000000                 -0.03166009858250617981                  9.84416007995605468750
                 74.82997131347656250000                  9.56250000000000000000                 -0.28375515341758728027                  9.84625530242919921875
                 90.82997131347656250000                  9.93750000000000000000                  0.09436838328838348389                  9.84313201904296875000
                106.82997131347656250000                  9.93750000000000000000                  0.09950400143861770630                  9.83799552917480468750
                122.82997131347656250000                  9.93750000000000000000                  0.10384184867143630981                  9.83365821838378906250
                138.82997131347656250000                  9.31250000000000000000                 -0.51973009109497070312                  9.83222961425781250000
                154.82997131347656250000                  9.56250000000000000000                 -0.27239879965782165527                  9.83489894866943359375
                170.82997131347656250000                 10.06250000000000000000                  0.22070731222629547119                  9.84179306030273437500
                186.82997131347656250000                 84.81250000000000000000                 74.96054840087890625000                  9.85195064544677734375
                202.82997131347656250000                119.75000000000000000000                109.88665771484375000000                  9.86334323883056640625
                218.82997131347656250000                 21.62500000000000000000                 11.75171756744384765625                  9.87328243255615234375
                234.82997131347656250000                  9.75000000000000000000                 -0.12817862629890441895                  9.87817859649658203125
                250.82997131347656250000                 10.00000000000000000000                  0.12567229568958282471                  9.87432765960693359375
                266.82997131347656250000                  8.75000000000000000000                 -1.10800349712371826172                  9.85800361633300781250
                282.82997131347656250000                  9.31250000000000000000                 -0.51335293054580688477                  9.82585334777832031250
                298.82997131347656250000                  9.93750000000000000000                  0.16227510571479797363                  9.77522468566894531250
                314.82997131347656250000                  9.12500000000000000000                 -0.57945716381072998047                  9.70445728302001953125
                330.82997131347656250000                 11.12500000000000000000                  1.51190268993377685547                  9.61309719085693359375
                346.82997131347656250000                 10.68750000000000000000                  1.18546366691589355469                  9.50203609466552734375
                362.82997131347656250000                  9.50000000000000000000                  0.12646082043647766113                  9.37353897094726562500
                378.82997131347656250000                  8.81250000000000000000                 -0.41866526007652282715                  9.23116493225097656250
                394.82997131347656250000                 10.06250000000000000000                  0.98292189836502075195                  9.07957839965820312500
                410.82997131347656250000                  9.18750000000000000000                  0.26324293017387390137                  8.92425727844238281250
                426.82997131347656250000                  8.18750000000000000000                 -0.58363336324691772461                  8.77113342285156250000
                442.82997131347656250000                  8.50000000000000000000                 -0.12618008255958557129                  8.62617969512939453125
                458.82997131347656250000                  8.50000000000000000000                  0.00500537129119038582                  8.49499416351318359375
                474.82997131347656250000                  8.06250000000000000000                 -0.31991180777549743652                  8.38241195678710937500
