8.18302808545479
8.54607000758879
8.91196349266523
9.25945656261748
9.56965832978327
9.82837201287316
10.0279899367414
10.1686295122581
10.2582690949344
10.3117721085792
10.3488506042457
10.3911909816107
10.4591158676071
10.5682586357387
10.7267584547178
10.9334329233199
11.1772554485865
11.4382735585986
11.6898826439246
11.9021546569816
12.0457506957283
12.095850644444
12.0355293951893
11.8580981379577
11.5680944180264
11.1808161802069
10.7205153719077
10.2175582411397
9.7049916505192
9.21500938391477
8.77578644268659
8.40905407213423
8.12864614761971
7.94008680154812
7.84113794725614
7.82310659434325
7.8726397814113
7.97371376901647
8.10954879285197
