               -133.17002868652343750000                 11.62500000000000000000                 -6.45552778244018554688                 18.08052825927734375000
               -117.17002868652343750000                 18.12500000000000000000                 -0.06896626204252243042                 18.19396591186523437500
               -101.17002868652343750000                 18.50000000000000000000                  0.20236191153526306152                 18.29763793945312500000
                -85.17002868652343750000                 19.43750000000000000000                  1.05058598518371582031                 18.38691329956054687500
                -69.17002868652343750000                 17.62500000000000000000                 -0.83289891481399536133                 18.45789909362792968750
                -53.17002868652343750000                 18.75000000000000000000                  0.24225842952728271484                 18.50774192810058593750
                -37.17002868652343750000                 20.75000000000000000000                  2.21514129638671875000                 18.53485870361328125000
                -21.17002868652343750000                 16.50000000000000000000                 -2.03904771804809570312                 18.53904724121093750000
                 -5.17002868652343750000                 17.43750000000000000000                 -1.08397984504699707031                 18.52148056030273437500
                 10.82997131347656250000                 18.68750000000000000000                  0.20293068885803222656                 18.48456954956054687500
                 26.82997131347656250000                 19.50000000000000000000                  1.06825876235961914062                 18.43174171447753906250
                 42.82997131347656250000                 18.31250000000000000000                 -0.05461749061942100525                 18.36711692810058593750
                 58.82997131347656250000                 18.06250000000000000000                 -0.23265686631202697754                 18.29515647888183593750
                 74.82997131347656250000                 18.56250000000000000000                  0.34221416711807250977                 18.22028541564941406250
                 90.82997131347656250000                 18.56250000000000000000                  0.41594675183296203613                 18.14655303955078125000
                106.82997131347656250000                 17.68750000000000000000                 -0.38983896374702453613                 18.07733917236328125000
                122.82997131347656250000                 17.81250000000000000000                 -0.20263637602329254150                 18.01513671875000000000
                138.82997131347656250000                 18.31250000000000000000                  0.35108068585395812988                 17.96142005920410156250
                154.82997131347656250000                 17.43750000000000000000                 -0.47909435629844665527                 17.91659355163574218750
                170.82997131347656250000                 17.00000000000000000000                 -0.88003098964691162109                 17.88003158569335937500
                186.82997131347656250000                 24.93750000000000000000                  7.08734226226806640625                 17.85015678405761718750
                202.82997131347656250000                 22.62500000000000000000                  4.80038976669311523438                 17.82460975646972656250
                218.82997131347656250000                 19.37500000000000000000                  1.57458114624023437500                 17.80041885375976562500
                234.82997131347656250000                 17.87500000000000000000                  0.10077742487192153931                 17.77422332763671875000
                250.82997131347656250000                 17.12500000000000000000                 -0.61750620603561401367                 17.74250602722167968750
                266.82997131347656250000                 17.50000000000000000000                 -0.20185121893882751465                 17.70185089111328125000
                282.82997131347656250000                 17.68750000000000000000                  0.03830401971936225891                 17.64919662475585937500
                298.82997131347656250000                 18.81250000000000000000                  1.23040413856506347656                 17.58209609985351562500
                314.82997131347656250000                 16.56250000000000000000                 -0.93646991252899169922                 17.49897003173828125000
                330.82997131347656250000                 16.93750000000000000000                 -0.46181392669677734375                 17.39931297302246093750
                346.82997131347656250000                 17.62500000000000000000                  0.34114193916320800781                 17.28385734558105468750
                362.82997131347656250000                 18.43750000000000000000                  1.28285706043243408203                 17.15464210510253906250
                378.82997131347656250000                 19.31250000000000000000                  2.29750537872314453125                 17.01499366760253906250
                394.82997131347656250000                 16.50000000000000000000                 -0.36938390135765075684                 16.86938476562500000000
                410.82997131347656250000                 17.43750000000000000000                  0.71432775259017944336                 16.72317314147949218750
                426.82997131347656250000                 16.06250000000000000000                 -0.51975536346435546875                 16.58225440979003906250
                442.82997131347656250000                 16.25000000000000000000                 -0.20263627171516418457                 16.45263671875000000000
                458.82997131347656250000                 17.50000000000000000000                  1.16003251075744628906                 16.33996772766113281250
                474.82997131347656250000                 15.18750000000000000000                 -1.06160974502563476562                 16.24910926818847656250
