18.0805276459823
18.1939662633872
18.2976380835143
18.3869140136884
18.4578988961179
18.5077415740059
18.5348586163919
18.5390478302564
18.5214798108763
18.4845693059723
18.4317412766727
18.3671174895273
18.2951568698801
18.2202858376421
18.1465532562582
18.0773389760324
18.01513637369
17.9614193242877
17.9165943698923
17.8800309753769
17.8501577172035
17.8246103865006
17.8004189021989
17.7742225733988
17.7425061894217
17.7018512139401
17.6491959784723
17.5820958955658
17.498969900132
17.399313926249
17.2838580671776
17.154642994894
17.0149945823443
16.8693839087503
16.7231722348283
16.58225533712
16.4526362726242
16.3399674736457
16.2491096936841
