-7.19062957353246
0.172889979074
-0.0742155711757846
-0.30315909000922
1.48801476578313
0.174073640394457
0.752501120818675
0.656197783899213
1.19147569727473
-1.33620254947645
0.00367010819860347
-1.60742464009978
-0.173694697934124
-1.25941832282087
-0.363635481422536
0.579799990520641
1.76430987478926
-0.490121946448106
1.82463375349797
-0.471140021126608
4.00406396450969
1.37973366016618
0.407872894849511
0.0253637079829225
-0.14584495055983
-0.17326919196609
-0.438225881228639
-1.69757586583795
0.792018024183269
0.0247239321830506
1.12099635576321
-0.484681442575878
-0.856268919534791
0.943675639664374
-0.0212946668261953
1.00062298681584
-0.300890699271072
0.451392986145697
-2.30300076501407
