               -133.17002868652343750000                  6.25000000000000000000                 -7.19062948226928710938                 13.44062995910644531250
               -117.17002868652343750000                 13.68750000000000000000                  0.17288997769355773926                 13.51461029052734375000
               -101.17002868652343750000                 13.50000000000000000000                 -0.07421556860208511353                 13.57421588897705078125
                -85.17002868652343750000                 13.31250000000000000000                 -0.30315908789634704590                 13.61565876007080078125
                -69.17002868652343750000                 15.12500000000000000000                  1.48801481723785400391                 13.63698482513427734375
                -53.17002868652343750000                 13.81250000000000000000                  0.17407363653182983398                 13.63842678070068359375
                -37.17002868652343750000                 14.37500000000000000000                  0.75250113010406494141                 13.62249851226806640625
                -21.17002868652343750000                 14.25000000000000000000                  0.65619778633117675781                 13.59380245208740234375
                 -5.17002868652343750000                 14.75000000000000000000                  1.19147574901580810547                 13.55852413177490234375
                 10.82997131347656250000                 12.18750000000000000000                 -1.33620250225067138672                 13.52370262145996093750
                 26.82997131347656250000                 13.50000000000000000000                  0.00367010827176272869                 13.49633026123046875000
                 42.82997131347656250000                 11.87500000000000000000                 -1.60742461681365966797                 13.48242473602294921875
                 58.82997131347656250000                 13.31250000000000000000                 -0.17369470000267028809                 13.48619461059570312500
                 74.82997131347656250000                 12.25000000000000000000                 -1.25941836833953857422                 13.50941848754882812500
                 90.82997131347656250000                 13.18750000000000000000                 -0.36363548040390014648                 13.55113506317138671875
                106.82997131347656250000                 14.18750000000000000000                  0.57980000972747802734                 13.60770034790039062500
                122.82997131347656250000                 15.43750000000000000000                  1.76430988311767578125                 13.67319011688232421875
                138.82997131347656250000                 13.25000000000000000000                 -0.49012196063995361328                 13.74012184143066406250
                154.82997131347656250000                 15.62500000000000000000                  1.82463371753692626953                 13.80036640167236328125
                170.82997131347656250000                 13.37500000000000000000                 -0.47114002704620361328                 13.84613990783691406250
                186.82997131347656250000                 17.87500000000000000000                  4.00406408309936523438                 13.87093639373779296875
                202.82997131347656250000                 15.25000000000000000000                  1.37973368167877197266                 13.87026596069335937500
                218.82997131347656250000                 14.25000000000000000000                  0.40787288546562194824                 13.84212684631347656250
                234.82997131347656250000                 13.81250000000000000000                  0.02536370791494846344                 13.78713607788085937500
                250.82997131347656250000                 13.56250000000000000000                 -0.14584495127201080322                 13.70834541320800781250
                266.82997131347656250000                 13.43750000000000000000                 -0.17326919734477996826                 13.61076927185058593750
                282.82997131347656250000                 13.06250000000000000000                 -0.43822589516639709473                 13.50072574615478515625
                298.82997131347656250000                 11.68750000000000000000                 -1.69757580757141113281                 13.38507556915283203125
                314.82997131347656250000                 14.06250000000000000000                  0.79201799631118774414                 13.27048206329345703125
                330.82997131347656250000                 13.18750000000000000000                  0.02472393214702606201                 13.16277599334716796875
                346.82997131347656250000                 14.18750000000000000000                  1.12099635601043701172                 13.06650352478027343750
                362.82997131347656250000                 12.50000000000000000000                 -0.48468145728111267090                 12.98468112945556640625
                378.82997131347656250000                 12.06250000000000000000                 -0.85626894235610961914                 12.91876888275146484375
                394.82997131347656250000                 13.81250000000000000000                  0.94367563724517822266                 12.86882400512695312500
                410.82997131347656250000                 12.81250000000000000000                 -0.02129466645419597626                 12.83379459381103515625
                426.82997131347656250000                 13.81250000000000000000                  1.00062298774719238281                 12.81187725067138671875
                442.82997131347656250000                 12.50000000000000000000                 -0.30089071393013000488                 12.80089092254638671875
                458.82997131347656250000                 13.25000000000000000000                  0.45139297842979431152                 12.79860687255859375000
                474.82997131347656250000                 10.50000000000000000000                 -2.30300068855285644531                 12.80300045013427734375
