0.917725067871178
0.914517833467848
0.910431928240445
0.905525678448114
0.900139522384495
0.894921491579782
0.890814935858858
0.889004262141088
0.890819775117573
0.897608434212364
0.910582648080455
0.930663297530889
0.958335337311177
0.993534163712401
1.03557836905917
1.08315980857344
1.13439566499342
1.18694021876199
1.23814722110125
1.28526798987879
1.32566630757159
1.35702934680157
1.37755433174417
1.38609331535681
1.38224291245287
1.3663714993193
1.33958260505272
1.30361930827031
1.26071981389248
1.21343853582029
1.16444961868388
1.11635072268118
1.07148405896042
1.03178924295607
0.998698814861526
0.973082665149955
0.955242591158467
0.94495333244858
0.941542206869239
