-0.230225067871178
0.0229821665321525
-0.0354319282404449
0.219474321551886
-0.0876395223844955
0.417578508420218
0.109185064141142
-0.139004262141088
0.546680224882427
-0.210108434212364
-0.0355826480804545
0.00683670246911106
0.229164662688823
-0.181034163712401
-0.098078369059168
0.22934019142656
-0.196895664993415
0.125559781238008
-0.113147221101246
-0.0352679898787878
1.04933369242841
0.205470653198429
0.434945668255834
0.0514066846431871
-0.0697429124528655
-0.741371499319301
0.0354173949472845
-0.303619308270312
0.239280186107518
0.224061464179711
0.273050381316119
-0.0538507226811755
-0.00898405896042354
-0.094289242956068
-0.436198814861526
-0.0355826651499546
0.107257408841533
-0.19495333244858
0.183457793130761
