               -133.17002868652343750000                  0.68750000000000000000                 -0.23022507131099700928                  0.91772508621215820312
               -117.17002868652343750000                  0.93750000000000000000                  0.02298216708004474640                  0.91451781988143920898
               -101.17002868652343750000                  0.87500000000000000000                 -0.03543192893266677856                  0.91043192148208618164
                -85.17002868652343750000                  1.12500000000000000000                  0.21947431564331054688                  0.90552568435668945312
                -69.17002868652343750000                  0.81250000000000000000                 -0.08763952553272247314                  0.90013951063156127930
                -53.17002868652343750000                  1.31250000000000000000                  0.41757851839065551758                  0.89492148160934448242
                -37.17002868652343750000                  1.00000000000000000000                  0.10918506234884262085                  0.89081496000289916992
                -21.17002868652343750000                  0.75000000000000000000                 -0.13900426030158996582                  0.88900429010391235352
                 -5.17002868652343750000                  1.43750000000000000000                  0.54668021202087402344                  0.89081978797912597656
                 10.82997131347656250000                  0.68750000000000000000                 -0.21010842919349670410                  0.89760845899581909180
                 26.82997131347656250000                  0.87500000000000000000                 -0.03558264672756195068                  0.91058266162872314453
                 42.82997131347656250000                  0.93750000000000000000                  0.00683670258149504662                  0.93066328763961791992
                 58.82997131347656250000                  1.18750000000000000000                  0.22916465997695922852                  0.95833534002304077148
                 74.82997131347656250000                  0.81250000000000000000                 -0.18103416264057159424                  0.99353414773941040039
                 90.82997131347656250000                  0.93750000000000000000                 -0.09807837009429931641                  1.03557837009429931641
                106.82997131347656250000                  1.31250000000000000000                  0.22934019565582275391                  1.08315980434417724609
                122.82997131347656250000                  0.93750000000000000000                 -0.19689565896987915039                  1.13439571857452392578
                138.82997131347656250000                  1.31250000000000000000                  0.12555977702140808105                  1.18694019317626953125
                154.82997131347656250000                  1.12500000000000000000                 -0.11314722150564193726                  1.23814725875854492188
                170.82997131347656250000                  1.25000000000000000000                 -0.03526799008250236511                  1.28526794910430908203
                186.82997131347656250000                  2.37500000000000000000                  1.04933369159698486328                  1.32566630840301513672
                202.82997131347656250000                  1.56250000000000000000                  0.20547065138816833496                  1.35702931880950927734
                218.82997131347656250000                  1.81250000000000000000                  0.43494567275047302246                  1.37755429744720458984
                234.82997131347656250000                  1.43750000000000000000                  0.05140668526291847229                  1.38609325885772705078
                250.82997131347656250000                  1.31250000000000000000                 -0.06974291056394577026                  1.38224291801452636719
                266.82997131347656250000                  0.62500000000000000000                 -0.74137151241302490234                  1.36637151241302490234
                282.82997131347656250000                  1.37500000000000000000                  0.03541739657521247864                  1.33958256244659423828
                298.82997131347656250000                  1.00000000000000000000                 -0.30361929535865783691                  1.30361926555633544922
                314.82997131347656250000                  1.50000000000000000000                  0.23928017914295196533                  1.26071977615356445312
                330.82997131347656250000                  1.43750000000000000000                  0.22406145930290222168                  1.21343851089477539062
                346.82997131347656250000                  1.43750000000000000000                  0.27305036783218383789                  1.16444957256317138672
                362.82997131347656250000                  1.06250000000000000000                 -0.05385072156786918640                  1.11635076999664306641
                378.82997131347656250000                  1.06250000000000000000                 -0.00898405909538269043                  1.07148408889770507812
                394.82997131347656250000                  0.93750000000000000000                 -0.09428924322128295898                  1.03178918361663818359
                410.82997131347656250000                  0.56250000000000000000                 -0.43619880080223083496                  0.99869883060455322266
                426.82997131347656250000                  0.93750000000000000000                 -0.03558266535401344299                  0.97308266162872314453
                442.82997131347656250000                  1.06250000000000000000                  0.10725741088390350342                  0.95524257421493530273
                458.82997131347656250000                  0.75000000000000000000                 -0.19495333731174468994                  0.94495332241058349609
                474.82997131347656250000                  1.12500000000000000000                  0.18345779180526733398                  0.94154220819473266602
