               -133.17002868652343750000                  0.87500000000000000000                 -0.85275155305862426758                  1.72775149345397949219
               -117.17002868652343750000                  2.00000000000000000000                  0.27282202243804931641                  1.72717797756195068359
               -101.17002868652343750000                  1.87500000000000000000                  0.14935562014579772949                  1.72564435005187988281
                -85.17002868652343750000                  1.43750000000000000000                 -0.28548020124435424805                  1.72298026084899902344
                -69.17002868652343750000                  1.43750000000000000000                 -0.28163564205169677734                  1.71913564205169677734
                -53.17002868652343750000                  2.31250000000000000000                  0.59828144311904907227                  1.71421861648559570312
                -37.17002868652343750000                  1.18750000000000000000                 -0.52102023363113403320                  1.70852029323577880859
                -21.17002868652343750000                  1.87500000000000000000                  0.17247621715068817139                  1.70252382755279541016
                 -5.17002868652343750000                  1.75000000000000000000                  0.05310810357332229614                  1.69689190387725830078
                 10.82997131347656250000                  1.50000000000000000000                 -0.19243152439594268799                  1.69243156909942626953
                 26.82997131347656250000                  1.93750000000000000000                  0.24746365845203399658                  1.69003629684448242188
                 42.82997131347656250000                  1.50000000000000000000                 -0.19061073660850524902                  1.69061076641082763672
                 58.82997131347656250000                  1.56250000000000000000                 -0.13248179852962493896                  1.69498181343078613281
                 74.82997131347656250000                  2.25000000000000000000                  0.54619204998016357422                  1.70380795001983642578
                 90.82997131347656250000                  2.12500000000000000000                  0.40750560164451599121                  1.71749436855316162109
                106.82997131347656250000                  1.68750000000000000000                 -0.04862521961331367493                  1.73612523078918457031
                122.82997131347656250000                  1.31250000000000000000                 -0.44692099094390869141                  1.75942099094390869141
                138.82997131347656250000                  1.75000000000000000000                 -0.03672803938388824463                  1.78672802448272705078
                154.82997131347656250000                  2.00000000000000000000                  0.18295776844024658203                  1.81704223155975341797
                170.82997131347656250000                  2.12500000000000000000                  0.27593401074409484863                  1.84906601905822753906
                186.82997131347656250000                  1.75000000000000000000                 -0.13129360973834991455                  1.88129365444183349609
                202.82997131347656250000                  1.62500000000000000000                 -0.28711664676666259766                  1.91211664676666259766
                218.82997131347656250000                  2.18750000000000000000                  0.24756102263927459717                  1.93993902206420898438
                234.82997131347656250000                  2.00000000000000000000                  0.03671008348464965820                  1.96328985691070556641
                250.82997131347656250000                  1.37500000000000000000                 -0.60592544078826904297                  1.98092544078826904297
                266.82997131347656250000                  2.31250000000000000000                  0.32059189677238464355                  1.99190807342529296875
                282.82997131347656250000                  2.00000000000000000000                  0.00433975690975785255                  1.99566018581390380859
                298.82997131347656250000                  2.12500000000000000000                  0.13301244378089904785                  1.99198758602142333984
                314.82997131347656250000                  1.87500000000000000000                 -0.10607419908046722412                  1.98107421398162841797
                330.82997131347656250000                  2.56250000000000000000                  0.59904748201370239258                  1.96345245838165283203
                346.82997131347656250000                  1.62500000000000000000                 -0.31495288014411926270                  1.93995285034179687500
                362.82997131347656250000                  1.25000000000000000000                 -0.66164022684097290039                  1.91164016723632812500
                378.82997131347656250000                  2.00000000000000000000                  0.12025681883096694946                  1.87974321842193603516
                394.82997131347656250000                  1.75000000000000000000                 -0.09558174759149551392                  1.84558176994323730469
                410.82997131347656250000                  2.12500000000000000000                  0.31450247764587402344                  1.81049752235412597656
                426.82997131347656250000                  1.81250000000000000000                  0.03671010211110115051                  1.77578985691070556641
                442.82997131347656250000                  1.87500000000000000000                  0.13234007358551025391                  1.74265992641448974609
                458.82997131347656250000                  1.31250000000000000000                 -0.39966320991516113281                  1.71216320991516113281
                474.82997131347656250000                  1.31250000000000000000                 -0.37267243862152099609                  1.68517243862152099609
