1.72775153838576
1.72717797751551
1.72564438367627
1.72298021107458
1.71913562931628
1.71421856503324
1.70852023761054
1.70252378404177
1.69689189769094
1.69243152172529
1.69003633648537
1.69061073586562
1.6949817938065
1.70380794845389
1.71749439570067
1.73612521849762
1.75942098613899
1.78672804004903
1.81704223568663
1.84906598709413
1.88129360350254
1.91211666107597
1.93993897453513
1.96328991521347
1.98092544161362
1.99190811718268
1.99566024286867
1.99198755352457
1.98107420037098
1.96345250246263
1.93995286775547
1.91164021154831
1.87974318236573
1.84558175032006
1.81049752734122
1.7757898996149
1.74265993270193
1.71216322286826
1.68517244724541
