5.74564074589923
5.72331683614809
5.70301480874679
5.68630191082236
5.67460389260627
5.66905887024528
5.67039295612486
5.67883487748225
5.69408249394573
5.71532757209789
5.74133731577382
5.77058319624136
5.801400855224
5.83216038159084
5.86142483761759
5.88807677551383
5.91139733232112
5.93108952331274
5.94724543014836
5.960264824443
5.97073919305165
5.9793232306741
5.98658522222803
5.99293804895551
5.9985250184893
6.00320872342951
6.00658122562308
6.00801960553956
6.00677387550946
6.00207469851968
5.99324662971262
5.97981271690802
5.96157805593473
5.93868293683478
5.9116200903135
5.88121477281451
5.84857055120497
5.81498724978864
5.78186026105346
