               -133.17002868652343750000                  4.06250000000000000000                 -1.68314075469970703125                  5.74564075469970703125
               -117.17002868652343750000                  5.93750000000000000000                  0.21418316662311553955                  5.72331666946411132812
               -101.17002868652343750000                  6.18750000000000000000                  0.48448517918586730957                  5.70301485061645507812
                -85.17002868652343750000                  6.00000000000000000000                  0.31369808316230773926                  5.68630170822143554688
                -69.17002868652343750000                  5.43750000000000000000                 -0.23710389435291290283                  5.67460393905639648438
                -53.17002868652343750000                  5.56250000000000000000                 -0.10655886679887771606                  5.66905879974365234375
                -37.17002868652343750000                  5.68750000000000000000                  0.01710704341530799866                  5.67039299011230468750
                -21.17002868652343750000                  5.25000000000000000000                 -0.42883488535881042480                  5.67883491516113281250
                 -5.17002868652343750000                  5.62500000000000000000                 -0.06908249109983444214                  5.69408226013183593750
                 10.82997131347656250000                  6.18750000000000000000                  0.47217243909835815430                  5.71532773971557617188
                 26.82997131347656250000                  6.93750000000000000000                  1.19616270065307617188                  5.74133729934692382812
                 42.82997131347656250000                  5.12500000000000000000                 -0.64558321237564086914                  5.77058315277099609375
                 58.82997131347656250000                  5.75000000000000000000                 -0.05140085518360137939                  5.80140066146850585938
                 74.82997131347656250000                  6.56250000000000000000                  0.73033964633941650391                  5.83216047286987304688
                 90.82997131347656250000                  5.62500000000000000000                 -0.23642483353614807129                  5.86142492294311523438
                106.82997131347656250000                  5.87500000000000000000                 -0.01307677570730447769                  5.88807678222656250000
                122.82997131347656250000                  6.31250000000000000000                  0.40110266208648681641                  5.91139745712280273438
                138.82997131347656250000                  6.00000000000000000000                  0.06891047954559326172                  5.93108940124511718750
                154.82997131347656250000                  5.50000000000000000000                 -0.44724541902542114258                  5.94724559783935546875
                170.82997131347656250000                  6.56250000000000000000                  0.60223519802093505859                  5.96026468276977539062
                186.82997131347656250000                 50.68750000000000000000                 44.71676254272460937500                  5.97073936462402343750
                202.82997131347656250000                 70.00000000000000000000                 64.02067565917968750000                  5.97932338714599609375
                218.82997131347656250000                  8.81250000000000000000                  2.82591485977172851562                  5.98658514022827148438
                234.82997131347656250000                  7.31250000000000000000                  1.31956195831298828125                  5.99293804168701171875
                250.82997131347656250000                  5.50000000000000000000                 -0.49852502346038818359                  5.99852514266967773438
                266.82997131347656250000                  6.37500000000000000000                  0.37179127335548400879                  6.00320863723754882812
                282.82997131347656250000                  5.93750000000000000000                 -0.06908122450113296509                  6.00658130645751953125
                298.82997131347656250000                  6.12500000000000000000                  0.11698039621114730835                  6.00801944732666015625
                314.82997131347656250000                  6.62500000000000000000                  0.61822611093521118164                  6.00677394866943359375
                330.82997131347656250000                  5.12500000000000000000                 -0.87707471847534179688                  6.00207471847534179688
                346.82997131347656250000                  6.06250000000000000000                  0.06925337016582489014                  5.99324655532836914062
                362.82997131347656250000                  5.31250000000000000000                 -0.66731274127960205078                  5.97981262207031250000
                378.82997131347656250000                  5.31250000000000000000                 -0.64907807111740112305                  5.96157789230346679688
                394.82997131347656250000                  6.00000000000000000000                  0.06131706386804580688                  5.93868303298950195312
                410.82997131347656250000                  7.00000000000000000000                  1.08837985992431640625                  5.91162014007568359375
                426.82997131347656250000                  6.68750000000000000000                  0.80628520250320434570                  5.88121461868286132812
                442.82997131347656250000                  6.25000000000000000000                  0.40142944455146789551                  5.84857034683227539062
                458.82997131347656250000                  4.87500000000000000000                 -0.93998724222183227539                  5.81498718261718750000
                474.82997131347656250000                  5.37500000000000000000                 -0.40686026215553283691                  5.78186035156250000000
