-1.85960100198859
0.372556291254977
1.34705828367585
1.19743233108356
0.555882088636639
0.177122843721761
0.937458729864337
0.521784657968404
1.86115479415308
-0.304012648258794
-0.422619625664863
1.05640880129611
1.87367702548601
-0.288668128861902
-1.36778578170026
-1.29414708736836
-1.30391723816868
-2.62730998353772
-1.6153645508371
-2.3674473818036
70.1408411685648
90.179749599576
4.0128543928305
-0.542210525672706
-3.05202962264651
-1.65458979308075
-1.87043483293255
-1.72549692075972
0.376582336780748
-0.217723549830395
-0.221714348464785
-0.343863757396845
1.21356611212338
0.317611550167487
0.84192553543953
1.54095328838854
1.86115496280615
0.876992823149758
-0.0856070921903909
