3.69787062159801
3.68864984370319
3.68468385557677
3.68671525329667
3.69520153876672
3.71032037298775
3.73201336702517
3.76005385420817
3.79411666243396
3.83382550852686
3.87875767264906
3.92839593745084
3.98203250974185
4.03864543015445
4.09678072710744
4.1544794822395
4.20928559686403
4.25835709192509
4.2986833897682
4.32738745472536
4.34207029356101
4.34114135240919
4.32407551217078
4.29154690714958
4.24541003313937
4.18852541717373
4.12445481211719
4.05707361462374
3.99016136149572
3.92703236837529
3.8702581669869
3.82151417546627
3.78155947324671
3.75033565653083
3.72715290986965
3.71092151149126
3.70038589403017
3.69432509368372
3.69169549120984
