1.76271244887809
1.76428280780819
1.76954260213452
1.77811323532527
1.78954210232999
1.80337343594818
1.81922006103675
1.8368253355205
1.85610502286552
1.87716099819413
1.90026237179464
1.9257943631209
1.95418037860111
1.98578740090607
2.02082814958209
2.0592748446086
2.10079841829329
2.14474370019223
2.1901458970254
2.23578743195278
2.2802879612646
2.32221526201084
2.36020161880846
2.39304990183068
2.4198157952312
2.43985715645511
2.45284737079621
2.45875565884541
2.45780242171194
2.45040092007039
2.43709735214754
2.4185197241621
2.39534230786977
2.36826784909496
2.33802509345865
2.30537562278237
2.27112215110085
2.23611058884862
2.20122016320993
