-0.450212448878089
0.0482171921918055
0.230457397865484
0.0343867646747256
-0.102042102329993
-0.240873435948182
0.618279938963252
0.0381746644794982
0.393894977134477
-0.189660998194127
0.349737628205358
-0.613294363120904
0.483319621398894
-0.0482874009060716
-0.0208281495820866
-0.746774844608604
0.524201581706707
-0.207243700192234
0.0598541029746045
-0.0482874319527808
-0.342787961264601
-0.259715262010845
0.20229838119154
0.169450098169319
0.0801842047687993
0.185142843544892
-0.64034737079621
0.603744341154594
-0.082802421711945
-0.200400920070387
-0.124597352147535
0.518980275837897
-0.207842307869774
0.819232150905035
0.974474906541352
0.257124377217634
0.0413778488991485
-0.0486105888486188
-0.513720163209929
