               -133.17002868652343750000                  1.31250000000000000000                 -0.45021244883537292480                  1.76271247863769531250
               -117.17002868652343750000                  1.81250000000000000000                  0.04821719229221343994                  1.76428282260894775391
               -101.17002868652343750000                  2.00000000000000000000                  0.23045739531517028809                  1.76954257488250732422
                -85.17002868652343750000                  1.81250000000000000000                  0.03438676521182060242                  1.77811324596405029297
                -69.17002868652343750000                  1.68750000000000000000                 -0.10204210132360458374                  1.78954207897186279297
                -53.17002868652343750000                  1.56250000000000000000                 -0.24087344110012054443                  1.80337345600128173828
                -37.17002868652343750000                  2.43750000000000000000                  0.61827993392944335938                  1.81922006607055664062
                -21.17002868652343750000                  1.87500000000000000000                  0.03817466273903846741                  1.83682537078857421875
                 -5.17002868652343750000                  2.25000000000000000000                  0.39389497041702270508                  1.85610496997833251953
                 10.82997131347656250000                  1.68750000000000000000                 -0.18966099619865417480                  1.87716102600097656250
                 26.82997131347656250000                  2.25000000000000000000                  0.34973761439323425293                  1.90026235580444335938
                 42.82997131347656250000                  1.31250000000000000000                 -0.61329436302185058594                  1.92579436302185058594
                 58.82997131347656250000                  2.43750000000000000000                  0.48331961035728454590                  1.95418035984039306641
                 74.82997131347656250000                  1.93750000000000000000                 -0.04828739911317825317                  1.98578739166259765625
                 90.82997131347656250000                  2.00000000000000000000                 -0.02082815021276473999                  2.02082824707031250000
                106.82997131347656250000                  1.31250000000000000000                 -0.74677485227584838867                  2.05927491188049316406
                122.82997131347656250000                  2.62500000000000000000                  0.52420157194137573242                  2.10079836845397949219
                138.82997131347656250000                  1.93750000000000000000                 -0.20724369585514068604                  2.14474368095397949219
                154.82997131347656250000                  2.25000000000000000000                  0.05985410138964653015                  2.19014596939086914062
                170.82997131347656250000                  2.18750000000000000000                 -0.04828743264079093933                  2.23578739166259765625
                186.82997131347656250000                  1.93750000000000000000                 -0.34278795123100280762                  2.28028798103332519531
                202.82997131347656250000                  2.06250000000000000000                 -0.25971525907516479492                  2.32221531867980957031
                218.82997131347656250000                  2.56250000000000000000                  0.20229838788509368896                  2.36020159721374511719
                234.82997131347656250000                  2.56250000000000000000                  0.16945010423660278320                  2.39304995536804199219
                250.82997131347656250000                  2.50000000000000000000                  0.08018420636653900146                  2.41981577873229980469
                266.82997131347656250000                  2.62500000000000000000                  0.18514284491539001465                  2.43985724449157714844
                282.82997131347656250000                  1.81250000000000000000                 -0.64034736156463623047                  2.45284748077392578125
                298.82997131347656250000                  3.06250000000000000000                  0.60374432802200317383                  2.45875573158264160156
                314.82997131347656250000                  2.37500000000000000000                 -0.08280242234468460083                  2.45780253410339355469
                330.82997131347656250000                  2.25000000000000000000                 -0.20040091872215270996                  2.45040082931518554688
                346.82997131347656250000                  2.31250000000000000000                 -0.12459735572338104248                  2.43709731101989746094
                362.82997131347656250000                  2.93750000000000000000                  0.51898026466369628906                  2.41851973533630371094
                378.82997131347656250000                  2.18750000000000000000                 -0.20784230530261993408                  2.39534235000610351562
                394.82997131347656250000                  3.18750000000000000000                  0.81923216581344604492                  2.36826777458190917969
                410.82997131347656250000                  3.31250000000000000000                  0.97447490692138671875                  2.33802509307861328125
                426.82997131347656250000                  2.56250000000000000000                  0.25712436437606811523                  2.30537557601928710938
                442.82997131347656250000                  2.31250000000000000000                  0.04137784987688064575                  2.27112221717834472656
                458.82997131347656250000                  2.18750000000000000000                 -0.04861059039831161499                  2.23611068725585937500
                474.82997131347656250000                  1.68750000000000000000                 -0.51372015476226806641                  2.20122027397155761719
