-1.43631195303069
1.47988934241468
0.967130145360646
0.333448876313976
0.947629705377667
1.17677814404811
1.01161479149662
1.37951188265678
0.957768056648588
1.04958029931585
0.835132989408399
-0.252311236121789
1.28704164663983
1.02018613045366
0.45657119253463
-0.264653280361644
-0.937931516904904
-0.667600626797901
-1.61958154147789
-1.64828667059844
62.4514735003485
78.3803147528101
3.3330424671891
-1.87699160238146
-1.63036210205767
-1.62588440432939
-0.504368704503179
-1.09698180621885
-0.8609271915553
0.43483581699063
-0.788865146788551
-0.170261565789953
0.0940348197439294
-0.188280839978018
0.419535619866751
0.670169511537516
0.131412692636689
1.62273248263236
-1.03563738210995
