               -133.17002868652343750000                  3.18750000000000000000                 -1.43631196022033691406                  4.62381172180175781250
               -117.17002868652343750000                  6.00000000000000000000                  1.47988939285278320312                  4.52011060714721679688
               -101.17002868652343750000                  5.37500000000000000000                  0.96713012456893920898                  4.40786981582641601562
                -85.17002868652343750000                  4.62500000000000000000                  0.33344888687133789062                  4.29155111312866210938
                -69.17002868652343750000                  5.12500000000000000000                  0.94762969017028808594                  4.17737007141113281250
                -53.17002868652343750000                  5.25000000000000000000                  1.17677819728851318359                  4.07322168350219726562
                -37.17002868652343750000                  5.00000000000000000000                  1.01161479949951171875                  3.98838520050048828125
                -21.17002868652343750000                  5.31250000000000000000                  1.37951183319091796875                  3.93298816680908203125
                 -5.17002868652343750000                  4.87500000000000000000                  0.95776808261871337891                  3.91723203659057617188
                 10.82997131347656250000                  5.00000000000000000000                  1.04958033561706542969                  3.95041966438293457031
                 26.82997131347656250000                  4.87500000000000000000                  0.83513301610946655273                  4.03986692428588867188
                 42.82997131347656250000                  3.93750000000000000000                 -0.25231122970581054688                  4.18981122970581054688
                 58.82997131347656250000                  5.68750000000000000000                  1.28704166412353515625                  4.40045833587646484375
                 74.82997131347656250000                  5.68750000000000000000                  1.02018618583679199219                  4.66731405258178710938
                 90.82997131347656250000                  5.43750000000000000000                  0.45657119154930114746                  4.98092889785766601562
                106.82997131347656250000                  5.06250000000000000000                 -0.26465326547622680664                  5.32715320587158203125
                122.82997131347656250000                  4.75000000000000000000                 -0.93793153762817382812                  5.68793153762817382812
                138.82997131347656250000                  5.37500000000000000000                 -0.66760063171386718750                  6.04260063171386718750
                154.82997131347656250000                  4.75000000000000000000                 -1.61958158016204833984                  6.36958169937133789062
                170.82997131347656250000                  5.00000000000000000000                 -1.64828670024871826172                  6.64828681945800781250
                186.82997131347656250000                 69.31250000000000000000                 62.45147323608398437500                  6.86102628707885742188
                202.82997131347656250000                 85.37500000000000000000                 78.38031768798828125000                  6.99468517303466796875
                218.82997131347656250000                 10.37500000000000000000                  3.33304238319396972656                  7.04195737838745117188
                234.82997131347656250000                  5.12500000000000000000                 -1.87699162960052490234                  7.00199174880981445312
                250.82997131347656250000                  5.25000000000000000000                 -1.63036215305328369141                  6.88036203384399414062
                266.82997131347656250000                  5.06250000000000000000                 -1.62588441371917724609                  6.68838453292846679688
                282.82997131347656250000                  5.93750000000000000000                 -0.50436872243881225586                  6.44186878204345703125
                298.82997131347656250000                  5.06250000000000000000                 -1.09698176383972167969                  6.15948200225830078125
                314.82997131347656250000                  5.00000000000000000000                 -0.86092716455459594727                  5.86092710494995117188
                330.82997131347656250000                  6.00000000000000000000                  0.43483582139015197754                  5.56516408920288085938
                346.82997131347656250000                  4.50000000000000000000                 -0.78886514902114868164                  5.28886508941650390625
                362.82997131347656250000                  4.87500000000000000000                 -0.17026156187057495117                  5.04526138305664062500
                378.82997131347656250000                  4.93750000000000000000                  0.09403482079505920410                  4.84346532821655273438
                394.82997131347656250000                  4.50000000000000000000                 -0.18828083574771881104                  4.68828105926513671875
                410.82997131347656250000                  5.00000000000000000000                  0.41953560709953308105                  4.58046436309814453125
                426.82997131347656250000                  5.18750000000000000000                  0.67016953229904174805                  4.51733064651489257812
                442.82997131347656250000                  4.62500000000000000000                  0.13141269981861114502                  4.49358749389648437500
                458.82997131347656250000                  6.12500000000000000000                  1.62273252010345458984                  4.50226736068725585938
                474.82997131347656250000                  3.50000000000000000000                 -1.03563737869262695312                  4.53563737869262695312
