4.62381195303069
4.52011065758532
4.40786985463935
4.29155112368602
4.17737029462233
4.07322185595189
3.98838520850338
3.93298811734322
3.91723194335141
3.95041970068415
4.0398670105916
4.18981123612179
4.40045835336017
4.66731386954634
4.98092880746537
5.32715328036164
5.6879315169049
6.0426006267979
6.36958154147789
6.64828667059844
6.86102649965146
6.99468524718993
7.0419575328109
7.00199160238146
6.88036210205767
6.68838440432939
6.44186870450318
6.15948180621885
5.8609271915553
5.56516418300937
5.28886514678855
5.04526156578995
4.84346518025607
4.68828083997802
4.58046438013325
4.51733048846248
4.49358730736331
4.50226751736764
4.53563738210995
