4.52106487182054
4.5495759084094
4.55156597199016
4.52509720966681
4.47177273591739
4.3970585850667
4.31012293723617
4.22314903572159
4.15015268612951
4.1054137778548
4.10170102883793
4.14851747370651
4.25061104538256
4.40697458831218
4.61050347848604
4.8483937242646
5.10326140224955
5.35486137762239
5.58219599148609
5.76574703538256
5.88954629231822
5.94282404818786
5.9210370329954
5.82616674136631
5.66628121947165
5.45445183705912
5.20719629611055
4.94266908285252
4.67883527977475
4.43184381977061
4.21476813653535
4.03681595917254
3.90303773045204
3.81449634747421
3.76880879521447
3.76093830313596
3.78410539462858
3.83069544427684
3.89306424669335
