-1.02106487182054
0.325424091590595
0.135934028009835
0.099902790333191
-0.471772735917385
-0.147058585066697
-0.435122937236169
1.02685096427841
0.287347313870494
0.644586222145199
-1.03920102883793
-0.211017473706506
0.561888954617437
-0.0944745883121776
0.451996521513959
-0.410893724264596
-0.353261402249549
-0.479861377622392
-1.01969599148609
-0.578247035382558
39.6729537076818
48.0571759518121
1.0164629670046
-0.576166741366311
-1.85378121947165
-0.891951837059123
-1.01969629611055
-0.192669082852523
-0.178835279774748
0.130656180229387
0.097731863464654
1.02568404082746
0.784462269547959
0.685503652525792
0.606191204785533
0.176561696864041
0.153394605371419
0.731804555723161
-0.39306424669335
