               -133.17002868652343750000                  6.06250000000000000000                 -4.13300132751464843750                 10.19550132751464843750
               -117.17002868652343750000                 10.18750000000000000000                 -0.15529729425907135010                 10.34279727935791015625
               -101.17002868652343750000                 11.06250000000000000000                  0.57578307390213012695                 10.48671722412109375000
                -85.17002868652343750000                  9.68750000000000000000                 -0.93253237009048461914                 10.62003231048583984375
                -69.17002868652343750000                 11.31250000000000000000                  0.57634890079498291016                 10.73615074157714843750
                -53.17002868652343750000                 10.93750000000000000000                  0.10777769982814788818                 10.82972240447998046875
                -37.17002868652343750000                 11.37500000000000000000                  0.47785979509353637695                 10.89714050292968750000
                -21.17002868652343750000                 10.93750000000000000000                  0.00061688176356256008                 10.93688297271728515625
                 -5.17002868652343750000                 14.68750000000000000000                  3.73785686492919921875                 10.94964313507080078125
                 10.82997131347656250000                 10.62500000000000000000                 -0.31322720646858215332                 10.93822765350341796875
                 26.82997131347656250000                 11.06250000000000000000                  0.15526053309440612793                 10.90723991394042968750
                 42.82997131347656250000                 12.31250000000000000000                  1.44992148876190185547                 10.86257839202880859375
                 58.82997131347656250000                  9.37500000000000000000                 -1.43580961227416992188                 10.81081008911132812500
                 74.82997131347656250000                 10.87500000000000000000                  0.11651736497879028320                 10.75848293304443359375
                 90.82997131347656250000                 10.06250000000000000000                 -0.64897167682647705078                 10.71147155761718750000
                106.82997131347656250000                  9.50000000000000000000                 -1.17440819740295410156                 10.67440795898437500000
                122.82997131347656250000                 10.93750000000000000000                  0.28723707795143127441                 10.65026283264160156250
                138.82997131347656250000                  9.87500000000000000000                 -0.76511245965957641602                 10.64011287689208984375
                154.82997131347656250000                 11.12500000000000000000                  0.48189523816108703613                 10.64310455322265625000
                170.82997131347656250000                 10.81250000000000000000                  0.15588703751564025879                 10.65661334991455078125
                186.82997131347656250000                 74.25000000000000000000                 63.57344818115234375000                 10.67655086517333984375
                202.82997131347656250000                 96.87500000000000000000                 86.17726898193359375000                 10.69773006439208984375
                218.82997131347656250000                 17.56250000000000000000                  6.84774732589721679688                 10.71475315093994140625
                234.82997131347656250000                 11.18750000000000000000                  0.46573209762573242188                 10.72176837921142578125
                250.82997131347656250000                  9.68750000000000000000                 -1.02624559402465820312                 10.71374511718750000000
                266.82997131347656250000                 10.50000000000000000000                 -0.18653167784214019775                 10.68653202056884765625
                282.82997131347656250000                 10.81250000000000000000                  0.17522847652435302734                 10.63727188110351562500
                298.82997131347656250000                 10.56250000000000000000                 -0.00214292434975504875                 10.56464290618896484375
                314.82997131347656250000                 10.62500000000000000000                  0.15603518486022949219                 10.46896457672119140625
                330.82997131347656250000                 10.62500000000000000000                  0.27282002568244934082                 10.35217952728271484375
                346.82997131347656250000                 10.18750000000000000000                 -0.03021804802119731903                 10.21771812438964843750
                362.82997131347656250000                  9.75000000000000000000                 -0.32025310397148132324                 10.07025337219238281250
                378.82997131347656250000                  9.62500000000000000000                 -0.29037606716156005859                  9.91537570953369140625
                394.82997131347656250000                 10.93750000000000000000                  1.17829179763793945312                  9.75920772552490234375
                410.82997131347656250000                 10.18750000000000000000                  0.57951414585113525391                  9.60798549652099609375
                426.82997131347656250000                  9.18750000000000000000                 -0.28014838695526123047                  9.46764850616455078125
                442.82997131347656250000                  9.18750000000000000000                 -0.15596124529838562012                  9.34346103668212890625
                458.82997131347656250000                  9.43750000000000000000                  0.19779802858829498291                  9.23970222473144531250
                474.82997131347656250000                  8.75000000000000000000                 -0.40943244099617004395                  9.15943241119384765625
