30.9934507241861
30.9735085275878
30.8942765699326
30.7567477197731
30.566467605392
30.3335110559031
30.0719976710986
29.7991466722435
29.5339262432749
29.2954078804383
29.1009844957343
28.9646445399277
28.8955063787421
28.8968027609498
28.9654629298398
29.0923724614831
29.2633055845079
29.4604329947353
29.6642241603285
29.855501357331
30.0173753461307
30.1368067820349
30.2055931651583
30.2206706224714
30.1837284640544
30.1002432804791
29.9781286238655
29.8262495981408
29.6530593113416
29.4655753724082
29.2688378644655
29.0658913109646
28.8582319027744
28.6465773035191
28.431765040662
28.2155748577761
28.0012998732578
27.7939524017378
27.6000686143995
