               -133.17002868652343750000                 16.43750000000000000000                -14.55595111846923828125                 30.99345016479492187500
               -117.17002868652343750000                 31.56250000000000000000                  0.58899146318435668945                 30.97350883483886718750
               -101.17002868652343750000                 34.68750000000000000000                  3.79322338104248046875                 30.89427566528320312500
                -85.17002868652343750000                 31.00000000000000000000                  0.24325227737426757812                 30.75674819946289062500
                -69.17002868652343750000                 30.87500000000000000000                  0.30853238701820373535                 30.56646728515625000000
                -53.17002868652343750000                 31.37500000000000000000                  1.04148888587951660156                 30.33351135253906250000
                -37.17002868652343750000                 29.25000000000000000000                 -0.82199764251708984375                 30.07199859619140625000
                -21.17002868652343750000                 27.06250000000000000000                 -2.73664665222167968750                 29.79914665222167968750
                 -5.17002868652343750000                 30.12500000000000000000                  0.59107375144958496094                 29.53392601013183593750
                 10.82997131347656250000                 28.75000000000000000000                 -0.54540789127349853516                 29.29540824890136718750
                 26.82997131347656250000                 29.50000000000000000000                  0.39901551604270935059                 29.10098457336425781250
                 42.82997131347656250000                 30.56250000000000000000                  1.59785544872283935547                 28.96464538574218750000
                 58.82997131347656250000                 28.00000000000000000000                 -0.89550638198852539062                 28.89550590515136718750
                 74.82997131347656250000                 29.75000000000000000000                  0.85319721698760986328                 28.89680290222167968750
                 90.82997131347656250000                 28.37500000000000000000                 -0.59046292304992675781                 28.96546363830566406250
                106.82997131347656250000                 28.81250000000000000000                 -0.27987244725227355957                 29.09237289428710937500
                122.82997131347656250000                 26.50000000000000000000                 -2.76330566406250000000                 29.26330566406250000000
                138.82997131347656250000                 29.87500000000000000000                  0.41456699371337890625                 29.46043205261230468750
                154.82997131347656250000                 29.25000000000000000000                 -0.41422414779663085938                 29.66422462463378906250
                170.82997131347656250000                 29.12500000000000000000                 -0.73050135374069213867                 29.85550117492675781250
                186.82997131347656250000                 53.68750000000000000000                 23.67012405395507812500                 30.01737594604492187500
                202.82997131347656250000                 51.37500000000000000000                 21.23819351196289062500                 30.13680648803710937500
                218.82997131347656250000                 32.75000000000000000000                  2.54440689086914062500                 30.20559310913085937500
                234.82997131347656250000                 30.56250000000000000000                  0.34182938933372497559                 30.22067070007324218750
                250.82997131347656250000                 30.93750000000000000000                  0.75377154350280761719                 30.18372917175292968750
                266.82997131347656250000                 29.56250000000000000000                 -0.53774327039718627930                 30.10024261474609375000
                282.82997131347656250000                 28.93750000000000000000                 -1.04062867164611816406                 29.97812843322753906250
                298.82997131347656250000                 29.18750000000000000000                 -0.63874959945678710938                 29.82625007629394531250
                314.82997131347656250000                 27.81250000000000000000                 -1.84055936336517333984                 29.65305900573730468750
                330.82997131347656250000                 28.87500000000000000000                 -0.59057539701461791992                 29.46557617187500000000
                346.82997131347656250000                 29.50000000000000000000                  0.23116213083267211914                 29.26883697509765625000
                362.82997131347656250000                 30.00000000000000000000                  0.93410867452621459961                 29.06589126586914062500
                378.82997131347656250000                 29.75000000000000000000                  0.89176809787750244141                 28.85823249816894531250
                394.82997131347656250000                 30.81250000000000000000                  2.16592264175415039062                 28.64657783508300781250
                410.82997131347656250000                 28.25000000000000000000                 -0.18176503479480743408                 28.43176460266113281250
                426.82997131347656250000                 27.62500000000000000000                 -0.59057486057281494141                 28.21557426452636718750
                442.82997131347656250000                 28.18750000000000000000                  0.18620012700557708740                 28.00130081176757812500
                458.82997131347656250000                 27.56250000000000000000                 -0.23145240545272827148                 27.79395294189453125000
                474.82997131347656250000                 24.18750000000000000000                 -3.41256856918334960938                 27.60006904602050781250
