-1.63596161606903
-0.388103614074114
0.738720651951011
0.493873682438364
0.0636925355650111
0.196601477149667
0.640797342998615
-0.418013462224165
-0.231357871741706
-0.487756532070834
-0.375039317620024
0.607252614630438
-0.539641228657046
-0.0638183820990741
0.0995726289700714
0.265550865142968
-0.0635062054296851
-0.823155356186009
0.112877918681779
0.495055363701025
2.44799022016655
0.658020767849681
-0.501622258581533
-0.283082942340462
-0.0636185676754875
-0.0953470891293655
-0.755037093656756
0.0810357756794997
0.5996542558371
0.425647883401222
0.0593166393892357
0.0638098378919292
-0.247516154916021
-0.186238437725556
-0.0639875317681544
0.18246563239013
0.116160920371603
-0.450063046065472
0.0464492637149077
