               -133.17002868652343750000                  1.87500000000000000000                 -1.63596165180206298828                  3.51096153259277343750
               -117.17002868652343750000                  3.12500000000000000000                 -0.38810360431671142578                  3.51310372352600097656
               -101.17002868652343750000                  4.25000000000000000000                  0.73872065544128417969                  3.51127934455871582031
                -85.17002868652343750000                  4.00000000000000000000                  0.49387368559837341309                  3.50612640380859375000
                -69.17002868652343750000                  3.56250000000000000000                  0.06369253247976303101                  3.49880743026733398438
                -53.17002868652343750000                  3.68750000000000000000                  0.19660148024559020996                  3.49089860916137695312
                -37.17002868652343750000                  4.12500000000000000000                  0.64079731702804565430                  3.48420262336730957031
                -21.17002868652343750000                  3.06250000000000000000                 -0.41801345348358154297                  3.48051357269287109375
                 -5.17002868652343750000                  3.25000000000000000000                 -0.23135787248611450195                  3.48135781288146972656
                 10.82997131347656250000                  3.00000000000000000000                 -0.48775652050971984863                  3.48775649070739746094
                 26.82997131347656250000                  3.12500000000000000000                 -0.37503930926322937012                  3.50003933906555175781
                 42.82997131347656250000                  4.12500000000000000000                  0.60725259780883789062                  3.51774740219116210938
                 58.82997131347656250000                  3.00000000000000000000                 -0.53964120149612426758                  3.53964114189147949219
                 74.82997131347656250000                  3.50000000000000000000                 -0.06381838023662567139                  3.56381845474243164062
                 90.82997131347656250000                  3.68750000000000000000                  0.09957262873649597168                  3.58792734146118164062
                106.82997131347656250000                  3.87500000000000000000                  0.26555085182189941406                  3.60944914817810058594
                122.82997131347656250000                  3.56250000000000000000                 -0.06350620836019515991                  3.62600612640380859375
                138.82997131347656250000                  2.81250000000000000000                 -0.82315534353256225586                  3.63565540313720703125
                154.82997131347656250000                  3.75000000000000000000                  0.11287792026996612549                  3.63712215423583984375
                170.82997131347656250000                  4.12500000000000000000                  0.49505537748336791992                  3.62994456291198730469
                186.82997131347656250000                  6.06250000000000000000                  2.44799017906188964844                  3.61450982093811035156
                202.82997131347656250000                  4.25000000000000000000                  0.65802079439163208008                  3.59197926521301269531
                218.82997131347656250000                  3.06250000000000000000                 -0.50162225961685180664                  3.56412220001220703125
                234.82997131347656250000                  3.25000000000000000000                 -0.28308293223381042480                  3.53308296203613281250
                250.82997131347656250000                  3.43750000000000000000                 -0.06361857056617736816                  3.50111865997314453125
                266.82997131347656250000                  3.37500000000000000000                 -0.09534709155559539795                  3.47034716606140136719
                282.82997131347656250000                  2.68750000000000000000                 -0.75503706932067871094                  3.44253706932067871094
                298.82997131347656250000                  3.50000000000000000000                  0.08103577792644500732                  3.41896414756774902344
                314.82997131347656250000                  4.00000000000000000000                  0.59965425729751586914                  3.40034580230712890625
                330.82997131347656250000                  3.81250000000000000000                  0.42564788460731506348                  3.38685202598571777344
                346.82997131347656250000                  3.43750000000000000000                  0.05931663885712623596                  3.37818336486816406250
                362.82997131347656250000                  3.43750000000000000000                  0.06380983442068099976                  3.37369012832641601562
                378.82997131347656250000                  3.12500000000000000000                 -0.24751615524291992188                  3.37251615524291992188
                394.82997131347656250000                  3.18750000000000000000                 -0.18623843789100646973                  3.37373852729797363281
                410.82997131347656250000                  3.31250000000000000000                 -0.06398753076791763306                  3.37648749351501464844
                426.82997131347656250000                  3.56250000000000000000                  0.18246562778949737549                  3.38003444671630859375
                442.82997131347656250000                  3.50000000000000000000                  0.11616092175245285034                  3.38383913040161132812
                458.82997131347656250000                  2.93750000000000000000                 -0.45006304979324340820                  3.38756299018859863281
                474.82997131347656250000                  3.43750000000000000000                  0.04644926264882087708                  3.39105081558227539062
