3.51096161606903
3.51310361407411
3.51127934804899
3.50612631756164
3.49880746443499
3.49089852285033
3.48420265700138
3.48051346222417
3.48135787174171
3.48775653207083
3.50003931762002
3.51774738536956
3.53964122865705
3.56381838209907
3.58792737102993
3.60944913485703
3.62600620542969
3.63565535618601
3.63712208131822
3.62994463629898
3.61450977983345
3.59197923215032
3.56412225858153
3.53308294234046
3.50111856767549
3.47034708912937
3.44253709365676
3.4189642243205
3.4003457441629
3.38685211659878
3.37818336061076
3.37369016210807
3.37251615491602
3.37373843772556
3.37648753176815
3.38003436760987
3.3838390796284
3.38756304606547
3.39105073628509
