8.08847424623554
8.13747011186467
8.17797400245362
8.2072064980852
8.22243187191876
8.22115176611641
8.20133363699253
8.16165870543216
8.10176626479697
8.02246475897729
7.92587660569798
7.8154846468096
7.69605417519081
7.57341575495296
7.45410963893338
7.34491072173715
7.25227117794209
7.18173341026856
7.13737597088125
7.12135761300243
7.13361848116393
7.17187615573172
7.23128614477015
7.30572356037936
7.38739016466175
7.46795970225488
7.5392311263765
7.59386372681306
7.62602305496097
7.63187105499438
7.60985306378002
7.56075885070041
7.48756117765792
7.39505992211536
7.28937952487453
7.17738018759654
7.06604778790873
6.9619240417311
6.87062822983657
