-4.96347424623554
0.112529888135334
0.259525997546383
0.292793501914799
-1.34743187191876
-0.97115176611641
-1.63883363699253
0.338341294567844
1.89823373520303
0.102535241022709
-0.738376605697985
0.1220153531904
0.616445824809189
-0.323415754952961
1.54589036106662
-0.782410721737149
1.74772882205791
-0.619233410268555
0.112624029118748
-0.433857613002426
82.1788815188361
117.140623844268
12.4562138552299
1.56927643962064
-0.387390164661748
1.78204029774512
-0.226731126376497
0.593636273186939
0.186476945039029
0.243128945005624
0.577646936219978
-0.435758850700409
-0.11256117765792
-1.39505992211536
0.0231204751254728
1.07261981240346
0.808952212091272
-0.649424041731096
-1.68312822983657
