               -133.17002868652343750000                  3.12500000000000000000                 -4.96347427368164062500                  8.08847427368164062500
               -117.17002868652343750000                  8.25000000000000000000                  0.11252988874912261963                  8.13747024536132812500
               -101.17002868652343750000                  8.43750000000000000000                  0.25952598452568054199                  8.17797374725341796875
                -85.17002868652343750000                  8.50000000000000000000                  0.29279351234436035156                  8.20720672607421875000
                -69.17002868652343750000                  6.87500000000000000000                 -1.34743189811706542969                  8.22243213653564453125
                -53.17002868652343750000                  7.25000000000000000000                 -0.97115176916122436523                  8.22115135192871093750
                -37.17002868652343750000                  6.56250000000000000000                 -1.63883364200592041016                  8.20133399963378906250
                -21.17002868652343750000                  8.50000000000000000000                  0.33834129571914672852                  8.16165828704833984375
                 -5.17002868652343750000                 10.00000000000000000000                  1.89823377132415771484                  8.10176658630371093750
                 10.82997131347656250000                  8.12500000000000000000                  0.10253524035215377808                  8.02246475219726562500
                 26.82997131347656250000                  7.18750000000000000000                 -0.73837661743164062500                  7.92587661743164062500
                 42.82997131347656250000                  7.93750000000000000000                  0.12201534956693649292                  7.81548452377319335938
                 58.82997131347656250000                  8.31250000000000000000                  0.61644583940505981445                  7.69605398178100585938
                 74.82997131347656250000                  7.25000000000000000000                 -0.32341575622558593750                  7.57341575622558593750
                 90.82997131347656250000                  9.00000000000000000000                  1.54589033126831054688                  7.45410966873168945312
                106.82997131347656250000                  6.56250000000000000000                 -0.78241074085235595703                  7.34491062164306640625
                122.82997131347656250000                  9.00000000000000000000                  1.74772882461547851562                  7.25227117538452148438
                138.82997131347656250000                  6.56250000000000000000                 -0.61923342943191528320                  7.18173360824584960938
                154.82997131347656250000                  7.25000000000000000000                  0.11262402683496475220                  7.13737583160400390625
                170.82997131347656250000                  6.68750000000000000000                 -0.43385761976242065430                  7.12135744094848632812
                186.82997131347656250000                 89.31250000000000000000                 82.17887878417968750000                  7.13361835479736328125
                202.82997131347656250000                124.31250000000000000000                117.14062500000000000000                  7.17187595367431640625
                218.82997131347656250000                 19.68750000000000000000                 12.45621395111083984375                  7.23128604888916015625
                234.82997131347656250000                  8.87500000000000000000                  1.56927645206451416016                  7.30572366714477539062
                250.82997131347656250000                  7.00000000000000000000                 -0.38739016652107238770                  7.38739013671875000000
                266.82997131347656250000                  9.25000000000000000000                  1.78204023838043212891                  7.46795988082885742188
                282.82997131347656250000                  7.31250000000000000000                 -0.22673112154006958008                  7.53923130035400390625
                298.82997131347656250000                  8.18750000000000000000                  0.59363627433776855469                  7.59386396408081054688
                314.82997131347656250000                  7.81250000000000000000                  0.18647694587707519531                  7.62602329254150390625
                330.82997131347656250000                  7.87500000000000000000                  0.24312894046306610107                  7.63187122344970703125
                346.82997131347656250000                  8.18750000000000000000                  0.57764691114425659180                  7.60985326766967773438
                362.82997131347656250000                  7.12500000000000000000                 -0.43575885891914367676                  7.56075906753540039062
                378.82997131347656250000                  7.37500000000000000000                 -0.11256118118762969971                  7.48756122589111328125
                394.82997131347656250000                  6.00000000000000000000                 -1.39505994319915771484                  7.39506006240844726562
                410.82997131347656250000                  7.31250000000000000000                  0.02312047593295574188                  7.28937959671020507812
                426.82997131347656250000                  8.25000000000000000000                  1.07261979579925537109                  7.17738008499145507812
                442.82997131347656250000                  7.87500000000000000000                  0.80895221233367919922                  7.06604766845703125000
                458.82997131347656250000                  6.31250000000000000000                 -0.64942401647567749023                  6.96192407608032226562
                474.82997131347656250000                  5.18750000000000000000                 -1.68312823772430419922                  6.87062835693359375000
