5.52369860245778
5.99768727233081
6.45386932046842
6.8649999658214
7.20845989700129
7.46897084571837
7.6406239983291
7.72789146485993
7.74539976139617
7.71639744167986
7.67002754024881
7.63769383849693
7.64895986123716
7.72751459453733
7.88775962603625
8.13251015212593
8.45216196404587
8.82547667647075
9.22190789106092
9.60516793641212
9.93755465451257
10.1844502188977
10.3183867846732
10.3221489085613
10.1905361828749
9.93061420867461
9.56050276135146
9.10695043407904
8.60209433882232
8.07988157266739
7.57262979293375
7.10813478693397
6.70761186944175
6.38461038731846
6.14489297521673
5.98714634747199
5.90430406726585
5.88522081969193
5.91644054054675
