-0.821786181021298
0.13095710136738
0.0283040562606982
-0.255356640190986
0.028795294353493
0.191550493050634
-0.019232589883167
0.0190239114147783
0.303811182574969
-0.16724811984642
-0.0836799109581483
-0.321961045625481
-0.0703667772228058
0.421118305176446
0.0283143581339731
-0.122217614124934
-0.0283116448055271
0.0626095820435495
0.0283040975564743
-0.191032483779232
0.657002685533364
0.386825109492686
0.312222236913092
-0.00372205342666554
-0.186134101727447
-0.173292146750204
0.0334865057756433
0.244997508256325
-0.22817736666495
-0.0754944868884712
0.576212959536327
0.225368105129078
-0.316754037976608
-0.113473134047461
-0.0401919497838281
0.0280777648077313
0.21665953081174
0.463636072528206
-0.105236860989312
