19.135514603562
19.1562870282441
19.2058824408484
19.2860769044729
19.3969949122789
19.5369859527936
19.7026528878561
19.8890345416756
20.0899262110291
20.2983049244975
20.5068138084765
20.7082537539945
20.8960315472076
21.0645213416942
21.2093093191683
21.3273073369984
21.4167377261965
21.4770058217819
21.5084875474957
21.512265573592
21.4898492306385
21.4429181305328
21.3730689053113
21.2817322417236
21.1700307703667
21.0388264456321
20.8888086657716
20.7206602827534
20.5352746493315
20.3339961785972
20.1188511448484
19.8927328538043
19.6595070295615
19.4240099929841
19.1919238074884
18.9695279193271
18.7633438769718
18.579705832035
18.4243019541717
