-7.32301460356203
-0.281287028244094
-0.205882440848356
0.588923095527075
-0.334494912278881
-1.03698595279364
0.609847112143946
-0.389034541675599
4.28507378897092
0.201695075502485
-0.694313808476462
-0.0832537539944838
1.41646845279242
0.935478658305804
-0.021809319168316
0.922692663001641
-0.916737726196544
-1.10200582178187
0.0540124525043097
-0.324765573592046
74.1351507693615
114.057081869467
12.7519310946887
0.843267758276365
0.204969229633253
-2.1638264456321
-3.70130866577156
0.216839717246582
-1.03527464933148
-0.271496178597204
1.06864885515159
-0.205232853804272
0.965492970438486
1.01349000701585
0.183076192511596
-1.21952791932712
0.424156123028219
-0.204705832035
-4.6743019541717
