15.7715241471288
16.6760540783309
17.6011026322665
18.5024382782557
19.3396090280573
20.0799930794003
20.7019876413102
21.1968508884573
21.5688816779696
21.8338574324754
22.0159176994404
22.1433351726122
22.243811346034
22.3400313050557
22.4461875345899
22.5660334566694
22.6927746698776
22.8107916219701
22.8988678132563
22.9343322535706
22.8973650744258
22.774693085197
22.5620234452591
22.2648060174176
21.8972316666661
21.4797031508726
21.0352933919329
20.5858797669705
20.1486812703315
19.7338244095008
19.3433478020078
18.9717709115164
18.6080571297841
18.2385526935134
17.850325614021
17.434287100576
16.9875519022192
16.514661216521
16.0275138555418
