-3.30956139527962
2.01874845189098
-0.110367806142124
-1.25531545335235
0.589128093042124
-0.071028900999428
-0.729427891158005
-1.00484856005552
0.358298589428076
0.364527685952535
0.954429749554187
0.629460903978105
-0.110608992999051
-0.892580634116898
0.717945652292723
-0.0330327859991897
-1.02493926888273
-1.32460203363833
0.501742806203415
-0.111120289727072
63.8979313019113
103.028893867562
11.0963540403769
0.91544080377834
0.302928919153691
-0.0488855909789798
-0.947557856078854
-1.63854862988945
-0.430767956896393
0.240446251855797
0.250465399133395
0.785164677893535
0.528402060190125
0.0996905974258553
0.429552213001916
-0.489979153260018
-1.35475447645104
-0.110367816733898
-0.9515412522218
