               -133.17002868652343750000                  5.56250000000000000000                 -3.30956149101257324219                  8.87206172943115234375
               -117.17002868652343750000                 11.00000000000000000000                  2.01874852180480957031                  8.98125171661376953125
               -101.17002868652343750000                  9.00000000000000000000                 -0.11036780476570129395                  9.11036777496337890625
                -85.17002868652343750000                  8.00000000000000000000                 -1.25531542301177978516                  9.25531578063964843750
                -69.17002868652343750000                 10.00000000000000000000                  0.58912807703018188477                  9.41087150573730468750
                -53.17002868652343750000                  9.50000000000000000000                 -0.07102890312671661377                  9.57102870941162109375
                -37.17002868652343750000                  9.00000000000000000000                 -0.72942787408828735352                  9.72942829132080078125
                -21.17002868652343750000                  8.87500000000000000000                 -1.00484859943389892578                  9.87984848022460937500
                 -5.17002868652343750000                 10.37500000000000000000                  0.35829859972000122070                 10.01670169830322265625
                 10.82997131347656250000                 10.50000000000000000000                  0.36452767252922058105                 10.13547229766845703125
                 26.82997131347656250000                 11.18750000000000000000                  0.95442974567413330078                 10.23307037353515625000
                 42.82997131347656250000                 10.93750000000000000000                  0.62946093082427978516                 10.30803871154785156250
                 58.82997131347656250000                 10.25000000000000000000                 -0.11060899496078491211                 10.36060905456542968750
                 74.82997131347656250000                  9.50000000000000000000                 -0.89258062839508056641                 10.39258098602294921875
                 90.82997131347656250000                 11.12500000000000000000                  0.71794563531875610352                 10.40705394744873046875
                106.82997131347656250000                 10.37500000000000000000                 -0.03303278610110282898                 10.40803241729736328125
                122.82997131347656250000                  9.37500000000000000000                 -1.02493929862976074219                 10.39993953704833984375
                138.82997131347656250000                  9.06250000000000000000                 -1.32460200786590576172                 10.38710212707519531250
                154.82997131347656250000                 10.87500000000000000000                  0.50174278020858764648                 10.37325763702392578125
                170.82997131347656250000                 10.25000000000000000000                 -0.11112029105424880981                 10.36112022399902343750
                186.82997131347656250000                 74.25000000000000000000                 63.89793014526367187500                 10.35206890106201171875
                202.82997131347656250000                113.37500000000000000000                103.02889251708984375000                 10.34610652923583984375
                218.82997131347656250000                 21.43750000000000000000                 11.09635448455810546875                 10.34114551544189453125
                234.82997131347656250000                 11.25000000000000000000                  0.91544079780578613281                 10.33455944061279296875
                250.82997131347656250000                 10.62500000000000000000                  0.30292892456054687500                 10.32207107543945312500
                266.82997131347656250000                 10.25000000000000000000                 -0.04888559132814407349                 10.29888534545898437500
                282.82997131347656250000                  9.31250000000000000000                 -0.94755786657333374023                 10.26005744934082031250
                298.82997131347656250000                  8.56250000000000000000                 -1.63854861259460449219                 10.20104885101318359375
                314.82997131347656250000                  9.68750000000000000000                 -0.43076795339584350586                 10.11826801300048828125
                330.82997131347656250000                 10.25000000000000000000                  0.24044625461101531982                 10.00955390930175781250
                346.82997131347656250000                 10.12500000000000000000                  0.25046539306640625000                  9.87453460693359375000
                362.82997131347656250000                 10.50000000000000000000                  0.78516465425491333008                  9.71483516693115234375
                378.82997131347656250000                 10.06250000000000000000                  0.52840203046798706055                  9.53409767150878906250
                394.82997131347656250000                  9.43750000000000000000                  0.09969059377908706665                  9.33780956268310546875
                410.82997131347656250000                  9.56250000000000000000                  0.42955222725868225098                  9.13294792175292968750
                426.82997131347656250000                  8.43750000000000000000                 -0.48997914791107177734                  8.92747879028320312500
                442.82997131347656250000                  7.37500000000000000000                 -1.35475444793701171875                  8.72975444793701171875
                458.82997131347656250000                  8.43750000000000000000                 -0.11036781966686248779                  8.54786777496337890625
                474.82997131347656250000                  7.43750000000000000000                 -0.95154124498367309570                  8.38904094696044921875
