1.38568074434693
1.46988750063881
1.5489867466344
1.61858499663496
1.675270859765
1.71702043411241
1.74345765217984
1.75592411433458
1.75733612801974
1.7518353737946
1.74426979176346
1.73956818880994
1.74209105350713
1.75504740099178
1.78006112023628
1.81695045959761
1.86375355614939
1.91699598578018
1.97215924896011
2.02427827862602
2.06857692894956
2.10104645068618
2.11888391878216
2.1207332421055
2.10670598508669
2.07819636140186
2.03753764800112
1.98757011832814
1.93119971567581
1.87102116309811
1.80906096251658
1.74666902541183
1.68455810164206
1.62296347890902
1.56187635287899
1.50129568618142
1.44144587369171
1.38291951785985
1.32672284598041
