-0.510680744346933
-0.0948875006388059
-0.236486746634405
0.256415003365042
0.262229140234998
-0.342020434112412
0.0690423478201598
0.119075885665422
-0.132336128019741
0.123164626205396
0.130730208236538
0.697931811190061
-0.0545910535071279
-0.255047400991784
-0.0925611202362822
-0.629450459597609
-0.301253556149385
-0.0419959857801833
0.340340751039887
-0.524278278626025
10.2439230710504
11.6489535493138
0.256116081217845
0.0667667578945035
-0.106705985086695
-0.0156963614018557
-0.287537648001122
-0.30007011832814
0.131300284324195
0.253978836901887
0.190939037483424
0.0658309745881671
-0.122058101642061
-0.247963478909015
0.188123647121007
0.0612043138185816
0.371054126308295
0.0545804821401474
-0.576722845980406
