               -133.17002868652343750000                  0.87500000000000000000                 -0.51068073511123657227                  1.38568079471588134766
               -117.17002868652343750000                  1.37500000000000000000                 -0.09488750249147415161                  1.46988749504089355469
               -101.17002868652343750000                  1.31250000000000000000                 -0.23648674786090850830                  1.54898679256439208984
                -85.17002868652343750000                  1.87500000000000000000                  0.25641500949859619141                  1.61858499050140380859
                -69.17002868652343750000                  1.93750000000000000000                  0.26222914457321166992                  1.67527091503143310547
                -53.17002868652343750000                  1.37500000000000000000                 -0.34202042222023010254                  1.71702039241790771484
                -37.17002868652343750000                  1.81250000000000000000                  0.06904234737157821655                  1.74345767498016357422
                -21.17002868652343750000                  1.87500000000000000000                  0.11907588690519332886                  1.75592410564422607422
                 -5.17002868652343750000                  1.62500000000000000000                 -0.13233612477779388428                  1.75733613967895507812
                 10.82997131347656250000                  1.87500000000000000000                  0.12316462397575378418                  1.75183534622192382812
                 26.82997131347656250000                  1.87500000000000000000                  0.13073021173477172852                  1.74426984786987304688
                 42.82997131347656250000                  2.43750000000000000000                  0.69793182611465454102                  1.73956823348999023438
                 58.82997131347656250000                  1.68750000000000000000                 -0.05459105223417282104                  1.74209105968475341797
                 74.82997131347656250000                  1.50000000000000000000                 -0.25504741072654724121                  1.75504744052886962891
                 90.82997131347656250000                  1.68750000000000000000                 -0.09256111830472946167                  1.78006112575531005859
                106.82997131347656250000                  1.18750000000000000000                 -0.62945044040679931641                  1.81695044040679931641
                122.82997131347656250000                  1.56250000000000000000                 -0.30125355720520019531                  1.86375355720520019531
                138.82997131347656250000                  1.87500000000000000000                 -0.04199598729610443115                  1.91699600219726562500
                154.82997131347656250000                  2.31250000000000000000                  0.34034076333045959473                  1.97215926647186279297
                170.82997131347656250000                  1.50000000000000000000                 -0.52427828311920166016                  2.02427816390991210938
                186.82997131347656250000                 12.31250000000000000000                 10.24392318725585937500                  2.06857681274414062500
                202.82997131347656250000                 13.75000000000000000000                 11.64895343780517578125                  2.10104656219482421875
                218.82997131347656250000                  2.37500000000000000000                  0.25611609220504760742                  2.11888384819030761719
                234.82997131347656250000                  2.18750000000000000000                  0.06676676124334335327                  2.12073326110839843750
                250.82997131347656250000                  2.00000000000000000000                 -0.10670598596334457397                  2.10670590400695800781
                266.82997131347656250000                  2.06250000000000000000                 -0.01569636166095733643                  2.07819628715515136719
                282.82997131347656250000                  1.75000000000000000000                 -0.28753763437271118164                  2.03753757476806640625
                298.82997131347656250000                  1.68750000000000000000                 -0.30007010698318481445                  1.98757016658782958984
                314.82997131347656250000                  2.06250000000000000000                  0.13130028545856475830                  1.93119966983795166016
                330.82997131347656250000                  2.12500000000000000000                  0.25397884845733642578                  1.87102115154266357422
                346.82997131347656250000                  2.00000000000000000000                  0.19093903899192810059                  1.80906093120574951172
                362.82997131347656250000                  1.81250000000000000000                  0.06583097577095031738                  1.74666905403137207031
                378.82997131347656250000                  1.56250000000000000000                 -0.12205810099840164185                  1.68455815315246582031
                394.82997131347656250000                  1.37500000000000000000                 -0.24796347320079803467                  1.62296342849731445312
                410.82997131347656250000                  1.75000000000000000000                  0.18812364339828491211                  1.56187629699707031250
                426.82997131347656250000                  1.56250000000000000000                  0.06120431423187255859                  1.50129568576812744141
                442.82997131347656250000                  1.81250000000000000000                  0.37105411291122436523                  1.44144582748413085938
                458.82997131347656250000                  1.43750000000000000000                  0.05458048358559608459                  1.38291954994201660156
                474.82997131347656250000                  0.75000000000000000000                 -0.57672286033630371094                  1.32672286033630371094
