5.34371671934387
5.27842307295216
5.20998633355921
5.14183249051073
5.0774347454125
5.0200413209282
4.97242343410475
4.93667101209124
4.91405760866897
4.90498686177549
4.90902216106715
4.92499067167946
4.95114412251778
4.98535308343885
5.02530950463389
5.0687140694472
5.11342978239483
5.15759008396082
5.19965735509992
5.23843471152747
5.27303953586082
5.30283871845872
5.32744284553455
5.34652031408867
5.35986169811843
5.36728247923884
5.36862019900316
5.36374288894281
5.35257824861113
5.33515818239298
5.31167105716795
5.28251261925557
5.24832611407336
5.21002294407791
5.16877722552316
5.12599073234173
5.08322860989915
5.04213038117091
5.00430452195566
