-2.53121671934387
0.409076927047844
-0.39748633355921
2.10816750948927
-0.702434745412503
0.2299586790718
-0.909923434104749
-0.0616710120912387
-0.851557608668967
-0.342486861775486
0.590977838932852
-0.362490671679463
1.11135587748222
0.327146916561154
0.474690495366109
0.868785930552796
-0.238429782394833
-0.220090083960822
-0.199657355099919
-0.363434711527469
64.6019604641392
86.8846612815413
5.92255715446545
0.153479685911334
-0.484861698118435
0.570217520761163
-0.556120199003161
0.511257111057185
-0.790078248611128
-0.335158182392983
-0.0616710571679473
0.154987380744427
0.314173885926638
0.539977055922092
-0.106277225523161
0.0615092676582707
0.479271390100847
-0.854630381170908
-0.379304521955657
