4.53120761713596
4.86036184832207
5.15708866599
5.40475306208985
5.59178657931378
5.71311787458956
5.77090763153413
5.77444825663759
5.73919087433546
5.68497637760057
5.63365793152058
5.60639317643566
5.62094122894486
5.68931246743977
5.8160840420806
5.99761404857966
6.22227223525246
6.47167061757508
6.7227427004883
6.95040510007785
7.1304576395659
7.24234940569511
7.27146307486585
7.21064380186901
7.06080995310061
6.83061299584374
6.53524233020032
6.19457819455995
5.83096682184679
5.46691846606877
5.12301036218591
4.81622014299945
4.55883328224977
4.35797613881585
4.21573932587181
4.12978678241408
4.09430184707059
4.10110531654237
4.14078953376537
