-20.0315639627693
-0.493323931519917
1.20072836718973
0.861697840660078
-3.20354322404144
3.24566903767315
1.19743146763842
-0.423578005603943
-1.12915120495633
-1.05307602687083
0.863053651680694
-0.379046466238712
1.60346635468261
-2.1135321198357
-0.262614378473344
-0.574502298663795
-0.655695690469479
-0.866151336310566
1.42839187900324
-0.0826907105207439
32.5319779782275
34.571280649204
-0.859317894398913
-0.470331132569825
-1.78529270811567
-1.26270640608779
0.269154193823134
0.864209295642752
-0.66547280905705
-1.87484792983363
0.125358130616824
-0.208460364020311
-0.292934514849279
1.76699024848929
1.0505140450863
-2.43097552307712
1.26494822993898
-0.86349213968878
-6.1991564268682
