44.9690639627693
45.0558239315199
45.1117716328103
45.1383021593399
45.1410432240414
45.1293309623269
45.1150685323616
45.1110780056039
45.1291512049563
45.1780760268708
45.2619463483193
45.3790464662387
45.5215336453174
45.6760321198357
45.8251143784733
45.9495022986638
46.0306956904695
46.0536513363106
46.0091081209968
45.8951907105207
45.7180220217725
45.491219350796
45.2343178943989
44.9703311325698
44.7227927081157
44.5127064060878
44.3558458061769
44.2607907043572
44.2279728090571
44.2498479298336
44.3121418693832
44.3959603640203
44.4804345148493
44.5455097515107
44.5744859549137
44.5559755230771
44.485051770061
44.3634921396888
44.1991564268682
