27.2129699744906
27.2589186892385
27.3198274153449
27.3959012541735
27.4864281920926
27.5897670837829
27.7034068710093
27.8240873132085
27.9479654610351
28.0708094086507
28.1882016888304
28.2957383482147
28.3892149027822
28.4647953585528
28.5191637750461
28.5496585268231
28.5543874404571
28.5323182370957
28.4833347848392
28.4082474079316
28.3087464608228
28.1872733661606
28.0469512501578
27.8911698252542
27.7235454618528
27.547589585902
27.3665366740401
27.1832207553335
27.0000382445939
26.8189999878752
26.641858751485
26.4702835077824
26.3060419486471
26.1511499215297
26.0079516926584
25.8791072052267
25.7674794704555
25.6759336230643
25.6070754805088
