-9.46296997449058
-0.258918689238488
-0.632327415344914
0.979098745826494
-0.673928192092568
0.285232916217055
-3.51590687100935
-0.32408731320853
4.36453453896493
0.429190591349322
1.5617983111696
-2.23323834821474
0.11078509721785
-0.0272953585528448
-1.95666377504611
1.45034147317688
0.258112559542923
-0.594818237095669
1.26666521516079
-1.09574740793165
64.1912535391772
112.125226633839
25.8280487498422
2.0463301747458
-1.72354546185283
-1.29758958590202
0.133463325959905
-0.245720755333529
-0.500038244593863
-0.256499987875181
1.17064124851504
2.90471649221757
1.00645805135289
-2.65114992152972
-1.32045169265835
0.308392794773276
-0.0799794704555126
0.199066376935654
-5.98207548050881
