24.3037129243552
24.8725694470118
25.4337337771839
25.9629219192211
26.440548167262
26.853675691862
27.197161876802
27.4738062338311
27.6934454021426
27.8710952146856
28.0243895215369
28.1706835708801
28.3242538222411
28.4940215917892
28.682151790862
28.8837400664114
29.087623815431
29.278165417438
29.4376933936142
29.5491794974929
29.5986978009247
29.5772622855923
29.4817628951959
29.3148925737471
29.0841458302251
28.800136218728
28.4745938565024
28.1184440360248
27.7403288339551
27.3458262284187
26.9374698294188
26.515508941361
26.0792061439025
25.6283746799209
25.1648262472881
24.6934332217854
24.2225967852352
23.7640330833243
23.3319179259522
